0.6047536006240355
0.6176198844100297
0.6198665075488099
0.6553175912405976
0.6384833186736874
0.6769195811009948
0.6401217545761171
0.6890587621941712
0.6779216465497743
0.6658746353591176
0.7134653354084433
0.6668015943614026
0.6649059836683
0.6099410661309785
0.758356443177183
0.6882830841015136
0.6902162785648106
0.6527404896357805
0.6888917910095702
0.6513430619789025
0.7059451215808229
0.6704256318535841
0.7274248463072148
0.6628167133205031
0.6263680493900168
0.6454397327429489
0.6656614750329053
0.6556069821117426
0.6734785385367945
0.6810777962793834
0.7091151851665987
0.6984658167602934
0.6714222385393478
0.6901675202920564
0.6647795798898729
0.6688877134308527
0.6493410457063485
0.7171159129291476
0.6857985697526289
0.6806939536915788
0.695910047659104
0.6593769394973832
0.7369197690044429
0.6640508033911671
0.6995366327482344
0.7051035719304595
0.6641169849687276
0.6673527145216438
0.6653991612669546
0.6651343325800672
0.6451147432735852
0.7123593384007105
0.6359863182246116
0.6137591106456122
0.7040025426630347
0.7725488546092382
0.7123319647905983
0.7684493419104867
0.7725062254622149
0.7123214731930192
0.6684712739391503
0.7168912198330862
0.6761089520287171
0.6832074491675862
0.7190341536022705
0.6863067617793207
0.6463614069817688
0.6695327459638651
0.631269598723175
0.6231510688769765
0.6608433532085941
0.6375426912721245
0.6416802764811302
0.6463099264134379
0.6202317263890013
0.6406001384903421
0.6669415492895967
0.6389772382599997
0.7700828560259174
0.6268151705582601
0.6640854226752402
0.6385749903581136
0.6382326164305738
0.6206046573794364
0.5904737705504502
0.598573843583388
0.6059395821448532
0.6261419394221275
0.5827381182554481
0.601735130356268
0.706538641994523
0.6745783358299227
0.6594532610865834
0.6996348767422826
0.6455861470929429
0.6976146490300972
0.7249729444990508
0.624936008045559
0.6097877346403193
0.6485967031742591
0.6354640501247195
0.6843443447809925
0.6364336022875905
0.653213486409386
0.6637536859208392
0.5853502762842815
0.6073664033687187
0.6629858329746598
0.6814862652455231
0.6889096963374736
0.6424020225045955
0.690431174992502
0.6790659367446856
0.6412028094561149
0.6983966936654635
0.5828590917359443
0.6378048823374587
0.6110902347212694
0.6844020250440487
0.6530554828780432
0.6093652118234935
0.6210937089930901
0.6530717903393116
0.6496917924715544
0.6834873975915841
0.6837494244111018
0.6467784174550505
0.663074540520953
0.730603052737691
0.6531818081631906
0.6699646734135415
0.5740444392958223
0.6844092561461078
0.6902811182577511
0.7256510484529324
0.6754071599179632
0.7386000536514071
0.7118516849363714
0.6869708335845736
0.6711169523860806
0.6829201339456222
0.735916811378367
0.6725222903554712
0.6876808834285344
0.6333565684716951
0.6862146472480148
0.7327390319091293
0.7418851198978689
0.7199808564101311
0.7439679373051038
0.6295491439636405
0.6974225531394925
0.7171585330482485
0.6537097925147418
0.6755778368317129
0.6746686647339252
0.6643120801636339
0.6338050038501457
0.7234391205485964
0.6838552567558872
0.7338473491416789
0.739834727589196
0.672809321590546
0.6867369151695497
0.6646505390225214
0.6770420084623644
0.7038319100968367
0.8159904867167614
0.6585593128614161
0.5948941236201654
0.714717057731032
0.7374043819609004
0.6311689815115346
0.6943487086834766
0.7166288896538041
0.6912785748721297
0.6987698952725719
0.7148187836888957
0.6787712354711318
0.658355565467787
0.689301431078493
0.6888932086189943
0.6813330181992293
0.6933175650862762
0.6594446161931983
0.6885814613079767
0.6871219775949492
0.7037079353944085
0.6776451424412584
0.669720905644706
0.6588672219643623
0.6647361410254489
0.60946335329758
0.6027413507463533
0.5799204657388337
0.6071764475793314
0.7295510068838637
0.6511122776060797
0.7521338168025509
0.7174934295522997
0.7186392669188115
0.7017227834668477
0.7094160608118474
0.7270358050749799
0.7087355003844568
0.7144573541413134
0.63826974764403
0.7225899945324649
0.7142798294441632
0.6040178383303652
0.6840385251325122
0.7165387171423496
0.6242988809209568
0.632975275732853
0.7172369811213606
0.7041122424921887
0.7131800734602689
0.7136549285748716
0.7294511745795559
0.7055311934060102
0.7047393118651397
0.6826764048395434
0.6870000404988367
0.6861702816494778
0.6755910398244278
0.677044488767092
0.6787629400398947
0.7191859905716415
0.6422678176337637
0.6580210173419546
0.7308809545155671
0.6565976965826865
0.7320088769381228
0.7456318913469413
0.6982975631111462
0.6920078213814547
0.6985830084213369
0.6605410299160377
0.6763334124905461
0.704155581282564
0.6875188512271629
0.7337830767921009
0.7444513449629835
0.6699509978478823
0.6990519850197509
0.6641341969994468
0.743722888098821
0.7070346788974565
0.6964574330195079
0.6953516964941949
0.6834885190281378
0.6633595384458763
0.7211201528168657
0.8007221805048212
0.7228226802821123
0.7703734213879068
0.7154959645066676
0.7462848018111046
0.7240014969429864
0.7456804664620919
0.7716876963591033
0.7271900948363368
0.6470537368386712
0.6461659796950927
0.7648079431199215
0.7676073653645671
0.7178323097504903
0.6933843784706714
0.7240038578390334
0.6408568359366152
0.7116744573534175
0.6933121111020107
0.6633506042660143
0.6431480172949472
0.6845028231964001
0.719420078254033
0.6298092194700793
0.7148048325660736
0.7406248700959328
0.7047767728624156
0.7098863243671679
0.6942160904162833
0.708158322391121
0.7205529906745283
0.6669569939919631
0.7142482811743404
0.714256911834304
0.6426681140957311
0.6364460819264194
0.6872947877139962
0.6534734218995496
0.7025008820394169
0.7291660950952809
0.6503443763451282
0.6193720217641772
0.6056914538671244
0.6913845303803549
0.7062732925961981
0.6859937642868454
0.6813614608251357
0.7026947431606088
0.7267092909609332
0.6752109569291467
0.6893462944837805
0.633854958433901
0.7079966472787084
0.6926555656346011
0.6868956270627754
0.7064009941549294
0.663155162974968
0.7047129359428037
0.6580513261643842
0.71018740373173
0.6652147644780296
0.6395395048886872
0.680954695296629
0.6747660274791891
0.682698081022254
0.719393587044506
0.6925357888426803
0.6932208981604068
0.7147823266780923
0.807601851404132
0.7192148352179087
0.7042490900922068
0.7051239097589704
0.6711297441386707
0.6898771457258596
0.6631283478382526
0.7185320807638212
0.6382589746995616
0.7238180320184243
0.6986055374277675
0.7108499309542263
0.7081931744133806
0.7242708099598689
0.6873152707535017
0.6949717484417179
0.7630396643554279
0.715136942806603
0.6819050201454723
0.6919299188598594
0.7589375237382149
0.6607231936634737
0.710155447659317
0.6716426981400485
0.6977326437856096
0.7078522768200614
0.736238132656061
0.6657474831243632
0.5983761656380766
0.7025290222181363
0.7108168691621634
0.6587317244813378
0.6650353437186589
0.6732669872127246
0.6889775747534866
0.6635776697639119
0.6885173036182267
0.6725926790210058
0.715790243804834
0.7148262337059192
0.7099765101849995
0.6777321618895554
0.703191817313407
0.6856258476714422
0.7099935545011702
0.7271988524580545
0.6686030743438173
0.6892220036832137
0.6736627898622347
0.7184963149817252
0.666274795148875
0.6342949287282391
0.7019113146671663
0.7177185900953552
0.6730153118481421
0.6856576519924393
0.6853237670491192
0.6852784948680123
0.652916143770888
0.6859633430752249
0.665854071198458
0.7100375060664045
0.6979877673076125
0.7220743122260124
0.6996277179241706
0.6750985873935142
0.7065209481341106
0.6832804187616652
0.6800678949072654
0.7141338916828284
0.6348012157568526
0.6924031671985811
0.6578852755212151
0.7014305988669904
0.6801643616100547
0.6502796877615162
0.6545532239753554
0.7091345583633838
0.6869149123566105
0.6729723016311793
0.6140294036543466
0.6700309857010976
0.6918430486591819
0.6663957894450332
0.6307701859802761
0.6420528146161519
0.6625431843538164
0.6991303332829075
0.6490770600332556
0.66773281950591
0.6442505922277537
0.6793150210969894
0.66603663905806
0.6821417699546657
0.6442665739080725
0.7544168298942174
0.7468942135620855
0.7238950459910336
0.7109238084929381
0.7245852403597974
0.6934669019423022
0.6626238567900411
0.6538177421487678
0.6812980763413261
0.6894541746670444
0.6307454009932726
0.6909364453793204
0.6491448204633379
0.7094709669095246
0.7627104748142209
0.7266982547068005
0.77637703493676
0.7833592821396105
0.6984847253248033
0.6680889696328962
0.6833198588874613
0.6329564805385488
0.6737339028381909
0.6349430694272608
0.6811905705907079
0.6485604990216486
0.6583027981028635
0.6182206386599601
0.640020175935742
0.6920899124035332
0.641001320342453
0.6700146439913219
0.6623999091878103
0.6008288446768163
0.6761657905013704
0.6973010769724571
0.6116377759188402
0.6293992385662878
0.6264132858068079
0.610626547168023
0.6326384510077303
0.6665084575617516
0.6949023698543
0.6682173418015077
0.6321350990228244
0.662793722382534
0.675814489482688
0.6382172681566204
0.6267479168742149
0.6737925375243199
0.6136755102709688
0.6859790523300414
0.6628437039517346
0.6519299570491115
0.6838782055434914
0.6705094542379302
0.6450188859731184
0.6676052443634124
0.6578075150189706
0.6758507788766719
0.58451878142631
0.6277036625369905
0.6618917488873439
0.6290791989003722
0.6580346368201072
0.6605314708262294
0.655289871580737
0.6742274888564427
0.7208286180192426
0.6720286914838515
0.6545713927393525
0.6877002277036208
0.6459584838048259
0.6431445054004349
0.6408971071360352
0.6649410435945646
0.7604389854970846
0.7037737233366064
0.7164395316123595
0.716284165997438
0.7381860105518093
0.66102821075452
0.6255584706350532
0.6453851598686084
0.6909910638244129
0.6775690823395485
0.6602672685176645
0.6485372260569147
0.6739490898339131
0.7041827233496302
0.5570039868517187
0.6262510283029804
0.5665085528376655
0.6717220832233533
0.6447099575679535
0.6685136930822749
0.6236052544603894
0.6280364728219056
0.653582878084349
0.6620163532788929
0.6256268669490254
0.724681367510111
0.6239946116956351
0.7316368341074683
0.7607280121438362
0.6741724800456587
0.6540831887909544
0.6520189700642438
0.6027497450878366
0.6826635281757247
0.6670905380872674
0.6417365933281187
0.7458997346231123
0.7109988995349887
0.6747566196904323
0.666680658528361
0.7005193702912876
0.6145639209048849
0.7035442848105473
0.6279835754684977
0.6579009750695852
0.7001791870990807
0.6903001623902003
0.6988565623997725
0.6852338885448401
0.7369902117161987
0.7003792405617034
0.670267926503449
0.6553913362781277
0.7287123632084606
0.6180578537001077
0.6489136295807656
0.714855951215602
0.6766999666036849
0.6368376412883843
0.6480593898053307
0.7326288490193648
0.7143048478230044
0.7488334620848189
0.7113435553559161
0.6629011575220597
0.6486197739383673
0.6737523874926309
0.6759952935468904
0.6581257579373487
0.6519394192491674
0.6313403654171318
0.6854623777779725
0.6608437815438035
0.6902346963849687
0.6866596982770394
0.7416926735452992
0.7183561860023172
0.7064389860892613
0.7428678846377706
0.7699371807124827
0.717407632857494
0.6868623753776222
0.7310579705388466
0.6341807746091411
0.6316754686386092
0.6750148165146788
0.5983970515446435
0.6531214572418036
0.7649047783260429
0.6959773285328494
0.708588085229131
0.6963162954001089
0.6975869720962596
0.6359759564610936
0.6027276023706937
0.6851779970381943
0.7172796453064331
0.6890631951004583
0.7831203941919406
0.7209973594334622
0.7051595949104827
0.6715966901838818
0.7022535011080161
0.706902342204527
0.6914048143335741
0.6673951894986543
0.6784653726909455
0.7274877847358383
0.7159742035533896
0.694740151997419
0.7084960247632595
0.7082965281353663
0.6510819428878425
0.719738232860414
0.6650243828398723
0.6867254434570442
0.652105838710634
0.6859858904694398
0.6679502335639887
0.7105446220513008
0.7125972951975033
0.6973541301595523
0.6510819428878425
0.7082437311591447
0.6658509705674588
0.6911798518699207
0.6698868916482329
0.743981535220102
0.7085892899889646
0.6743814155081977
0.6975162811783462
0.6969439435853803
0.6679910406710718
0.6922587685372646
0.6976814906586287
0.6784223858917506
0.7607977420219779
0.6643523645387479
0.7475991144822484
0.6173305747720474
0.68985860553121
0.618316432575583
0.6999078681333067
0.628640966222948
0.6967563169178201
0.6773595313284749
0.6410830680728907
0.7216040071418486
0.7238958155788575
0.7108002793592593
0.7146481645537697
0.7848620317186613
0.7125536021665447
0.6628389739587808
0.636568811137563
0.6927993180534491
0.6740081561141743
0.7083376227523943
0.6756308556034786
0.6517866428944866
0.6827038247427162
0.6586983173051805
0.7123447056492653
0.6396138238483167
0.6951075429812282
0.6587109203004546
0.6582786544796281
0.6688594333260066
0.6959438416842156
0.6864695328997997
0.6860396815390328
0.724494413165119
0.6504694408399445
0.6555217326858338
0.710662392016195
0.677564407962912
0.6873491965603609
0.6684422984957729
0.6419264732792241
0.6861048675523866
0.6857259605021844
0.7003624431627183
0.6943015521612338
0.6890853255849899
0.6971551183432688
0.6710890763298826
0.6363684067987947
0.6433753869987491
0.6085344808106236
0.6627404412556227
0.6543059257529962
0.669207072366905
0.6486354029655975
0.6691441916442306
0.6984748859464901
0.7119156544392362
0.6760069265007195
0.6943803134096734
0.6839059435704254
0.7076411133780147
0.6819675126098222
0.7054710138170458
0.6619504425938777
0.6783629489019853
0.6382762142676126
0.6605336356040481
0.669603227628142
0.6330856086579564
0.6025363745967639
0.6648721987337367
0.6726578082954466
0.712149432913143
0.6263334444560122
0.6404490774175164
0.6921739395880087
0.7052295150852926
0.7117048615475485
0.6719844995167996
0.685839550223778
0.7533649452351894
0.6614324395727292
0.6808730039717917
0.6212242571883554
0.6413009329911707
0.6875965421539018
0.7002045394375581
0.7345062863898805
0.6946908918361286
0.6680772221208837
0.6944640894890682
0.681395024903828
0.6967149004457169
0.6854353558635391
0.6497127614866376
0.6226362937126496
0.6578424186704431
0.7093838258696499
0.6925327159478185
0.6700708492345032
0.6907648481379609
0.682294786408256
0.6723644996348305
0.6491042114397519
0.6275174723245169
0.6445377812970831
0.6535074083353166
0.7069940725407852
0.6436161318346015
0.654052448704674
0.6313403654171318
0.649498379539294
0.6771379037606073
0.67508655258767
0.6635932674860384
0.6391223788379536
0.620665003712532
0.611780232695724
0.6524082216108288
0.6193254979009553
0.652937043746987
0.6907982963574374
0.6723401623195591
0.6662526709306246
0.6233619936226872
0.7117693158262934
0.6644283325416891
0.628533408262103
0.6248891181000579
0.6102946925331817
0.6271877415851207
0.6882210043528607
0.7354461427613656
0.7073769485953161
0.6517946179020794
0.6008371740447229
0.6895177165573104
0.6807326641521143
0.697966556366273
0.6956500543274609
0.6930361353979387
0.7105279227216977
0.6945152654096033
0.678608002018001
0.718137996007991
0.7366655885591109
0.6626316483579471
0.7716526529499664
0.7610811697632934
0.7408068859436167
0.6821287922348918
0.6772738055788486
0.7056108654107881
0.697030385360631
0.6555586496048895
0.6272687319061426
0.7043443931025531
0.6804713459601537
0.7368293490845329
0.6998372317449277
0.7069188910406579
0.705845288532091
0.662416011422535
0.6629281201601941
0.6926226820200064
0.7721003190035072
0.7732156788427058
0.7581551813020355
0.7266491513347391
0.694624135077774
0.6774666287317621
0.6657042234963032
0.6722286132799135
0.7173660258699608
0.6854267196432416
0.6984611505844124
0.6674260672630593
0.6893536536776063
0.7019389847201747
0.5883949942536432
0.6613941344356719
0.7127753425320478
0.6020150686672705
0.6389580806896684
0.7111100968861698
0.7309994713372583
0.6847443663255425
0.6945812626244765
0.6957798229413211
0.6781571692096308
0.658969606413558
0.63689246293706
0.6597936560300159
0.6749767919649272
0.6941986681662827
0.7111810062370397
0.6509050065265384
0.6697031742057696
0.7255350920201324
0.6460664624302884
0.6781076172061773
0.6776703663316833
0.6691263881245704
0.6745453225628286
0.691839725028264
0.6802735868362737
0.6756493464240939
0.7051423850210395
0.6698498502143801
0.6622009577474034
0.6816010422048
0.6521233138331117
0.6776594098828334
0.7151910137816894
0.6586964519489119
0.6658830620693732
0.6458722822143387
0.6444182523702645
0.6387867186049262
0.6535993834369074
0.677093560912586
0.649199380110657
0.640265524328498
0.6881537647523812
0.607756546317494
0.6158934911300796
0.6101806598406984
0.6974551380114002
0.6990406327788083
0.6150068244888514
0.68058764410705
0.6462792914541172
0.6243890258199564
0.6827605613860607
0.6687045339797661
0.6462792914541172
0.6391100359965021
0.6432143305676155
0.5862231406256861
0.7033265695376247
0.7062311673562184
0.6638654159907684
0.66280516653083
0.6754575759564558
0.6656234823461008
0.6805256076979032
0.6072922319770623
0.6738397375158124
0.6796584728535494
0.669521922230789
0.647480599900163
0.6408923799077961
0.6801862331922609
0.6634191871329824
0.6703365683815543
0.6212351242071873
0.7097666384077843
0.621337309806391
0.647206576301516
0.6630894564246734
0.662179624581165
0.6618412108988653
0.6395141063703109
0.6615414365598038
0.6574825388924161
0.6178418908062558
0.6883049087983798
0.6311188191701412
0.6575891003729021
0.6649010445506096
0.7001597562079087
0.674594696307725
0.7092227038009281
0.6316488727066121
0.6567163074763479
0.671063533273532
0.6630317117262092
0.6446598454349937
0.6398467392333168
0.6446154035373515
0.6397356820319489
0.6395268378630194
0.6463188912165909
0.7241257622078234
0.6913134014994368
0.6976819219078778
0.664378307009979
0.7023627470194711
0.7205176256683493
0.6684066811304125
0.5869810769711027
0.6030182259856129
0.6397952145315027
0.682840918167313
0.6817553729744409
0.7271912664053399
0.7058975100642197
0.7365287525335275
0.6815025853852612
0.6709778350798329
0.7020260395931314
0.7069879152265862
0.6887991973192286
0.7141883688778832
0.6998429339545826
0.6093513533762057
0.7016607901900563
0.6996137313766739
0.6744142008922592
0.6891665753909704
0.6638390599609307
0.6896565468614029
0.6823714305735079
0.643860438683049
0.6485906994829197
0.6591115765311889
0.6711266926920285
0.6698289725748641
0.7063127660651678
0.6175123536311995
0.7127672127730471
0.6804650550827342
0.5596175052209852
0.681629209172593
0.6906020737756523
0.6785122991942373
0.6477214855457532
0.6678049889987471
0.6905723805550581
0.5939773465549082
0.6964398960844612
0.6237636823088016
0.6377375317356827
0.6425361487115818
0.6869831731678879
0.6620878949416493
0.6629846032314479
0.6833610574310275
0.6564750685068894
0.6792138270097869
0.6687519683679188
0.6578325769275735
0.6851037060004599
0.6585517592454028
0.6576946530393565
0.672329916640759
0.6141425559371805
0.6903276147521394
0.6378285102011141
0.6843574059148944
0.6451023286294416
0.6985839073404689
0.6774939119658927
0.6795237012185233
0.6467194527058239
0.7117083270688642
0.6567292533584048
0.663295995393551
0.6673008449469542
0.6241152735020998
0.6876847349508368
0.6575790038426833
0.6548488777159313
0.6867783408464376
0.6992473923030319
0.63990772946378
0.679394240885308
0.77188102775929
0.6438782241641939
0.6167846449609714
0.7149397392529665
0.6599598310558422
0.7657234579471968
0.6714416090090038
0.6930740743964817
0.7629950607322251
0.7418677356319309
0.7239644539843735
0.7373742076340948
0.7385472166327055
0.7153822700854268
0.625856611543354
0.6689529013193019
0.7224238380113082
0.6232293660224077
0.669634878328432
0.7532164427160044
0.7479570332805959
0.7315325031053016
0.7015525604370716
0.7068165568087696
0.6876932963679836
0.7154327278690273
0.7124921290499722
0.5976883597281988
0.734055169578451
0.6956665874172627
0.7156459091890683
0.7183777167184328
0.6162425390535061
0.7145051373649214
0.6934822109382291
0.6382796119832905
0.6644005661753506
0.6213513164924167
0.6812105656649959
0.7983284089693666
0.6504514705132275
0.6962139774613244
0.6637122335638228
0.669908545090011
0.6908216416641239
0.6553998918033123
0.6839174733526812
0.7146836144986856
0.6859365104289966
0.6962953049131448
0.6608264908655621
0.6752972937843532
0.686119696578441
0.6954385921387576
0.6720881192405166
0.6485641199927256
0.7552787187149363
0.7088285281774012
0.6824484033092052
0.6292817055022869
0.70778958062072
0.6481339506153476
0.6800685725744795
0.6669456231838303
0.6684593278548364
0.6890051213835846
0.6943961429491531
0.6631297538605514
0.6932165623209964
0.6594212668095064
0.715089650155012
0.6581502721412558
0.6963023764789793
0.6796442541591053
0.6634650154999002
0.68241021359204
0.6707107315725441
0.6508806428142493
0.6199786731795948
0.7020142507979789
0.691688388821016
0.7282894545118718
0.6725496088504421
0.7163915730036898
0.639288416307483
0.6952056298727091
0.6966987444411666
0.6572846013784435
0.6154612694899732
0.6905225371387215
0.6700276184425512
0.636472095240122
0.7321780788755912
0.6533750116103108
0.6522507834902893
0.7758584335641271
0.71334046444616
0.6939895161519161
0.693564384021047
0.6761875233070658
0.7378897120892417
0.6997863683851853
0.6708063537683179
0.7185564094542684
0.7098899078997313
0.6994299566712961
0.688197551735218
0.708885352810576
0.7166410126735031
0.7019251651685925
0.7499826947029476
0.6898646408839989
0.6742643791374529
0.6964681768076446
0.7038179897352678
0.6995508971140795
0.7079722756017921
0.7383689417212678
0.6296351429023523
0.6720861679227911
0.720273569313898
0.6461179248358786
0.727028585011558
0.653525436127977
0.6499556695480555
0.7110293969679371
0.6592167161340566
0.6825197377938671
0.6063923133746646
0.5948333952757067
0.6852353761119336
0.6496564593207849
0.6472025710463484
0.6905592080677773
0.6463313788051375
0.6580394676810114
0.6826275866886624
0.7141237381796512
0.6549061224941991
0.6989249754978168
0.6486869657442141
0.6961383380116748
0.6412506270154738
0.6499678243638857
0.6867780472793225
0.6210260318771263
0.7381637911426989
0.7315445150188992
0.7599305124771725
0.6217699462172973
0.6253513232174381
0.7401865243825572
0.7634856257956002
0.7724813021456023
0.6791689708391455
0.7095776659937403
0.7100779143262215
0.7576513133896589
0.6687538536117991
0.7570159322312164
0.7327707585893268
0.6834445236439647
0.6406096973420876
0.6342229058112977
0.7639126381974676
0.7186701499720725
0.7290461976865813
0.6089923170786988
0.7336193913643448
0.6640167802780444
0.7120480292878794
0.6750598251842027
0.721796502051904
0.7034995574145639
0.6818484133410442
0.7003258931830951
0.7559220302756214
0.734158084963265
0.7569859219063415
0.7106577641316796
0.6435738753052243
0.6598906266184827
0.6332737313681187
0.662093783743635
0.6562236359647484
0.686377945669767
0.7335444629922432
0.6838214517612067
0.7148726433520521
0.6701052929091312
0.7033504642374622
0.699318644750235
0.6422621505844911
0.6561174672623183
0.6879207023088058
0.7094505267408238
0.7107752829831635
0.7040324873839973
0.6698147081811003
0.6591062434989734
0.6744405190165652
0.6837932740749127
0.6537905095198987
0.6546424344268181
0.6929758475451839
0.6579049850241803
0.6362568638084618
0.6664203769880807
0.6232867610201397
0.6267083820443018
0.6639889211909105
0.6291513098850433
0.649101227093526
0.6559510623428779
0.6793107940052617
0.6764745986995011
0.611563906723506
0.6316519063907462
0.650329567771742
0.7255594734694163
0.6667950335487298
0.6346097142486101
0.6420194885326903
0.676306621781624
0.6675566220364787
0.6221906056434303
0.6294597793596388
0.6674440893350063
0.6503833172450801
0.6538355599751375
0.6689418293951237
0.6503275836279677
0.6689351824331694
0.6618809504489059
0.6427285505197614
0.6793797785337455
0.6882980164287509
0.6463316290377918
0.6604677585624714
0.6675286941983344
0.716265892814415
0.6295652834251019
0.6896335250936273
0.7001865204091678
0.6286654226389122
0.610363330969992
0.6650485728992159
0.6858871429861085
0.6369339988477665
0.7361517533611323
0.6305128072670774
0.6595061851927663
0.6674191575526808
0.7165854521482252
0.6464567532736956
0.6459864885097789
0.6653376636472302
0.6593042234060253
0.6529823371204053
0.6784671779063995
0.6650138603560274
0.632819926709801
0.6617074127820698
0.6963979746858875
0.6090573313211832
0.615917159540982
0.6375065519767076
0.7223287401053723
0.6540577699080504
0.6798585723875054
0.7045944178622888
0.7071623611525042
0.7159730934438413
0.7524912039583994
0.748895932779078
0.7561174613164879
0.722215007489094
0.724502714125989
0.7638487088029637
0.7160703932380463
0.733768081894482
0.6788010565682588
0.6547690628542988
0.709280688657846
0.6919979563120868
0.6735703521654245
0.7290370682039468
0.6539912331764556
0.6974010643434482
0.699240679223869
0.6241960609730236
0.6405709069719447
0.6385238509729966
0.6472628499452788
0.6647640873032964
0.6696152888041877
0.7097907104041451
0.7224167440204968
0.650633897614968
0.6507916178051134
0.6508729499692003
0.6292695430065638
0.6496421537847364
0.6707187600643083
0.6746455259320822
0.6727965976256268
0.6708571642203109
0.6958467106545803
0.6516912072343217
0.5851460124608506
0.6335281049960385
0.6802521278992759
0.6028638979559431
0.6373244604618479
0.7642281831708049
0.7382404570673234
0.7403040814972278
0.7757878766313905
0.7465197558948982
0.7413389604833253
0.7518823593355858
0.7529200581088025
0.753185454185932
0.7402816256306876
0.7209177783195327
0.7273668540638482
0.7344009076356188
0.7553333366377537
0.7390039668713041
0.7559532218971519
0.7442345543286693
0.6616286792926276
0.7084153016009981
0.7207031961092774
0.7892349184801062
0.7565041919831861
0.7503863392645463
0.7310814396844756
0.7836893395152015
0.7592762365029009
0.7865846291445476
0.7942800433401949
0.6586660072855225
0.6469492770010776
0.628147947933859
0.7627876553869708
0.7770139750737645
0.6672963977145548
0.663208063490319
0.6373029233083595
0.6245758846248434
0.6339067278753301
0.7562432857698008
0.6920052277652692
0.6903610313531328
0.675358143238588
0.6970968964734144
0.8507490706014469
0.8793685225192541
0.745590288412411
0.8308670415925892
0.6964082979758324
0.8154661223458756
0.7921606274763738
0.7786462741274013
0.7521200895366543
0.7341012474006362
0.8125560000784404
0.6032496683001283
0.786640438186326
0.7225129335034667
0.7951447758825685
0.7424758901646596
0.7857172023983604
0.7577809346635491
0.8063364116961735
0.7117600192278667
0.6809075526231343
0.665194643490982
0.7549040826828294
0.7541144876774455
0.716458792057871
0.7429058720910853
0.7112313583077684
0.6141492594935927
0.7143076618898355
0.6365104744654624
0.6995829018206153
0.6998427951924607
0.5969310274414629
0.7257404258316444
0.7130533309692567
0.7627152263253392
0.8387558965726216
0.7626437797297378
0.6816270129471893
0.7220051465506433
0.8015142542029484
0.6488365784229638
0.7181431085478575
0.7539164770523722
0.6986394365987372
0.7115967843830081
0.6913705021139763
0.6767007384567947
0.6627841797705467
0.7033729934033655
0.6983473632262506
0.6372146321467025
0.6717414080445167
0.7135440933047077
0.6856618646135627
0.6634793675413817
0.6805778457544229
0.7371945789785462
0.680250648072657
0.6683395918387423
0.6871949783331551
0.642165356444847
0.6720474414298385
0.7029633179499852
0.6819144953883631
0.6731450160491054
0.6779316764885968
0.6629995471264409
0.7417694602317247
0.6396214071804746
0.6739366234082355
0.6766081337248488
0.5956140049037414
0.7094032205813781
0.6669220622510823
0.6687452869781029
0.6821383111283933
0.6934182848433308
0.7011360229539888
0.6372471963313435
0.6649407225043698
0.6195563329108819
0.566736315255131
0.6469327037186974
0.6718242353678585
0.6354525835321682
0.673211811928706
0.6611633686593454
0.6575434505553511
0.6142482589833909
0.701671993871636
0.6427183234623023
0.6509735154452169
0.6586524350372154
0.6126351363857349
0.6140908493751928
0.6197645988280391
0.6164711076576309
0.6640854226752402
0.6121721474549713
0.7261055735552987
0.7099106901897848
0.6483663730048281
0.6155163022839255
0.6878888576974501
0.67132240939547
0.6973186682287918
0.6761767446585261
0.6409634527427582
0.6133569288616745
0.6043571944732651
0.6435107587248906
0.6573557325597695
0.6120962126731772
0.6193896861571058
0.655184755193421
0.6372000638338176
0.5781465775608765
0.6649753260942625
0.6485391246491902
0.6298947629213062
0.6458001414031059
0.6113428903685219
0.5568563407813161
0.5662045657513066
0.5783241818215065
0.5655073053452522
0.6413949591404402
0.5312117612822773
0.6024364927485301
0.5654361947438843
0.6397517641305087
0.6415124474449384
0.6865277047151288
0.6369536288064729
0.6598316723996546
0.6097265664041263
0.6366324105732918
0.6258913823936273
0.5676525973525627
0.6119863196420261
0.5603550241637263
0.6631408336297425
0.6065258272032451
0.5934348345903174
0.6153250665096578
0.6194940291904413
0.6463044217245844
0.6162601937243304
0.6201051644160157
0.624100819418892
0.5659675198173767
0.6396247842963814
0.590425086977347
0.6302510434621784
0.6221684125435928
0.6059884678850757
0.6542425828742773
0.6214553272319124
0.6246673256554943
0.6235627548404014
0.6675754830576859
0.6410675780147977
0.6215257142183946
0.6109562188876494
0.6831673705224018
0.6242571026349867
0.6686223011446207
0.6777109607045971
0.6131372257173752
0.6133846462762372
0.6132331778108248
0.6179444499816829
0.6160604617307958
0.6262266018865026
0.7021984031141462
0.6796230302545769
0.6959957555866098
0.6598503741805449
0.6962898981343492
0.6429673249388398
0.6146967480446965
0.6690652478884271
0.7138411712233138
0.7343531276989637
0.6601327317122163
0.6683184287389865
0.5957079724021653
0.6328939362526943
0.6357213586904665
0.6638377707021141
0.6381917433222477
0.6344742547335739
0.6085453357804407
0.6182942543436722
0.5813129106092672
0.5993154685341182
0.6094596679142448
0.6645239222015079
0.67121602857067
0.6694018144589312
0.6118576697566702
0.6649954895769601
0.6195124625081595
0.5984973370153011
0.715348240811155
0.753995366496951
0.6151188998098186
0.6046435010505317
0.6272835658201753
0.6270436619328128
0.6207144902326807
0.6693198515616717
0.6020448528069966
0.6028981504683569
0.6518256867918035
0.5729371372345263
0.6349600551314475
0.6627463345066538
0.6198957244221531
0.6017591547826792
0.6784807139843122
0.6335388936103525
0.637984124200734
0.6080453747845957
0.6392896452339116
0.6130155192366209
0.6045163461249639
0.6373190378225027
0.6379615259609488
0.6078117132961474
0.590660388328089
0.5822478356209453
0.5823428961573655
0.6308300753269435
0.571844126254893
0.6085507579277477
0.6187839371119901
0.5824942128681471
0.642148586927603
0.5648329817823996
0.5787954136578372
0.6918822536721002
0.6075994714454709
0.6504915901785676
0.6799032696152671
0.6427433245944711
0.6537180031617834
0.6623959401230411
0.6880916479513374
0.6616006976161394
0.6680495645027305
0.6905273718710474
0.7108292696719296
0.6785333765339061
0.6817023257285894
0.6647726285953938
0.6171621917980777
0.6210680463738242
0.651586185510689
0.6937181795041552
0.6442156456893138
0.6348786079961398
0.6837787866594139
0.6263991831309025
0.6419799086115844
0.6583165709365351
0.6348786079961398
0.5835123238991752
0.5809331762219306
0.673057213402602
0.6579299581054096
0.6418916458237732
0.5805528410135415
0.639105893721802
0.6682675670940926
0.6215988353094245
0.6163523423632123
0.5996625785401547
0.6425590994127445
0.6037721636573486
0.5958911006625638
0.67304230274168
0.6618855836757277
0.5925244414344857
0.643524348479825
0.6607761912019415
0.5940699205041093
0.5732854303541406
0.6487182574464253
0.6412228702618734
0.6429742842965096
0.6165719698386997
0.6759937818194633
0.6352168463156478
0.6257084025512999
0.6307863301275726
0.6022871018485211
0.6297130825249826
0.6751343800331604
0.6724544544840869
0.6478303166301849
0.6183666553344057
0.6754331861359842
0.6886658789343085
0.6376806073794602
0.6082651886161422
0.6026597359831934
0.6207187641676356
0.6125491178898307
0.6714638119335918
0.6432813909053611
0.6098045423275894
0.638819967771692
0.6322284767694614
0.6053525429779231
0.5929103845847422
0.6122307430129243
0.6369889569786557
0.5985899518846572
0.6451258619959206
0.6742665690479587
0.7318861339697843
0.6515686451540783
0.7487994834435079
0.681062683748548
0.7184057233995735
0.6423413873906124
0.6930409059910233
0.7310478048534789
0.6979005686721561
0.6676387673149476
0.6674084553594862
0.6559940349711402
0.6127070359613019
0.6821605955960979
0.7693386846563371
0.7036208026974975
0.6148383071524218
0.7176355690818703
0.7861995517548613
0.7997192734012751
0.674305523990929
0.6895560643769613
0.6426037617870602
0.6563850499614778
0.6927203336839344
0.7448731118808056
0.7491834348972083
0.5881931109085989
0.6587046765980492
0.7027304957787534
0.703056907705182
0.7536493087963732
0.6605497284762399
0.7132058177149619
0.6608762078781185
0.6451910768692757
0.7457228541235198
0.7629469645525438
0.6814183302664815
0.7078613943054591
0.7351669238919027
0.7108899187945364
0.7585339635706946
0.7442821949729449
0.775245371118694
0.6990273444912548
0.6905675031331
0.6715978784773963
0.7028851124467812
0.6892050844475738
0.6292969573153606
0.6488381997267922
0.6381048388865859
0.6058604992323076
0.6368800946374501
0.7446590459313894
0.6052364212746594
0.6395143713133776
0.5908261864620495
0.6211226599283152
0.737201813543507
0.6279948691144572
0.6714726824898108
0.654744448220506
0.6246764702954378
0.6768396879438268
0.6695809135770641
0.6981095979144987
0.6751160032038964
0.6442802701024374
0.6463637497054182
0.6367437875362064
0.6345868205091852
0.6462694898163024
0.7591777333219303
0.7241319303624212
0.7344054502769738
0.7772776940482398
0.7134077390035833
0.6486681582924714
0.6458598052116951
0.7343427632377107
0.7127813502081796
0.7650305567658073
0.7579586030006819
0.6891091815322414
0.6406397334937984
0.6245758846248434
0.6339067278753301
0.6833700795472643
0.6926270339612264
0.6825708821229687
0.6920831401301052
0.6911904279300946
0.8507490706014469
0.8820751540147863
0.7846083519893947
0.6964082979758324
0.8163683796882129
0.7629529535321137
0.758819320618061
0.7436868976054624
0.6815177358731507
0.7668914948984725
0.8503637497758046
0.7702045986361508
0.7006635066029228
0.744447570732997
0.6179464424228422
0.6778308016642665
0.6355453872751713
0.6283211371729104
0.6728512411213542
0.6640798006822004
0.6355453872751713
0.6283211371729104
0.6728512411213542
0.7110485520614684
0.6506994550411741
0.6389226740537128
0.6032909221741383
0.6055371714285419
0.7535214476367402