0.6407271196555915
0.6383818692805316
0.6860614973980441
0.6830840142049829
0.6649989336808184
0.6761447550290919
0.6656023520375927
0.6754483104970334
0.6853151926685189
0.6987657269039195
0.7351007753325565
0.6636046258637289
0.6686196199275918
0.7170169337062139
0.7117233786435528
0.7132228693322421
0.8381076594601761
0.7044973719894888
0.7336223082435727
0.6756174632456359
0.7164631084486209
0.6913797653858085
0.6926101754670281
0.6981995971852473
0.6630107033496241
0.6799642547219118
0.729942876931036
0.6767204648622446
0.725619750353645
0.6797089039846875
0.7178762601778442
0.7072562407824218
0.668107343511334
0.784285960628135
0.753290252383055
0.7138527164144122
0.7000900091793535
0.683601984585813
0.6779409249736065
0.6904144999373131
0.7132547897813376
0.6795974503482218
0.778304793620886
0.7366298148217781
0.6811452298578635
0.7151219417170924
0.7073300763313234
0.7083311831791972
0.6950229133428598
0.6642649018650162
0.7010674315213328
0.7248321544793385
0.6798033157381848
0.6885484731631094
0.6759044376092387
0.6791968953929448
0.7371929726532241
0.6951515573678513
0.6920481092659097
0.6835766576238096
0.6791341339997852
0.6968697145998418
0.6578365569151317
0.7124206797731173
0.709123922594332
0.6679054195168563
0.6825761034927311
0.7124225472276846
0.6591410756256916
0.6758013992755921
0.7083760939381106
0.6636641322150877
0.6835351995895558
0.6944461781890028
0.686640730398315
0.6830352792476605
0.690873971097519
0.6980012661821007
0.7129337574175161
0.6556835096975816
0.7640882892777197
0.7554079181321556
0.7279768176090753
0.711960599404338
0.6742253390387646
0.7324867082085835
0.718733534061245
0.7440150387262998
0.6564904442587151
0.6677998130392022
0.7342862579506687
0.7212340162128624
0.7313638875916619
0.7108187400814837
0.7044813707626709
0.7301973540460935
0.7145795137955191
0.6433636566440358
0.682947439109543
0.6783515201611438
0.6768687143703631
0.7314070917644048
0.72233118113333
0.7283069833442355
0.7080160448162801
0.6824877576785053
0.6673178871355233
0.6890250334419625
0.7173204678004342
0.7426599564083151
0.6826320096773083
0.6978275475289467
0.7134486788476189
0.7212520917458493
0.7498735834058209
0.645483347972772
0.6865455911081877
0.7204147173417617
0.7569273887838855
0.7143332982105934
0.6434936556991386
0.7189780869255077
0.7012999235909062
0.7121177967241792
0.690311219787229
0.6823180682328078
0.6889896275290291
0.6966297213530169
0.7357797244130235
0.6844252791778204
0.6818471624900301
0.6380073935228443
0.708276914685607
0.7781429790454091
0.7276277484683533
0.6669469465444201
0.7535240024504953
0.7188859325133221
0.7530558928008406
0.6719397286482821
0.7437155816301626
0.7608246920744064
0.7196722540359423
0.7113002556255335
0.7163116211828724
0.6877588200581318
0.7572908300703751
0.7540242968474903
0.751280283068563
0.7427398398288777
0.7431534527027855
0.7129987410754053
0.7144622302343038
0.712574284518788
0.7351988229121679
0.7701727702130471
0.7328206314067002
0.7567335081620908
0.7478222890796739
0.7307242123595648
0.7355497874865404
0.7208722174571434
0.6578940441246017
0.697802460996574
0.6703163830307455
0.7062127135955665
0.7117152353610638
0.7205274947915532
0.6653162027297503
0.6930575614934592
0.6321845627248079
0.6946673101946023
0.675690401085046
0.6885186664296759
0.7074022823058885
0.7175284678434761
0.6850535018161252
0.7559976838039053
0.7230677957578433
0.6922407456607159
0.7026871428384376
0.7502735734440206
0.718725325016255
0.7317417614722451
0.668939253182899
0.7011198850450969
0.6986447358213648
0.6949134770866046
0.7146595624154851
0.7073386311211464
0.6299172897452533
0.7064032912183645
0.711938054933528
0.729505630354904
0.6861204439116471
0.6750074823956345
0.7267155191784007
0.7578386335349852
0.7370464779077407
0.7373279905504366
0.8055829267592287
0.7233201807763008
0.6882019280409944
0.8024008191048956
0.7960392481829711
0.7598183883981341
0.6745742321394138
0.7398999303352097
0.7078867530545415
0.6600501187636311
0.7151703625083029
0.7257693728059336
0.783213698335956
0.7506332812263182
0.7788851636518802
0.7464021161890239
0.7224209136936067
0.7202374755599125
0.7663918682763476
0.767998361657672
0.7462042380513024
0.7387610521464862
0.6926526239217403
0.7308759493469137
0.7048382049125085
0.7471095081040047
0.7114612221714552
0.7801486811092846
0.7043255329727307
0.755055770327816
0.744742286088293
0.6955303441428388
0.7672061021993644
0.7281783379470171
0.6994311481011667
0.7019673605160996
0.7422675467309412
0.7240019430729409
0.7329802234011306
0.7788847022845137
0.7021502391704825
0.7489081337644091
0.7965460506527885
0.7287062234823152
0.7281199550123287
0.7719994917975507
0.7865114708745078
0.7495531919447577
0.7393281467089718
0.7294371276961357
0.7462246237238117
0.7422141137451459
0.753188966302884
0.7232690369413282
0.6314944096239189
0.689932834151941
0.7603147759289578
0.7915256470616806
0.7720113396311493
0.7227789979069834
0.7114982701068036
0.7456521709660114
0.7634658298161179
0.7196255022687009
0.774908779031357
0.7642917192623632
0.7458051513388363
0.7358486088532061
0.7462991965872666
0.6818011868395103
0.7201068222385218
0.7456311042492403
0.7262674599189625
0.6664746966498148
0.7242446056883566
0.8414214267219803
0.7763544680955483
0.8172814195291455
0.8521690531390645
0.7832955443082771
0.7406896208549698
0.7609273926733766
0.7523823069560098
0.83345796155254
0.81000300200156
0.8313982729664638
0.7815075074017567
0.6850210903484311
0.7375690312187939
0.7987111586329971
0.780090580326895
0.7929424662787031
0.8215174265336027
0.7661576723091713
0.7126114363779293
0.6550668451096026
0.7586145069581954
0.7676248493796476
0.6781212722074658
0.7513745716352784
0.7148566259916523
0.773031381522017
0.7915951443123694
0.7847885148197539
0.662377725474525
0.7206852890374412
0.7513009755678219
0.7809674788383801
0.7910884544755342
0.7914813745947803
0.7653154196811416
0.7526693655399029
0.7610735892600031
0.7087553930206426
0.713996613751842
0.8009270134481312
0.7249650235599531
0.7615393529508494
0.7999656691142253
0.8115894189947253
0.7753332732420061
0.7920125637962037
0.7496937799766236
0.7839667953241528
0.7748328387124147
0.7465561829658995
0.7712875213173379
0.6979567678041466
0.7163961730280317
0.7209749049835636
0.6847565482230672
0.7330867470251706
0.6707979325223093
0.6959042036321521
0.731373852729314
0.7748118553186008
0.7160532381748071
0.7773514164126447
0.7313074788530851
0.7192401786601478
0.705887199627811
0.760646205735579
0.7416930661171323
0.7371333154880696
0.7376297276910445
0.6529744117151897
0.7164441413293755
0.745955282685921
0.6866575792381591
0.7200340229479636
0.6546358996979581
0.7343488604739609
0.7375736408460712
0.7434954020306979
0.7208810221190685
0.7124112827383369
0.7389662137733976
0.6969304293485571
0.7107173730637105
0.6921290603171342
0.6950706337477468
0.7666448847512768
0.7680524010520815
0.715627673886506
0.7670531766340067
0.7599367347295066
0.7493073065623762
0.7423184112912339
0.7146801703459339
0.719664153276927
0.7659570799135492
0.7704770596665832
0.763840331971785
0.7044828935373836
0.8148082648342659
0.746002414332182
0.7403058693852986
0.6761158751757537
0.7159219777373617
0.718177952896052
0.7678040849285529
0.6821833193933179
0.6772034497039087
0.726368467977348
0.7574927356461846
0.7892625379687213
0.7751207963722001
0.7556546195084298
0.7763548319697586
0.7862080032737744
0.6894140555178425
0.6987047115186316
0.6532333910323517
0.7152580896941126
0.7169949330268095
0.7072709469540559
0.7100858329618679
0.7091512764450859
0.6927995191835659
0.7297967422068623
0.7394604539530895
0.7347069770850948
0.739158362391615
0.7603767936423703
0.7713174478841859
0.8001128576956499
0.7399979858285042
0.6622466510150554
0.7267559724341969
0.7346565095083906
0.726046545264923
0.714889124209261
0.6944170825707364
0.7246763251238936
0.6961067099296422
0.7016821708010699
0.6662127832408093
0.722747250881845
0.7108329126134877
0.7714736972575018
0.7472063475108832
0.7593129393229056
0.7543098136455931
0.6929541088895342
0.683033331289403
0.7333059310351933
0.6816458537563276
0.6707463556830878
0.7421740370055502
0.6628227358583769
0.7181469348358641
0.7555907779827282
0.7330537707448723
0.7021287363493646
0.7575799870020391
0.7597039039210194
0.746994400700509
0.7353491069686945
0.625531827977134
0.7440741405170939
0.724006816543048
0.7187779112709064
0.6904395099241274
0.6832972200316858
0.6661464851471331
0.6546521130275608
0.7873821639475141
0.7080932265473032
0.7278628786754551
0.7164119106717654
0.6446935031985432
0.7336177836209881
0.7283044252969192
0.6733426284359862
0.6454720127763096
0.6457756693400999
0.6985697765993794
0.7194256020936388
0.7118137244077631
0.7385568603953842
0.7232627428133469
0.6988416395934924
0.711898251772515
0.7529393802258268
0.7105801002091426
0.7024603109618371
0.751771335171627
0.6869823317662159
0.738210566199707
0.762470261703762
0.7095590177822931
0.7120485296372294
0.7342105254457746
0.6684839337380698
0.7046493165231839
0.717211658596143
0.7037668459693465
0.635543874485343
0.6911871781354436
0.6893327262607152
0.6473103294591327
0.682032969962745
0.6627251156785328
0.6941508187821528
0.6797829890964446
0.672598245488512
0.7143253685338199
0.6825317838092099
0.7316931442986303
0.6837320870961313
0.6987569902229753
0.6917669426381788
0.7559238600619719
0.7728080352111467
0.7391873037268883
0.719685830650511
0.7438728683918858
0.6930641271709361
0.7147408809120509
0.6845183619597179
0.7116960649850956
0.6955916085866151
0.7446316375937384
0.6778798459985266
0.6983056566988274
0.7637969460830638
0.7109031355284338
0.629361766075237
0.669313120245563
0.6211326276916781
0.6904364485936003
0.6798862558928688
0.6813908480018465
0.6744226911369952
0.6950808556796125
0.7185897361452871
0.6862144983091234
0.6882741641989317
0.7402061455511358
0.6604150626805637
0.7387607329862397
0.7494287335880371
0.6958200031411976
0.7171776625958496
0.7074317861685664
0.7432638265411549
0.7441190134161311
0.6744841276753717
0.718642105285632
0.7248879154491357
0.7309050002365988
0.7122302508733489
0.7245581839442704
0.7147944852606573
0.6914714317625911
0.717190899513219
0.7180361338567275
0.7254009490657749
0.6857661327558037
0.7748424545232085
0.73260931036708
0.7240728626700381
0.7438250160330019
0.718862049516592
0.7122896850784115
0.7169949147233815
0.7361743376500921
0.6509266081938758
0.6940276527832892
0.7106712424151052
0.7053474384172059
0.6700832302527122
0.6465422918501658
0.7142115726701148
0.7171922838694974
0.7325331435760039
0.6943971445981707
0.7020783847886526
0.6851897589776716
0.6892565418475424
0.7036205356294566
0.7222786350341728
0.6704781830374067
0.7363654126860353
0.7926554860778401
0.6956987098459232
0.7425425673631674
0.7109394650541137
0.735882761323159
0.7813988803965327
0.7271500000717518
0.7308829754508159
0.6817343918139902
0.699327125275218
0.7049205004592358
0.7565689096834038
0.7644216953130979
0.6692976537794434
0.7194730068906758
0.6506003636030436
0.720670458173313
0.719960348984342
0.8020060792425415
0.7629233599689008
0.6941549707417207
0.6808007691459101
0.7023924530572562
0.6843287765186562
0.6990095933906085
0.7285887565316649
0.7098631010588194
0.7298873270809961
0.7270900647847295
0.7079569072318711
0.6998770999023733
0.7074059592884242
0.7154991875960477
0.7064384646637828
0.6929628311631832
0.7223712554252607
0.7568287373629976
0.7195828772822584
0.7471161578094185
0.7499251516624742
0.7119220791853185
0.80085842936992
0.7449509348023539
0.6965111740594347
0.6927506965840604
0.7295710139779319
0.7060784788334189
0.705197514062172
0.7547561862071367
0.691055108414973
0.7147030385816496
0.80085842936992
0.7320372359875043
0.7115639278581528
0.6948628656062787
0.7262855530363197
0.7565014950373952
0.7348701948613467
0.6850049355462202
0.7108071335570108
0.7258036317851696
0.7258726103711206
0.7291179372779385
0.7687793972744174
0.6978123665565673
0.6728742083637529
0.6445543125633298
0.6550910560237282
0.624142944190778
0.6858050520522112
0.6777509201511572
0.6648941383224216
0.6357599685248663
0.7012981223531985
0.6887533195541238
0.6460885809518919
0.6506234643621407
0.7076309306710304
0.7329073238465366
0.6829610578872557
0.7276540367281576
0.7033019768507266
0.7628180890944739
0.7584484584098565
0.6505313374089261
0.6685268246855619
0.7101765278114113
0.6825478541137565
0.7090077550673464
0.6721975269261629
0.7238322680545448
0.6964229012573624
0.6707112239632372
0.7013713605568389
0.7029957204062408
0.6659025149263231
0.7317165561177976
0.7816300636963088
0.8208399274487092
0.7895904694917446
0.7856480908694701
0.7364028439868745
0.7543113509630289
0.8177437244739236
0.794999888357767
0.7788261558962914
0.7252967108230244
0.7138403031424131
0.6732843387556788
0.7104424232637109
0.7953595005933826
0.7621721598744771
0.786538193592524
0.7380009776574125
0.7321373161599881
0.7586229586206816
0.7222726201311176
0.6917476803606308
0.7346580769622153
0.6844052390059011
0.6891332643915612
0.6887707751965982
0.7588595915055093
0.7449350950562779
0.7673497631911361
0.7315921377558505
0.7530808381211549
0.7551928290307675
0.7744954961602541
0.7541805686275138
0.7187503523218228
0.7361722751808184
0.7626428716890399
0.7156910982081194
0.7529954890401986
0.7513679743261328
0.7432534605445068
0.7381940178145145
0.713487091389207
0.7698282219430977
0.7838878001480142
0.723290302861221
0.7066827581514565
0.7574773366263122
0.7549273026678774
0.7380896083419759
0.7232985661922381
0.7363642984973308
0.7809226864566359
0.7710111987135045
0.7823491062677721
0.6034312826498636
0.7023511344710537
0.7746150659909018
0.7580249470299215
0.7311579424551624
0.7368035904139987
0.7853507820761262
0.7785824977021709
0.7545783742576468
0.803762570790382
0.7852531773655539
0.7512633525892565
0.7355628933444637
0.7117422247353087
0.7150675761652051
0.7828307521220982
0.7118722119430184
0.7420574763700424
0.7196615081628319
0.7584517631765346
0.7244350185169625
0.7287414883115834
0.6902403330747063
0.7381784598050454
0.7746290652313947
0.7716232185069248
0.7463129319011281
0.7363654126860353
0.7553888827929437
0.7505331140594969
0.735289284479972
0.7353318727724144
0.7130435370712882
0.6488400475992998
0.6859985140889407
0.7192467795056406
0.6985797603959577
0.7383344281427041
0.7483682724677049
0.7631079475725935
0.7131735519939126
0.6627325548701135
0.7816592963229858
0.7217729107583811
0.7310761049442012
0.6872937969049322
0.7239522116852275
0.707331731645046
0.7216971130612523
0.700161988873652
0.7830054520216133
0.7324707564476551
0.6877092672811027
0.7512833491029485
0.7311018823973354
0.7098477460110424
0.707284111369691
0.7057688680051762
0.736204015602219
0.7404280752670936
0.7341044356689237
0.7453303225472632
0.7146107240062535
0.6744355654589059
0.7895337790403489
0.7714299610497034
0.7285264628142031
0.7703971048630465
0.6918965342271818
0.760195880318324
0.7246756384818412
0.7603844989189348
0.6861673322747942
0.7386989557716844
0.7578883762019833
0.7814231529671866
0.7348285017539579
0.8060216929216119
0.6983940590281399
0.7060953435393789
0.6979053987035843
0.7625691549028766
0.7728631480126599
0.7518364273593373
0.7192172923018886
0.7714490103808487
0.7314781223918752
0.7905311250299211
0.737438849801785
0.7493283599089969
0.7600462723602222
0.7710738331949877
0.7131811999585498
0.7034119756132855
0.7400614566978094
0.7382670937191431
0.6537294155692019
0.7042463006023882
0.7364106216359388
0.661345657656616
0.7658223764548207
0.7473054250965753
0.7336468421722172
0.7110293856546254
0.7827065998419208
0.7349964057644318
0.7334915622003497
0.7138535905527146
0.7123223911469585
0.7857431052842822
0.7385932676714934
0.7453801098601801
0.7487747122015256
0.7448148447386415
0.725509515209237
0.7754787760875088
0.6809476231437906
0.698240655985881
0.7104667990951159
0.7705934773677507
0.7040014930653619
0.7172279676927692
0.6802086640982267
0.6948459089672071
0.8221651536562324
0.7126270436293989
0.7145857857826354
0.7400140852084383
0.6917693566391078
0.747107714971559
0.7946443456699991
0.6770715876157161
0.6514305208082106
0.693005334196469
0.6828616004880581
0.7186842348109374
0.6918805109963722
0.7125756886179201
0.7023455287376148
0.7004094965113591
0.7011249126227533
0.6584990060551773
0.6545001085254153
0.6549403521033692
0.7710693216235531
0.7244431638250091
0.6403284946706519
0.7237525978653654
0.7172132384078634
0.6428309912836725
0.7251061010396617
0.7021663905969658
0.7172132384078634
0.6765504483529796
0.687195537055995
0.7040212563207268
0.6617838614407661
0.6963202533011734
0.703505658495916
0.6373550652368869
0.7355739049253402
0.7661737650871411
0.7299333061009716
0.6593211655088101
0.727106375010953
0.7416024898597268
0.7348650371369444
0.6740918894727529
0.7128499317161974
0.7360265290560384
0.6921492505088628
0.7291457935844083
0.7134595258545862
0.7286874621952761
0.672094826110587
0.6927787946040811
0.7273816875813812
0.7257198852189062
0.7089886692112549
0.6750217405157687
0.7449773170861552
0.7324577959737618
0.6571228853239397
0.7481600360467217
0.7209287880556023
0.7316466879555436
0.7067842775463203
0.7132499828577455
0.7323187566480082
0.7306760870241157
0.6661251363377756
0.702507716376107
0.7375107558588198
0.7123697336586271
0.7179087957852158
0.706652689552551
0.7108622989761451
0.6871297528150886
0.7085953864392011
0.6794718196032385
0.7336004519971205
0.7290663572215331
0.7252930033406139
0.7567367706456556
0.7338729561246458
0.6990397036599735
0.7160590667781871
0.6650686592990688
0.6495320885206988
0.7086678607821302
0.6920119088058412
0.7355864345431706
0.7257662471445882
0.7223044971993887
0.7129484122998242
0.7171191628960556
0.7314210759467301
0.7551529219821398
0.7370488376207185
0.7068839414136604
0.7236758009711124
0.7215841742733794
0.6222408852453456
0.7013220491937967
0.7470006061677774
0.6421644007247379
0.7286112409009982
0.7153405864807771
0.7315474827171271
0.68992551914626
0.6897921545985617
0.7055468673376531
0.7213620348535135
0.7053343430779137
0.6564549602325219
0.7431791010079234
0.6655898600469325
0.7430694290836786
0.7644524598730096
0.6426836768394703
0.7213125535361598
0.7319696739112344
0.7219052350378483
0.701511034791539
0.6984839122993665
0.7390849691146824
0.6962970066327432
0.7598469703222337
0.7801163601338975
0.6976753434794142
0.7207979254581541
0.7652108818107324
0.7726696096250644
0.7458762904542475
0.7385820814095845
0.6912369098231661
0.7521958341407902
0.74302310707719
0.6778506144817794
0.7929309495321059
0.6810756564397884
0.7336128475895323
0.7113149928229254
0.7184600938687974
0.7112512789771611
0.6808910965518977
0.7312134942271535
0.7166123192234997
0.7260959998908468
0.7316238201224615
0.731100363494387
0.7219980893498418
0.6977380523941673
0.7586769855155403
0.6821120000095069
0.7155241775080013
0.6634107936668157
0.7140578388825107
0.6672004797411781
0.7157961374561246
0.7596348398557037
0.7312998874692755
0.6942971110248317
0.7321212251509631
0.7493728642369795
0.7619123236660341
0.7091158573343161
0.7694056847569278
0.725415861739242
0.7415206693235598
0.766681161083942
0.7843225844791233
0.7637969649043026
0.7556523711722306
0.7349473810592728
0.7420771794686245
0.7319219766660953
0.7252770994445158
0.6478928392494154
0.6635518681664554
0.7890074543689934
0.7051309721745934
0.7017149964794104
0.7366793802218915
0.7363568472851774
0.738502605176525
0.7203535552953322
0.7656722600349707
0.712060482484669
0.7378102111010506
0.7021114037056838
0.6259417281940903
0.7690004350817791
0.7372023367752643
0.7868708941732074
0.7731884797097562
0.6891918118727391
0.7515837341584786
0.7854592037897873
0.7211011300124498
0.7159509031476572
0.699097442131697
0.7057795194407395
0.7214349233276466
0.8158795944351678
0.7280629555556299
0.6547201550341075
0.7360480621733337
0.7331937034170792
0.7368403915033439
0.7359403460506849
0.747931502836107
0.7359062286965412
0.7423703349733852
0.7696420094240204
0.7598198186901703
0.7672250478483714
0.7774759569109695
0.7231069383794291
0.6795855220958211
0.7290647032136843
0.7448807659457775
0.7629770967524604
0.6967696806412615
0.7348905756657028
0.6653281426841641
0.7332748820411513
0.754543588465774
0.7052769324123298
0.7700904404182404
0.7230643342266273
0.7355629187777374
0.7145008086667032
0.7155552387042315
0.7220679923924449
0.6847241593135069
0.7342545247635309
0.7196661253310738
0.7276684205614095
0.7320154017178507
0.7173385840658376
0.6719529423688829
0.7022047506236128
0.7199447586301729
0.7217280799675386
0.7095832078709393
0.7134093493226941
0.7013613206961301
0.686300648974755
0.7089480305799968
0.7727129781236278
0.7439288070557959
0.7268410642134221
0.7221146264792379
0.7385619282178798
0.737927016945787
0.7609149823880662
0.6905640828296797
0.7096750809957183
0.7480857028442142
0.7129184201095189
0.7945125942956295
0.7454342705328184
0.7461301096194688
0.7829968112635775
0.7230282997312053
0.6801118620684126
0.7605538287015834
0.7272491374204323
0.7833370011062298
0.7748695193991545
0.7529964609062764
0.7141718744705658
0.7772187107753106
0.7498618239742356
0.7248401753382535
0.7213669191137495
0.7450869795807936
0.7221482968770858
0.6913210607683691
0.7453993189886642
0.7825848487280122
0.6634043143562662
0.7379700206385318
0.7255251565554192
0.6925375123211605
0.7617593649288972
0.7470033897573573
0.7340838917565903
0.776823189663089
0.7044949389718469
0.7205809933863364
0.7116650146328088
0.650523484243804
0.7330284328510812
0.6809445011297718
0.7102888514842768
0.7345573516157321
0.6849284268009178
0.6914514383052974
0.7324254171386775
0.7535356520543762
0.720090631240162
0.7398894756947062
0.7512964780156798
0.7728012782007504
0.7314134817398095
0.7569916207059889
0.7779700960238437
0.6574945443279072
0.7368171184970612
0.6828260816628654
0.7539791953659677
0.6701247077657181
0.6874573475439754
0.7574341999786603
0.7008234234963512
0.7746626019685526
0.7247170810962383
0.7284300346587518
0.7686607119422413
0.7298079262754432
0.692741809262911
0.7408457884021963
0.7336079961325536
0.7191802455410732
0.681921557787672
0.7082055849990353
0.7327420150374386
0.702281525304023
0.7161409891339099
0.7074193460298746
0.7645458633337675
0.7320469198677798
0.7564095150860211
0.702019904214926
0.7515196699723121
0.7244852650092528
0.712183464165152
0.744725793335537
0.7564674256891881
0.7469428691186293
0.7453351268319912
0.7164285668713953
0.7402698718325276
0.7068014376248154
0.732453880641459
0.6850380013117433
0.7073462552394809
0.7143797963607706
0.7322070914046191
0.6589927800471495
0.7052597099103644
0.7040703592784157
0.7004591844747955
0.7268771825693108
0.7379964551855097
0.6401819729374186
0.6927753972372608
0.740248379112128
0.6967486243708844
0.7439656511475998
0.7272311397420098
0.6783385292978471
0.7446298630741056
0.6782837850836897
0.695845271540276
0.6884141859971594
0.7079811724306494
0.6380964602581453
0.6588117784715911
0.6892247685489911
0.6584147192757562
0.6398987359967118
0.7377373688819927
0.6818650251163416
0.7154793023165158
0.6994762203411383
0.7098707536733405
0.6748669807265025
0.6916040395379387
0.7077333990375744
0.7226309460985401
0.754039011499081
0.7368424335781018
0.7186086315566472
0.6896494800784201
0.7195319391370633
0.6780245478976157
0.6836691176615086
0.6999540121804886
0.736253314455005
0.7228628709932556
0.6891415988992942
0.7097744313195296
0.72248422365099
0.6955351729224237
0.7394855307089119
0.7018092409643693
0.7598314277805966
0.7160307849647305
0.7340024089722277
0.7669463006244601
0.7100794917315792
0.7424467924927026
0.671177231408685
0.6942974512384512
0.7630738120954198
0.644075739510637
0.67405724463903
0.6902575191510639
0.6968839508625845
0.6307492958118244
0.7092489068841783
0.6100979195924968
0.6765879361274548
0.6714316606731773
0.7535384358023389
0.7001853482196702
0.633927309986978
0.6391695490540373
0.6917478014972641
0.7081539191400222
0.7293043378180871
0.7203889555224923
0.7203071829428864
0.755140542966919
0.7447110748082083
0.6720755146418201
0.7280631521146661
0.7138558543770506
0.724265991374269
0.705456954345983
0.7287948618701123
0.7337005575857951
0.6839867999371734
0.7225628180128484
0.718827645038009
0.7346490572108945
0.7527813855382526
0.7494788661346032
0.7261303246587263
0.7540955306084026
0.7412277514850527
0.7476755311294274
0.7427986808986441
0.6597136477846838
0.7416259461067146
0.7496594386275771
0.7438247491049066
0.7191382611127681
0.7018017864670401
0.6972709414818868
0.7074190799165537
0.7083745726934246
0.6574962820227682
0.7330674794405377
0.6824436042845586
0.6857289088816501
0.6711726053867064
0.7185677189490559
0.7203243944479572
0.734397653952714
0.7265235005573599
0.7291553050938211
0.707780148911224
0.6985075303579847
0.7039965651636216
0.7293127441052283
0.7174592426877671
0.7355652572826338
0.7512512559707829
0.7073209226971086
0.661243562560671
0.6722075613446435
0.7427771005900445
0.7275303282797173
0.7158489305275255
0.6796366073201738
0.6811809474817044
0.654876772409035
0.6667112506619645
0.6876202847332988
0.6990365759216435
0.6911990589405281
0.743805570204328
0.7063210643448086
0.6483882363765213
0.6448006664697747
0.7152430997125168
0.6626546683828876
0.6895402336597505
0.7122805705926009
0.6711334437503184
0.6498529449116778
0.7224932132442792
0.6778993117254833
0.7418902080457526
0.6581262046281511
0.6811366105174573
0.6769890840694384
0.6258473125035264
0.7307124140973302
0.7140328824914209
0.7318807062510356
0.7054494858318154
0.7063106001364547
0.661669641790939
0.6888201291190282
0.69099909040386
0.7280346305817497
0.729198056942058
0.7034868735239866
0.7079778576586668
0.6812153616093177
0.7367518721799488
0.7265755722118389
0.739251882722805
0.6814366978463264
0.7388291538749815
0.7863358336579483
0.6666676973628849
0.6872783017574724
0.7393753589056778
0.6833494334126321
0.6719009310844913
0.6902636210534879
0.7281430071014459
0.7202815326942894
0.7176972919686972
0.6984430636495174
0.7259286948978888
0.6732011375178913
0.7254814242034419
0.7317794706836469
0.7469289126764966
0.7165111290449798
0.7561643339280647
0.7832625560062352
0.7520284118746079
0.659523408459752
0.7015289689091058
0.7138286329503882
0.6797662811363246
0.7056042093156208
0.7173147346149835
0.7202525974322744
0.6992790284112403
0.6942704870648073
0.6875159047695779
0.688475716178621
0.6997285504504343
0.7588485544284073
0.6499018117157516
0.7051508699746957
0.698098947175911
0.6870879787475201
0.685967146681968
0.6672933238790115
0.7192693470582804
0.6342747897279071
0.7265183497609359
0.7232085985347173
0.6964490994248256
0.6909002716924786
0.7241574740373999
0.7141629855809651
0.6979942813470917
0.7136440499158557
0.6814247929300483
0.7117178635588399
0.7140049125183495
0.7045394392500165
0.6460367913651327
0.7316676301155254
0.7107672258456547
0.6960330206358144
0.7302788264699921
0.7547808479803465
0.7356685835615212
0.7790500656593282
0.7362037532540786
0.7069615878500901
0.7141365150247974
0.7074243542642281
0.7135502277203842
0.7178515057840398
0.7208691721730711
0.642696963178226
0.7366539970569351
0.7176757250314574
0.6947891047094007
0.6806375189512166
0.7172254262058558
0.75588468207864
0.7086985850078161
0.7306485002882492
0.7489492989486791
0.7604361479894881
0.7548484529486751
0.7283703507110328
0.7039699704530066
0.7220051874337832
0.6262451709812012
0.7188878749897286
0.6889674535229032
0.735767526421001
0.7852844336605929
0.7451516939223932
0.6883008881860946
0.7430617927602367
0.8260018561791281
0.7336605834210795
0.7419095342635503
0.7189419356945946
0.70286115608029
0.7343982811742357
0.710943980099618
0.7200358767428198
0.7640882892777197
0.7243696574732442
0.731872658330002
0.7079088643699923
0.7333393493943521
0.6906339929504558
0.7517662843759216
0.732500261559527
0.7528831901559342
0.7484507782107434
0.7714209923065093
0.740030296336826
0.7202149171724156
0.7624387573607778
0.7040631709541462
0.6704382036780447
0.6734405099937103
0.7150048578924146
0.7283795277446462
0.6677028654527903
0.6984876766224137
0.7381201120512357
0.7140744409251477
0.7298464481698017
0.7124011414576616
0.6884943605966218
0.663911624350407
0.7365629054769798
0.7034558064946914
0.7197759570331034
0.6711285190152484
0.6995435208190756
0.7110901995247885
0.7385435235281386
0.7094352642021134
0.7690273157968682
0.7171430763127594
0.7267122863678648
0.672412396616515
0.7121490177865013
0.7361246145700514
0.6914740067151325
0.7230690883579362
0.6841209469953463
0.687208697153359
0.6893939351348425
0.6673315358954914
0.6865221937654911
0.6946137630967619
0.7177944207189368
0.6680852416711638
0.7067875163218073
0.7221055317995355
0.7054026405891382
0.708128186890654
0.7089831839813446
0.7292921385184465
0.7457004744922517
0.738650328318453
0.7459481243335162
0.7073359752714649
0.722146225128031
0.720593642063306
0.762663537862938
0.7760361175594271
0.7549398433115376
0.7121755668321476
0.7521119481813474
0.6946073108869124
0.7243405714857957
0.7504589275664522
0.7169972196304644
0.7042202462191989
0.7262156565105873
0.7175409795094153
0.7285804338679019
0.7270953784965933
0.8112097244129549
0.7431248074292124
0.7416301184124882
0.6732791655784587
0.7035741128874854
0.7432253774949108
0.658424891571837
0.717718008189398
0.734891975677025
0.7406899287283166
0.7343671131212658
0.7417331373563237
0.698646100046619
0.6934728690439345
0.7192149990253045
0.7407698250030319
0.7022904281568961
0.6973848860884602
0.7052306828028903
0.7091854196704397
0.6751298273623305
0.6641456970078937
0.7195703538084117
0.7025033722416271
0.7270454933594325
0.7319270791669601
0.7189755881417184
0.7224363347223703
0.7190874551541414
0.731266814221136
0.7409535994279182
0.7634129085138966
0.7202216487974318
0.708759158597894
0.7368811503662012
0.7361181700796727
0.7389016203938409
0.7602688266789246
0.6984796390712847
0.6930377584088716
0.6905690917805767
0.7111373918591704
0.7141726964497795
0.7304594877753476
0.7119110210847672
0.7223222484175843
0.7530364299024528
0.7374205473322201
0.7140581866939602
0.7091039633943892
0.745853254602279
0.7123973634966998
0.6951708189956483
0.6537163154493264
0.7205193129568945
0.6750653783094894
0.6777665616890896
0.6968240970466378
0.6936919657091826
0.7421965976725429
0.5961622104684806
0.6789201463003615
0.6953511988152458
0.6928690169688176
0.7069325726514393
0.7020628132490223
0.6576026513756924
0.7332849145862035
0.6425600567738559
0.7366727549815056
0.7234646422467436
0.6988465237663407
0.6853531365028778
0.7418001843886967
0.7105467928020347
0.7219453246022441
0.7174484084756443
0.7143782282651527
0.6818790256670807
0.6584929464696345
0.6575068235926507
0.6587662348962526
0.6837251522692805
0.700737887112551
0.693409345843808
0.707526589525628
0.7000875289352346
0.7358048886760966
0.6637272012873247
0.7053142654034106
0.6865139452193746
0.6910838104641939
0.7358048886760966
0.6636043320770652
0.6673560018967892
0.7173531782636857
0.7410848175548183
0.722027139690685
0.6716840208497115
0.7491031205775159
0.7100222996640267
0.7116118702317883
0.6830492554354931
0.6806421633135704
0.7162543344671077
0.6634295907888043
0.6584884020436876
0.6654354141094767
0.6917541273368071
0.7088799476268498
0.7596370371041031
0.7688367269746266
0.6878166096170947
0.6553614788355931
0.7402939121418964
0.7398567704742749
0.7319153162970847
0.7111987982556975
0.7156264432997983
0.692144743250249
0.7134845913089073
0.7187695439247853
0.7065041592822904
0.7156026221005645
0.7789512454156432
0.6894217216527271
0.7014232355117529
0.7025355139750681
0.7233072398722147
0.7763277507848005
0.7229218652407733
0.7038223484311903
0.7123127899514514
0.6784067727966032
0.7110088944903021
0.7127130221444956
0.712285484914413
0.6517908100777334
0.72503841292528
0.7330877102399139
0.6864061369200535
0.6859965992185099
0.711236445000673
0.7289834362313586
0.6813869549636408
0.7027197566505575
0.7285016901079767
0.7543066013784846
0.7213507529180313
0.7584104105701346
0.802299203589336
0.7634172674945827
0.7598071521836707
0.7274142809308841
0.7742098836677953
0.7879349813238462
0.6456309279186928
0.693826706080294
0.6400495201895747
0.6985703599117776
0.6972777988131222
0.791763678341186
0.7020480933288403
0.7396154825011487
0.6986239962573819
0.7980956942996605
0.7731717605811189
0.731817576572117
0.7102903193411606
0.7316341089953023
0.7569274284933554
0.7531269857236994
0.7691199180184719
0.7952928512567228
0.7721141635242745
0.7166401419515136
0.7179359812376224
0.7215403321747786
0.7186889817335209
0.6576046743602993
0.7424104692510989
0.690726352421226
0.6456034017299374
0.7657906874812342
0.7503633557276328
0.7927301893854005
0.7808598907053053
0.8280045305414797
0.7135588523938339
0.7469836027746688
0.7617117200999259
0.7981333273242565
0.7136896744781437
0.7199635294853433
0.7059619637978939
0.7016568473459508
0.7258022516316992
0.6727850462600025
0.652734677235157
0.7305657806822293
0.7185543084629029
0.6619028405952067
0.7631749544955833
0.709564569003181
0.7190090528323854
0.668318133951158
0.7267136160606175
0.7608754830653226
0.6530151561635296
0.7848126851229663
0.7507471138816166
0.6619877532337473
0.6919944427264008
0.706617311183663
0.701055784092347
0.7367183518566353
0.7329470488032002
0.709524040334867
0.6765802423050039
0.7226892673449088
0.6639219694375155
0.7289289588833198
0.719882021449638
0.7148795544357993
0.7518675700464003
0.6828635239040426
0.6885882993701384
0.6694413125090694
0.7097001070560612
0.7384730351019743
0.698649250596723
0.7221112089903882
0.720983552623109
0.7121352224288544
0.6812153616093177
0.7367518721799488
0.7197180500945317
0.7163931020893756
0.7228496394529537
0.7866318214425905
0.7753856699832026
0.6666676973628849
0.6988252075317568
0.6659673648186368
0.6719009310844913
0.6890622712989896
0.6996904431075968
0.7204750083500407
0.6932916826050634
0.7115131549445022
0.6878487488989133
0.7142736708811831
0.6954334882340419
0.708361262262979
0.7339590854594316
0.7076553676138916
0.7162651380451748
0.6527110778488124
0.6956951886939278
0.6610984522770275
0.6472666306043576
0.6527110778488124
0.6956951886939278
0.6610984522770275
0.6971581963474748
0.6801626964771463
0.6573727427546474
0.6547927857677359
0.6553110312889632
0.703470616534302