0.5893377175679467
0.6020491788846218
0.593418599313439
0.6300340993959754
0.6152419248439608
0.6409834585085645
0.6343075939868597
0.668270112721777
0.6463966277044982
0.6211367540926649
0.6762570855443807
0.6574358682949022
0.6804977667730833
0.5914114070680935
0.7490694055914227
0.6811430928525216
0.6710382884713129
0.6450749928178386
0.679196628276156
0.6173147814465716
0.6721781739194356
0.6629985770875012
0.697374090952809
0.6609428133528269
0.6174173485750015
0.6417473032442972
0.6119220444416001
0.6287032411191867
0.6611530874511808
0.6634023766919415
0.7055445501402905
0.7077291161494395
0.6934976739664106
0.7015971484339242
0.6642436196628315
0.6487563481989888
0.6285097380007704
0.6909367253185701
0.69037190125329
0.6736775216177103
0.6641186676257682
0.6249320356212597
0.6795124655840119
0.6754907715388371
0.668747586046328
0.6787893297616063
0.6516860080275353
0.6262542128257546
0.6426034768555261
0.6385871677021793
0.6101083514902248
0.6724668729667345
0.6117804673378042
0.5887027048513159
0.6796540218361968
0.7620682758780175
0.7004314160191746
0.7429759656092406
0.7630242590379382
0.6907912841673144
0.6520333777903403
0.6903481234751224
0.6768819398365076
0.6663405156015497
0.7090107386153817
0.6536782498303103
0.6215193514848766
0.6166630784228743
0.6088921849808261
0.5742509758077211
0.5964322119349798
0.5993597294208497
0.6101568110569439
0.6226845155317101
0.6276008887697971
0.644514939121554
0.6453683644509691
0.6197755350608748
0.7542252840118785
0.6105416574715504
0.5942738514513485
0.6076344824091139
0.6203030110372065
0.5912307488112857
0.5595080892474461
0.5685112044367489
0.5517186800825828
0.6069192537198764
0.5276727464942028
0.5389055999635847
0.6817134689326347
0.6615063756852029
0.6355531896862879
0.6979224534690202
0.6520630145122112
0.6667703691167056
0.6946274850239613
0.6214484248253621
0.5764094729647691
0.6226213043657257
0.6243053258216418
0.6477338664377056
0.6213413005324414
0.6338216444025673
0.6436958223137553
0.5563148723882344
0.5989257613905481
0.6575546383640833
0.6498854997575035
0.6700200579728164
0.6188079424213936
0.6803702029157598
0.6863953721224042
0.5856614718438201
0.6563236803791246
0.5459971693237017
0.5868149488023747
0.5667945123178442
0.6294631259545431
0.649430270021485
0.5885451750160213
0.5679363150127106
0.6099859420848291
0.601262236098969
0.6393962837856804
0.6674222380237598
0.6414447403560127
0.6224886257376153
0.6719837041851381
0.6309416107011206
0.6472317503152234
0.5484493068400066
0.6746602332582526
0.6618912516963159
0.6844743627730879
0.6449491192315882
0.7200966862778044
0.7009055507112885
0.6649233616732331
0.6537898126956446
0.6618595532719156
0.7312273271849394
0.6561106480547172
0.6743213151508006
0.5975849274497812
0.6692972559214725
0.7341886650872067
0.7565405508033324
0.7196429062921949
0.7240379909737936
0.6166412654171244
0.7031234095810004
0.7390650709579655
0.6390260011383899
0.681565384475552
0.6409316409377049
0.6374470173792149
0.6269937729255166
0.6782242172906578
0.6107934873330947
0.6589810282114367
0.724002410885632
0.6672739679543088
0.6688017059521557
0.6506312804638391
0.6675535310611108
0.7170723908961636
0.8141661974171285
0.6803097557471312
0.5992019980490229
0.7096623152817139
0.7389183513418635
0.6734114386656087
0.7165318450140487
0.7438461011819981
0.7181448364514057
0.7310898814194723
0.707500204234992
0.6774303965230322
0.6717181003148852
0.6523838403099556
0.6521642953904322
0.6982177232437583
0.667640547610922
0.6416394001357248
0.6554086910784356
0.6879699379440356
0.7251387681947602
0.6737828877237382
0.6976354270389535
0.6722735812094858
0.6633609106525342
0.5997452117621365
0.5766284090880334
0.595771219890451
0.6040443198320468
0.7188086279677598
0.6371052741377945
0.6977655822894325
0.729588727452683
0.7512441856145302
0.7130844387392976
0.6826893567341712
0.694486029358397
0.6985231093107817
0.6858137786493955
0.6346577912893712
0.6612217348758994
0.6717093092895617
0.5583932964012348
0.6544147872761074
0.6546588566875968
0.6219818155222965
0.5997839031404005
0.7057342616662248
0.6926038247301874
0.6973842599024748
0.7048420119736947
0.714325674520041
0.6995177215782411
0.7099540275410815
0.6833591733269501
0.7059299566418594
0.6662463538567542
0.6704479496233201
0.6708477807539602
0.6417525301235565
0.6886588444417209
0.6570553040771591
0.6318024179273317
0.7455253525322396
0.6503354928064785
0.7413625554785344
0.7510219651633929
0.6744252507876811
0.6770801094182666
0.6535330541107914
0.6611723381115396
0.6740337120902017
0.7238652114328201
0.6921512542868371
0.7090510881263657
0.7353981952228427
0.6405827336317585
0.7092982656011141
0.6396265909719967
0.723076589416367
0.7011026150702772
0.6911643425134002
0.680271229534385
0.6657456163649897
0.673435372048861
0.6980721096049364
0.7725422917672627
0.7482064408655554
0.7554129972007507
0.7305469958012281
0.7015674925347799
0.7009670690782368
0.6506787713145171
0.7386934513520687
0.6734939028615388
0.646061405627953
0.6348586420953289
0.7420306818336738
0.7117074271218615
0.7006843094219061
0.6947176182982404
0.6665451856670661
0.6492802114221065
0.6773340565988291
0.6706034366851086
0.6610569046937791
0.6219730457435373
0.6610941008214549
0.682318595132464
0.6265679809149064
0.694160031001316
0.7312820565665338
0.6698330125582778
0.6958914144908832
0.6787463090925508
0.6703364831052426
0.675082374567692
0.6346899246952337
0.6876080529755265
0.6892372820470328
0.6016445702646094
0.6211778635619557
0.65637682449148
0.6645088613857343
0.6893291551341175
0.7145998530167397
0.6285555067215411
0.5818737960147796
0.5828198197565537
0.6928553760416444
0.7470049707232149
0.6683306202395413
0.7059758709044179
0.7241003835733322
0.7227951415275085
0.7016910704228937
0.6886821859332055
0.6824297978330229
0.7096018842039158
0.6950346076792158
0.6715000827916747
0.6842668334087445
0.663364808754106
0.7015106156632143
0.653779666437486
0.7037348462701574
0.6511763198878994
0.6477031369204779
0.6469492834328787
0.6609920561436734
0.6354425946339741
0.6755050598803051
0.6646337246848754
0.6270458190092153
0.6555790673765152
0.7604865885055127
0.6707642974941185
0.6392721325155539
0.6986310013135815
0.630295746712943
0.7001153342864858
0.6497330754541264
0.7201105893677295
0.6607671824797038
0.724550776199398
0.6882620697515104
0.7052410078392868
0.7062990276667555
0.7088246019298747
0.715545144057175
0.6370281732321172
0.7632546841296762
0.7011027794723712
0.6766329291308206
0.681170090011565
0.7116862144057019
0.6383526681469677
0.7202178098371138
0.6344671522906132
0.6842793108970712
0.7139096259707506
0.7476093931581014
0.6750679580013795
0.5982620242437475
0.7175739721959319
0.7165539202110393
0.6198809637245869
0.6403015797101397
0.6336262666381743
0.6811071365456465
0.6453908428909229
0.6727842607597325
0.6745728695315252
0.7428165401646323
0.6808554076126073
0.6704835868134394
0.6742935992434074
0.6524201116936422
0.6549576960422019
0.6820199723987119
0.7231904900644481
0.6828770674827379
0.6599657746784149
0.6575758319639847
0.7101307567285017
0.6389351688253846
0.6266859318283104
0.6332112597917648
0.7088492288746907
0.6687779821831089
0.6442902899189289
0.6862969338990366
0.677835742973869
0.6356349262336644
0.6666027173587662
0.6459541512569942
0.6763709738065479
0.6779423720526828
0.6767010010560954
0.6961044736053749
0.6683667721416912
0.6816860692894986
0.6540630445928614
0.6788059919535997
0.7075174367784294
0.6330530874162423
0.682069231573957
0.6578595204081382
0.6780028731442769
0.6481434559938224
0.6371683034857355
0.6707950053989508
0.6921615223144683
0.6681511435517044
0.6713723111709504
0.5848595263257728
0.6472310081308716
0.6751241674084822
0.6341551439539699
0.6123266708927195
0.6350029840204466
0.6233223868176153
0.6679975775822096
0.6348876626426426
0.6502627658562404
0.6333299581326995
0.6608678280350273
0.621260334097337
0.6382154705976767
0.6249424373654319
0.7298954871129869
0.7130766738639682
0.7050300279851024
0.6722454569308699
0.6592203411834612
0.6410030105774417
0.5984019313658399
0.6494574396589394
0.6332862936580821
0.7111050332374278
0.6199085091226287
0.6759514799178387
0.6291439892632393
0.688532818745754
0.7194086440965005
0.6765708910836294
0.7703134858535036
0.7304944977283044
0.6496548006005827
0.633537507152688
0.6538688709741702
0.6469774392967624
0.6483848270861885
0.6420837093279402
0.6500152024944483
0.6434749373133432
0.637441826470648
0.5897124372865717
0.6233810181450264
0.6530996172030962
0.617711036773149
0.6805707785301374
0.673074838816062
0.6338108446881009
0.6550242001193697
0.6720798828440385
0.6302197693218944
0.6130668804983331
0.6275385743764307
0.59406785661073
0.6177555328615919
0.6564503280902512
0.6880192648158465
0.6412072282912161
0.6113572304534325
0.6473653254525292
0.6231103571334793
0.6213423185324276
0.6015073403079993
0.6646109293044853
0.5776911106961757
0.6421915616245711
0.639082881988787
0.6484893527275707
0.6677519482512133
0.6510008245191179
0.6517563065768591
0.6380440526056393
0.6131041499085288
0.6776747714123228
0.5741739844403576
0.6100103221117695
0.6620680472684453
0.6136041245070677
0.6661754602200819
0.6565519213988172
0.6388678663526839
0.6350218261324333
0.7259443631105192
0.6443590636878985
0.643890367626967
0.6737377211899838
0.6318542612518615
0.6118817385807367
0.6296274408021634
0.6704857121248451
0.7141485890774857
0.6870075261360555
0.7090052330313142
0.6800223801090197
0.7029397567030229
0.6493381513041288
0.6232299874275296
0.6358099061135609
0.6619703858125924
0.6676352674437568
0.6538887986984342
0.6336088333928739
0.6463671085143553
0.6812573478006472
0.5666519573082325
0.6251415592358966
0.5541854081128245
0.683055914617277
0.6466131029434179
0.6593488653853886
0.6132929215319244
0.6366432252472571
0.6557334675223595
0.666871017387375
0.6229302304582163
0.6817469632019334
0.6212189551679358
0.6882091918389582
0.7186783046433891
0.6370387037160185
0.637718456253556
0.5996662271940605
0.5711266125036304
0.6288009023533447
0.614380051032049
0.622858616496294
0.7164873981855345
0.6709862683229546
0.6734657860932313
0.6496065562554371
0.6937790237445357
0.5793884221241268
0.6607540802723945
0.5819710140441663
0.6324997001363886
0.6477634053594055
0.6587807599322575
0.6653718175309827
0.6499086296511305
0.6636795233409845
0.6611635530885039
0.6340432827031776
0.6327432595477983
0.6897787152990197
0.585103921085804
0.6156328353988247
0.6673904829754156
0.6540918051108511
0.6614930011968582
0.6501079832120782
0.6949632665553925
0.6716043764759624
0.6997185114103713
0.6460639282480677
0.6469900273576169
0.6211347375513079
0.6460766702815196
0.6705361053433456
0.6495797089502445
0.6528286582492148
0.5763825527454262
0.6402430268558236
0.6517928530722816
0.6649169129125144
0.6837379682848577
0.6910474820381324
0.6983109450826425
0.6851621803822611
0.6985255527459528
0.758680643765143
0.6581932985473438
0.6475157678078184
0.6930996969646311
0.6034416705186562
0.626667543928232
0.6298257343717384
0.5743902300769436
0.6308960619756632
0.7373723449302004
0.6288727561713989
0.6687479137989201
0.670396000282387
0.6613023636676622
0.6374324691184132
0.588875470260129
0.6402017563716716
0.6582376831966372
0.6539663987952226
0.7120164853046467
0.6970290017316464
0.6745147470008579
0.6674612168333942
0.6718907450529586
0.6992368215536436
0.6743383628155313
0.633194299229003
0.653698322812419
0.7151754157498424
0.7114879405736408
0.688424627198221
0.6780978771145642
0.6675115898888614
0.6258094883087792
0.7212087701973442
0.6259162329771477
0.6417816832850713
0.6335918617284233
0.6783965711595575
0.6697005394596555
0.701956333610969
0.6836406404036092
0.6857346996661862
0.6258094883087792
0.7238306684746989
0.6376169442884705
0.6535453362707924
0.6812051655209663
0.7220237682817227
0.6881382276378737
0.650844935558687
0.653180084965038
0.6760001385295528
0.683988161785494
0.6552762880962071
0.7054727237106366
0.659250586347898
0.7800364293935399
0.6930043790169071
0.7795527318160655
0.6535439706479588
0.6933665595022377
0.6199348863976121
0.7179372156340209
0.6468374795894906
0.7001477035426925
0.6762782393326644
0.6706981525843908
0.7670156944714654
0.744393211264447
0.735752089331543
0.7127584079412448
0.8026667513897637
0.7321038412353954
0.6742969600898467
0.6334941863446181
0.7467096786892442
0.6559806650498791
0.6773025191855264
0.6882490345915098
0.6587858744171636
0.6934292457803649
0.6630252370059219
0.6964437293560066
0.6281437594303817
0.7216133605567308
0.6726600646408175
0.6168420467182775
0.6914656365819681
0.6805308163000485
0.6635504548509887
0.6803673114537637
0.6996710822841429
0.654518381984783
0.6553867824178868
0.6786506881342996
0.6633864244832108
0.677694762075114
0.6671700794559084
0.5872628357623203
0.7076903841515582
0.6732174015557206
0.6591194872026245
0.6796154020407229
0.685808164595765
0.6805911284812192
0.6995126067737111
0.6643195557263822
0.6771839376031263
0.6226407245194476
0.6941015214945606
0.6758679951399748
0.6557847377066798
0.6569185136822053
0.6810313242797505
0.7091362745550149
0.7160377278410475
0.712753437224647
0.6702624012329507
0.6676903618425253
0.7085686171618885
0.6818016218415341
0.7133955817865761
0.6427957911959579
0.6733849768413568
0.6424993478055077
0.6703269753750355
0.6778886100017016
0.6225566103041911
0.6044886179817794
0.6762818470958605
0.6479643752041505
0.6447020671854536
0.6163185814266049
0.6334445397529681
0.6674408174945392
0.6979115515984781
0.6888790019272557
0.6492677547812443
0.6579712312317743
0.6826537684777171
0.6059099088898539
0.6402037105312571
0.5811418754102008
0.5990737236174135
0.6174345528014402
0.6303715875754781
0.6878584578613997
0.6409726195573439
0.6151179581975623
0.6975860203276903
0.6670828142121686
0.6690074147071916
0.6626515077599905
0.6593007961295181
0.6145288172452869
0.6620877428144033
0.7026499203447124
0.6688367238193739
0.6298642621867313
0.6913833502422491
0.6659688474168157
0.67490257568721
0.6470015310152999
0.6001542884299493
0.628111371805855
0.648040474893687
0.6775500403843996
0.6189524304552376
0.6510729884870439
0.5763825527454262
0.6385763674337772
0.6407623221197447
0.6663028443010652
0.6374622771762879
0.6142774079858606
0.628943218752445
0.6048584677197599
0.6450398805782146
0.6317538134656415
0.6566424387730273
0.6656149387759428
0.6418229217538408
0.6476582735883474
0.5717436990155413
0.6560343794250268
0.6834449352567858
0.6102966836266644
0.6123482173967824
0.5509217371553211
0.5941243771951203
0.6689229747461921
0.7097820211067865
0.6567923306524569
0.6395859845058831
0.5594918816709744
0.6757951140202161
0.6706929133185907
0.6707769167451241
0.7141158200507717
0.7030464817463521
0.6920902950977269
0.7066334269687943
0.6322581045229357
0.6806255269119675
0.7031063315968302
0.6492945557208096
0.7075804846505155
0.691999616212257
0.71403828121104
0.6513306849090362
0.6436523504218465
0.6573739656715296
0.6853420750387852
0.6244660020641779
0.6072559766376597
0.654552097053102
0.6474036775090238
0.6977146116254371
0.6727517667738031
0.6647969068451509
0.6582491355527217
0.6332662342982006
0.6178489601057535
0.6684361373323044
0.7188112056260993
0.745425134516864
0.7398843462793498
0.696106776161311
0.682644965416456
0.6405376141097717
0.6526680617271665
0.6143187312228616
0.7035175951123072
0.6768400376420903
0.6723805980561272
0.687604532227944
0.6955177253214687
0.6955264908044931
0.5918613478453504
0.6747241597618372
0.6887510987436825
0.5832423943902022
0.6395808854389942
0.7011378808131458
0.6947179198916208
0.6721604875348904
0.6640748544614945
0.672805122279009
0.6543014332194775
0.6211882685940557
0.6303008060320485
0.6549335696194581
0.6489028811730113
0.6688305127683181
0.6781298577388722
0.6386247373479896
0.6296699177787017
0.6638547470500289
0.6180480797367646
0.6505759748619561
0.6462449310791224
0.6368831018859091
0.6525130816106585
0.6676895474674706
0.64630827885942
0.6485674341866837
0.6525832908628469
0.6335488782787388
0.64191298234464
0.6654190898269011
0.6261919855025315
0.6504630549759639
0.6735527785047012
0.616899045687545
0.6352725081274727
0.6005777423622429
0.6361563377290588
0.5986297552679659
0.6195858564206723
0.658112737233048
0.6413145932414533
0.5984492931114818
0.6733633994967612
0.5913964947537659
0.593588765453846
0.5767695948502322
0.6505721903830941
0.6606212813522775
0.6278493852112103
0.6933908694615126
0.6404665039928624
0.6314778071048438
0.6468912525082787
0.6319219632497746
0.6404665039928624
0.6303205747116004
0.6490088909309987
0.5741319603950871
0.6705302076264935
0.6789069648021049
0.6363199643602532
0.6460358599460442
0.685319050352634
0.6439743727254307
0.6564702676443721
0.5942242690593824
0.6812212926303004
0.68814186978056
0.6399889422264461
0.6448811711819518
0.6538260504711454
0.6473439788208464
0.6281289509739966
0.6618862319460407
0.5846162206203334
0.6940850647377554
0.6008871765368979
0.6019725047056799
0.6367196592618715
0.6607049655495951
0.6679019051412605
0.634911857947761
0.6510392363476678
0.6462273063276954
0.59925450573311
0.6663585595681781
0.5885768103060299
0.6248606323340158
0.6542661000093475
0.6571413191409065
0.622219039453592
0.6570791838145129
0.6314691901113209
0.6678985815880737
0.6256852496488441
0.6332637724767827
0.6232258856038948
0.6375214247975576
0.6396905920526345
0.6301032385862442
0.6571877692894739
0.6367441056028074
0.7009241971759059
0.6779920303355343
0.6885216199043862
0.6136587960226135
0.6712386332290662
0.6829662629053964
0.6489847773870914
0.6003397879309622
0.5867915912265272
0.6272075141289919
0.6423849505457363
0.6283041955866393
0.7006189108355806
0.6751775065451124
0.6854032549907692
0.6489177600787565
0.6276740779899759
0.6562297727802654
0.6752094196225459
0.6488771449579431
0.6655924542836463
0.6443472375186222
0.583009552320696
0.6366225004496858
0.6715848131165411
0.6289561893816856
0.6516952563323213
0.6574896318067119
0.6640824282136641
0.6454614549289437
0.6095560822677072
0.6070252514811282
0.6164609284808884
0.6184736656397032
0.6990670025351202
0.6828162339847993
0.607412260150216
0.6872929841780214
0.6479380785779497
0.5265254481524536
0.651742027907412
0.6724449382856098
0.6325456564080053
0.6086417552917265
0.6311849186187801
0.662570598786218
0.5603158808169616
0.6715635437206897
0.575522654252451
0.6212245048612896
0.6272117744271253
0.6640670194229823
0.6199215772467179
0.6527559515323267
0.6393399929898238
0.624137618804305
0.650057053257744
0.6448765278515435
0.6259839306360979
0.6411414512122324
0.6415816704825017
0.6410521163797321
0.6744236010783015
0.5650084980396103
0.6593915275116597
0.6350489019692918
0.6653954579197888
0.6067909864201907
0.6625117541076444
0.6316054261908867
0.6510926199651955
0.601977205641611
0.7091285403354329
0.5938090250609391
0.6419479707591317
0.6518774363737456
0.6028490530255401
0.6774171203394733
0.6503602680624149
0.6540069988869839
0.6551180843496485
0.6828219362485369
0.628674577198403
0.6366314062829432
0.7083880586751641
0.6162646115142446
0.6177732620122351
0.6642880059196827
0.6233412993380855
0.7217999978311778
0.6337510382979725
0.6526151375855955
0.7051676177100922
0.6933588829037293
0.6927853087073983
0.6762589221690356
0.7000565959865575
0.6526893866253677
0.5726797000989162
0.6313043804330482
0.6644034773501111
0.6232590443565597
0.6671368755880182
0.7214976151516705
0.7223586887161947
0.6781130722764716
0.6822305370119323
0.680378303025549
0.6375753018103923
0.672016041822521
0.674821536626001
0.541452138435893
0.6803256295314972
0.6574932359321337
0.6484975929497382
0.6706108373928075
0.6010125734986926
0.6615098311162722
0.6239192647620417
0.5899616824700784
0.6235746921399862
0.601295356331368
0.6533738246600652
0.7473416036994549
0.6040412866582208
0.6416083541453719
0.6804893952761538
0.6898289975662102
0.6334094235863592
0.662846442284837
0.6682264986706405
0.6971971629766265
0.6843125478071279
0.6820175031874306
0.6630500149792341
0.6625293213978257
0.6859684398745608
0.6858450020977623
0.6713058554404266
0.6692544081398535
0.7041588830297665
0.6795804407838549
0.6871902706687268
0.6280851846075887
0.6887214539870136
0.6436706348186998
0.6431219282550608
0.6407046460028434
0.610988552077109
0.6288143885687641
0.6934290209633398
0.6200678591203449
0.6450741173524838
0.6242088737139364
0.6757803692496606
0.6216133724558488
0.65669851863043
0.664571609203048
0.6173685599017573
0.6333818352054844
0.6330586814908354
0.608615079616537
0.5865836805750587
0.6670123350212619
0.633592436067266
0.6753429836066319
0.6202509035844562
0.6663143513906074
0.6493897396264743
0.6902710164939543
0.6743278551403499
0.6169505193656039
0.5702054603978413
0.6647084210844845
0.6562870657540423
0.6287627315565729
0.6732865606106029
0.6218962871777581
0.639975472608168
0.710300381597349
0.7207136596715271
0.6685732732676022
0.7016015789754583
0.6657007442609334
0.7049486059442602
0.6687743532302157
0.6371029784988335
0.6948886932601124
0.6793113671460795
0.7237587825954815
0.6744017680986403
0.7126380649522317
0.7041080231402573
0.6885302155645389
0.7401243854815798
0.6709065550641657
0.6309060409148853
0.658599080001573
0.6974353578270734
0.6678275124934647
0.6756134601675053
0.7089425426345025
0.6062692763559516
0.6641539712936168
0.6980940335852996
0.6197782639062973
0.7206586869380945
0.6289672859817681
0.6119751337977983
0.7077980697055793
0.6100586801096964
0.6396818960702294
0.5813712124091415
0.5749634338144124
0.6505471016490468
0.6102452425382362
0.6061429450773006
0.67063169001878
0.6213761645186203
0.6296527433012966
0.6652298577194823
0.6592065434064119
0.630089624663752
0.6792290519866506
0.620566767280547
0.6684902998174471
0.6213577804282706
0.6448222599795873
0.6592033870578183
0.6284433026080872
0.6944042887358483
0.7233280956549769
0.7195783555635298
0.6514584441843504
0.626828645845515
0.7091119280203222
0.7036542609254158
0.7266077905995787
0.6780187790525816
0.6687368004624157
0.6481534939521733
0.7222024409860548
0.6326948042393363
0.7055792647026584
0.708674069761396
0.6403421154635952
0.5862892577837001
0.5730918652679167
0.7285142119507052
0.6745622707206742
0.7080069130361111
0.5621274942236657
0.6968986510118304
0.6166024995281957
0.6891851555752381
0.6495299641741309
0.7001551878845549
0.6734791755108809
0.6808962812166729
0.6968851884920658
0.7307243339158934
0.7062759965216716
0.7321345030198502
0.7154816514099496
0.6130769942689125
0.6456517552277854
0.5876048391060318
0.6689537828766722
0.6251523683816949
0.649626747949698
0.6957224015214781
0.667489258950053
0.6764690893422272
0.6316155056455138
0.6855783527761772
0.6784852252363164
0.6208378235252098
0.6231011793384842
0.6492534092600135
0.6491084414234803
0.6953288929956557
0.6693413278092486
0.6252261093164051
0.6463725102236727
0.6625507470475974
0.6424478391973305
0.6317290654419861
0.6268105983715064
0.6919192373949361
0.6213257182209174
0.6306653603498856
0.651808514379036
0.6318274097055817
0.5992539540262078
0.6580295647169627
0.6116095218372247
0.6424463944619394
0.6123296731544977
0.6508397933579005
0.6604720668418098
0.5758351179513334
0.5864738062596987
0.6026345827836317
0.6882345005045215
0.6080974052209066
0.6116848846233687
0.610323480890922
0.624559140342336
0.648725257244317
0.5768851268627335
0.612039810975623
0.6614815880701571
0.6243443608929433
0.659961047150009
0.6242972697717786
0.6376965291919535
0.6454156447359715
0.6115019825365109
0.5906209585343245
0.6571884051627149
0.6241042876810761
0.6062507576285057
0.6236213415023705
0.6337894835455465
0.68130178849838
0.5766683893906954
0.6471455412919901
0.6568198621055912
0.5783630599737066
0.5975017059911035
0.6383269383384428
0.6255533657932406
0.5863521592736717
0.6752722315276501
0.576853009364692
0.6178636999679086
0.6409273996946286
0.7137280678100184
0.5936975991960243
0.6047977696722314
0.6256768115285448
0.6378493251607759
0.5931834682114429
0.6300933327826981
0.6261691955514264
0.5850985738728103
0.6058279926832946
0.6625328098826049
0.5827148168683621
0.5847739779803518
0.6280996541873858
0.7097853620064963
0.6274217172876304
0.6597030405499884
0.6407216957530557
0.681567181339044
0.6597550968081769
0.6903402570905087
0.6964798864445029
0.6915467015252386
0.687358591566877
0.6745891642497808
0.7107853088357248
0.6897806464019385
0.7115865490248374
0.6352464009678452
0.6219878392283884
0.6674658383915327
0.6490793943307757
0.6475279068430272
0.6922211402634052
0.6408468494406965
0.6869637460940933
0.6861939644020209
0.578349246880185
0.639009949000758
0.6222879099777838
0.647217561553475
0.6247717435626943
0.658704725838575
0.6886506329749519
0.7085999278805923
0.614704192137636
0.631137818743268
0.6176799980896728
0.6100393296556292
0.6370967991185023
0.6572913080043222
0.6433206896447855
0.6889375333968896
0.6377533016308766
0.6707123975425549
0.6415073104688549
0.5678103857937153
0.6105923823431593
0.654536740848293
0.5857899060266061
0.5873349626382914
0.7529017196568578
0.7379710446820371
0.7410142722619153
0.7586872615422376
0.7317684526590968
0.7253325774887448
0.7405602120460498
0.7335867461827769
0.7405027889837366
0.7487654280384292
0.706720218881149
0.6870713097297195
0.694555137973592
0.7101509224143202
0.7348560758595527
0.6934055132204138
0.7770472118722065
0.6339995515572774
0.6946029963704149
0.6747033421137082
0.8118278705603523
0.7529453403020027
0.7075769380853029
0.7500931484530511
0.7688595623616635
0.7472780179614419
0.8102742302694206
0.7583310145323218
0.6178003847733562
0.6254906419784918
0.6222816301200542
0.7570384542721004
0.7822988527786653
0.6682507552290801
0.6527470402096642
0.6378984623717497
0.6311772331607524
0.6233582241935364
0.7412423464378998
0.6630705820946506
0.6783577022361891
0.6818119041550552
0.6771754127950146
0.8285203493645746
0.8544641732169633
0.7436647307405261
0.7963419510327391
0.6719374787619156
0.8081767495591933
0.7724357463442891
0.7532047038172954
0.7244633890293412
0.7474568671864774
0.7672222627712046
0.5717398048491303
0.8047335531761217
0.7045711578916198
0.7964710895508903
0.7761382006045713
0.7520053415560145
0.7162288043483238
0.777173078457357
0.7050586623570442
0.6309344389643772
0.636709414547219
0.7439145678372805
0.7438320410793373
0.6935208943718646
0.7231923168079547
0.6891337077935616
0.5735550412459854
0.6809970083473861
0.6069852138294196
0.6484556919382499
0.6884112993339299
0.571280475460597
0.7034875884982352
0.6675545104067664
0.7153053938457836
0.7836424116208159
0.7399000290276402
0.6595768526604324
0.7053748243346663
0.7794514056843335
0.6416906956905487
0.7012307781506112
0.7204372964415319
0.6528298583295552
0.6915007642919644
0.7039641753473809
0.6767516111215526
0.6549912432958486
0.6842615882851708
0.7130493114396615
0.62979931437215
0.6404893435451919
0.6855117903431575
0.6574791999617725
0.6392206869830808
0.6872480193065231
0.732947719115196
0.6613760773380923
0.6593769529994405
0.6702046535575162
0.6065815776181184
0.6600656386745329
0.6897327305870066
0.6625137053437616
0.6562467530433155
0.6549068587523619
0.6610455341484321
0.7315236144903946
0.6344797730912208
0.6767541760331697
0.6670852147005824
0.562611455941781
0.6927238805099286
0.6333005977620249
0.6409516169854039
0.6426706843624702
0.6598476287457601
0.640550596383465
0.5756526007155365
0.6509247378584583
0.5788740745867313
0.5695039179633016
0.6460324288078099
0.6408751571258904
0.6199890791845396
0.6699492852106509
0.617994548824257
0.5951439261426633
0.5685144910572978
0.6508702995283853
0.605492692546286
0.6168407082367658
0.6155112513091864
0.56503118834134
0.5640756721386686
0.6049384851915143
0.5942645547642854
0.5942738514513485
0.6035366294626959
0.6831497835931785
0.6343062309188455
0.6451615690981038
0.5639480055502021
0.6770098962923785
0.6506287145192539
0.6271043766772624
0.604457527651605
0.5874498787447938
0.575478258540726
0.555402477089691
0.5928725844492777
0.6380906251411892
0.6004394417330771
0.6111274800751189
0.6251885834432804
0.6303883766348648
0.5461861861995002
0.6321910825492908
0.6050493749424242
0.5905158105879402
0.5921824925081719
0.5877816682346435
0.5359294426200569
0.5400695000096807
0.5175138386465791
0.5263352674108019
0.5902544077816766
0.5028806305530272
0.5853546734587046
0.5310215240451596
0.58522857026645
0.5955187892301658
0.63633226366925
0.5898558702811637
0.6273162150947382
0.5375323503563069
0.5807700303161178
0.5682539493359571
0.5451941964467384
0.5616338876723248
0.5524901173534426
0.6797405164875866
0.6123465291571253
0.5997745062544063
0.6100892256918493
0.6128435880988492
0.6353310603854349
0.611443709520085
0.6118218610196849
0.6175022884579845
0.5678575732478038
0.6187866465044817
0.5693208287561132
0.5890775690792459
0.5574066842288007
0.5372169598342512
0.6264413013091873
0.5797386154621835
0.5792830817685007
0.5823222138892976
0.6553339534948363
0.6014539184601564
0.5613744394555608
0.5927935787362083
0.6599026754097329
0.6050098297497225
0.6638420328827467
0.6389292695025532
0.5905447174469727
0.5838009464324195
0.5447083738058719
0.5643582292092025
0.5871050830492018
0.5781664383328406
0.6670135690244529
0.647073781473223
0.6619403201334993
0.6334496274344632
0.6978770040849758
0.59384892309364
0.590039598875899
0.6468558655164599
0.7072489495537503
0.7197102872928233
0.6243298029765351
0.6300895149212757
0.5806404699682027
0.6172755783075916
0.6355327467706059
0.6416000944015225
0.5914288471424034
0.5906605725993209
0.5667771791950773
0.5860480488928482
0.5542802669587824
0.5471033441225626
0.5988769386880496
0.6447935757722372
0.6201848303922551
0.6307651887218616
0.5610071440844132
0.6238038884807099
0.5692446301014995
0.5402922028950254
0.6822297979491236
0.7076313464127513
0.5617460926927047
0.5780066465581007
0.5300757603561465
0.5645177039278705
0.5615657847337302
0.6068267419250416
0.5672650196613657
0.5544110405498046
0.6044314422953182
0.5176311735896931
0.5719806084629887
0.5922302897589448
0.5551174447641255
0.5601379126012673
0.6459407025022321
0.6130926239170501
0.5938285652074786
0.5451600428115791
0.5702360533059326
0.5363459388855497
0.5525691508817064
0.5952711550947294
0.5943666277993722
0.5520672481332433
0.5496283262614962
0.5433834702986564
0.5226210125137318
0.5935820883459478
0.5452601919765817
0.577591947361034
0.5734403993239159
0.5288145136827276
0.6158660603702417
0.5273513506575822
0.5331353827249278
0.640017106011
0.6201309518549144
0.6033984563725082
0.6584477914405493
0.6199481587280791
0.6283775416438249
0.6228553141633529
0.6474524925772338
0.6198732405284676
0.6302267266215132
0.6855590841854929
0.7137354846456229
0.7121136004988264
0.6996647968652854
0.6776372732835177
0.5917336508761586
0.6089817452921362
0.6413266135654315
0.6819279373389928
0.6302409362932755
0.6056474258971171
0.663988170800319
0.6230507251257508
0.6158815550515266
0.6376854886092342
0.6056474258971171
0.5469487677474155
0.5409321389137093
0.6455252410560498
0.642043669982838
0.6256940845919917
0.5379594839307491
0.6036071681715227
0.6771351576499406
0.587593199085245
0.6074030762463962
0.5850461263390676
0.6140911821975742
0.6061714079130555
0.5877525184443102
0.6618402617726006
0.6709781778602124
0.5489659635248249
0.5907192823107463
0.5927070176298173
0.5472716556966895
0.5300986182363798
0.6000616514386508
0.5816263634842315
0.5924794876787718
0.5680778333337612
0.6436498644322699
0.5809635180118451
0.5822784999800824
0.5825646871068897
0.5797486826450485
0.5902250255718255
0.6483476653384852
0.6704290464064393
0.6083946749032932
0.6055471948583789
0.6552602900200174
0.6386310215578899
0.5748244126471378
0.6096908646300905
0.5798610120413448
0.5925978228471103
0.6076078350686275
0.6399082822443769
0.6147935373573331
0.5959455348189687
0.5817729312191091
0.5964371787818213
0.5856766165185919
0.5744983009159595
0.5844602347581039
0.6259087770639802
0.5686350721778379
0.633369352463365
0.6576966288851843
0.7214026274564992
0.5832006271884614
0.7370021186020294
0.6434343525373255
0.6868624718947812
0.5933625903561868
0.6883328934072138
0.7118162163133632
0.6645119544179696
0.6101200493556641
0.6221389451497856
0.6183741407311872
0.6034673774820661
0.6633640198968387
0.7529687270905696
0.7423183261010775
0.5933451064667694
0.7003898870778562
0.7605349588065933
0.7535737093312086
0.6944079040368825
0.6744933192096141
0.6582708334658123
0.6469177296360561
0.7125225823142007
0.7407962887989618
0.7352262941900677
0.5811484248708706
0.676196781903816
0.6843150071952679
0.663854621061663
0.7157552758605663
0.6382936172499403
0.711815831281197
0.6332935737555219
0.6086417249085204
0.7134482299520949
0.7366060816996485
0.653764621333926
0.7020867993878358
0.7252447632661478
0.6874720011401436
0.7428353278203592
0.6838170835300731
0.7385986547565512
0.6736571773399551
0.7030095384831042
0.6452443452083423
0.7015080233682156
0.6717125954169818
0.6162148805829457
0.6502629425862461
0.6034364386765522
0.5753554029460418
0.6243384238354925
0.7217033074345335
0.5877816244731758
0.651858255720693
0.5933850436673752
0.6256034819459134
0.7264982572639722
0.6206688532987026
0.6380098817903944
0.6412563745531945
0.6179980479939778
0.6654807749894348
0.665001841547962
0.6804450394066864
0.6421997713841031
0.6104156784074395
0.646510321997036
0.6384079542984906
0.609634649726293
0.6214675291336035
0.7156864954616867
0.6952120733100161
0.6956168343952476
0.7317085476602037
0.7026223296603623
0.6451031499534872
0.6150032990968834
0.7111369144024487
0.707153079142983
0.7607388306866336
0.7541296673342748
0.6987519238663705
0.6375479957782983
0.6311772331607524
0.6233582241935364
0.6563049998920963
0.6731457007046753
0.6726995381114717
0.6873765382340153
0.6838489709425897
0.8285203493645746
0.8562212484958052
0.7582987073157653
0.6719374787619156
0.8087182184552603
0.7217733413970029
0.7342162450435185
0.7249740814056012
0.6563936264638798
0.7441252705556344
0.8140897381727055
0.7489965713337533
0.6738359687995609
0.7014990442711538
0.6101448417756333
0.6433179391064249
0.6260424955812408
0.6068448593526321
0.6496092559916561
0.6535867455750138
0.6260424955812408
0.6068448593526321
0.6496092559916561
0.6954641978662451
0.629709074668363
0.6219985242011461
0.5797357697245041
0.5797536311360444
0.6860505543930148