0.6026601298914387
0.6046661796991085
0.6188819263314564
0.6087863137922706
0.6773779666377262
0.6843010241909577
0.5768389020887968
0.5901362148152034
0.6537838373272504
0.6420635815239999
0.630848135675751
0.5748760034326332
0.6119974800894731
0.5992950770369481
0.6340972467213077
0.6084280245362854
0.6148272841434335
0.633310840463738
0.6533965229484185
0.5494546310429242
0.6269520002884272
0.6274027237780436
0.6511245135788407
0.6206951499977266
0.604176810799292
0.6480004981553412
0.5937014130429555
0.5925995878629947
0.6780936786083186
0.5934657704203794
0.636798914307054
0.6291400020422642
0.5931457075681397
0.6424540470129293
0.6045413528797493
0.5823210840341814
0.5864447536338566
0.6250448063230684
0.61781969762144
0.6572938717393777
0.6432381443006855
0.562448191830801
0.6179043578170769
0.6449736904155692
0.6550912703147491
0.6337054469750648
0.6225195572657152
0.6032651182345704
0.6515338187917878
0.751454785058706
0.5660605176452606
0.6030178421896584
0.5850281800933101
0.5473641418235053
0.5957885018283988
0.6189844376826243
0.6455040305903723
0.5927510675992955
0.6252786991918985
0.6109566158950934
0.6722250702702247
0.5611694036536998
0.659852337332694
0.6295519930894307
0.627567155134407
0.6722167941614201
0.5722566796326048
0.552101182822375
0.5804572011165905
0.5517958124680611
0.5591799203750809
0.5989260343077512
0.5583438285600169
0.563688802790084
0.5566391618023624
0.6134589987659038
0.5920478977962361
0.6075484404362034
0.6956749055386963
0.6120791073231199
0.6702100647935086
0.6789892225628512
0.6758697368453861
0.5889946113315125
0.5899466433378546
0.5985405352189185
0.5834339397971835
0.5901079791347061
0.5556511589250023
0.5556330895231159
0.71993109889392
0.6522324387895917
0.6409477162435517
0.6149221947855515
0.6087589030329343
0.7067905346302884
0.6559655391094406
0.6369128089032836
0.6261106303643691
0.6771695500115096
0.6388600757228527
0.6843040413822501
0.6648611177465547
0.6542013242581727
0.6346762987878941
0.6078612475851737
0.6207642326576898
0.6513230788446988
0.7001492353557573
0.6949284098501457
0.641373749418076
0.6238903168882926
0.6629415599709397
0.636504210978652
0.6633109352701329
0.591092392212706
0.6299463401936974
0.5795143793111875
0.6618441749954764
0.6473669801979828
0.6513898955065783
0.6652638520669669
0.6603948619313366
0.6297034746138256
0.6356971778329644
0.6443519976131853
0.6550750806282263
0.6284117069677758
0.6227549591180199
0.6270704260496643
0.6491080399653772
0.6070435028880661
0.6583790804628743
0.6749128220960207
0.6653666686028393
0.6804430343865495
0.6272652464283394
0.6268917474952325
0.6169036091734011
0.6474304670613902
0.6081180903051256
0.6940762175969462
0.6227667759827735
0.6417019110793823
0.5574064899881327
0.6160701550290342
0.6594898458600998
0.6545517086401712
0.6572955585988162
0.6807472327084829
0.6260390042576699
0.62694704444472
0.6878818698057386
0.686307807403102
0.6624733618318125
0.688452229385532
0.7005132423103382
0.6355947098314958
0.6977376670392491
0.6759837979133635
0.7333410427057585
0.673344384399904
0.6559342678068143
0.6315359280576555
0.6354521894787484
0.6568857936590405
0.6686736895845089
0.7033209974293345
0.6409927482736409
0.6264695526957614
0.6550523554021902
0.674862857064759
0.6272283386358114
0.6412157459540622
0.6770868890069487
0.6498548064680983
0.6749033775736692
0.6236716622256798
0.671607107495036
0.6497395949875031
0.6649710872729292
0.6873851775138488
0.618263041750631
0.7003488325442981
0.6540815990605802
0.6307057699713025
0.6507884546062987
0.6790418900115359
0.6700326771944822
0.6577287454218352
0.672992292818451
0.6746157181072079
0.6552382799299709
0.6293234030279218
0.580545841464514
0.5811894086181905
0.6772702911465632
0.6622694478470545
0.6894527255135228
0.6968894022206987
0.6764464367419332
0.6521501442112934
0.7208876362257168
0.7020474560961997
0.6601144476155609
0.6880260936956056
0.6770279756016758
0.6844519172950168
0.6856551971004977
0.6108706201098896
0.6689798043438984
0.6977662877084336
0.5907434645539564
0.5966396881381598
0.7141017762116081
0.616103096668871
0.62274041228746
0.6703494797274698
0.6783254805983389
0.6569563610170204
0.6271211158589437
0.6070871247158838
0.633469115437805
0.6673374423532962
0.6531801842188276
0.6464074890186379
0.6326850103086795
0.6998656661050886
0.6257806369517055
0.6083377998351888
0.694254900192563
0.6779928239747489
0.7048375357076557
0.678236100883842
0.615914045390482
0.7273636893091364
0.7015992778126817
0.6531057589490563
0.6332756271948701
0.6805095216538796
0.6643085355743101
0.7149614697211455
0.7009510045448631
0.7113108012553601
0.6459621824171398
0.6512448675175135
0.7229586037688078
0.649337022008371
0.6669989194968267
0.7084342835098573
0.6896018422552204
0.7044341108209856
0.7117986695246704
0.6900933141909874
0.6180839076634911
0.68764108818297
0.7026342422442658
0.6635836714288492
0.6503801546048685
0.5979121147204218
0.6791691401185752
0.6107962007522203
0.6642315616554791
0.6827317445455174
0.7027904059142682
0.7207652966078345
0.7684841214789984
0.8135284756934557
0.6993730599965458
0.6258498532020375
0.6695127787841525
0.6707005810374997
0.6200584739235006
0.6404235698861231
0.6886295497564361
0.6819879028027424
0.6246845373375131
0.6912856618953088
0.6762573182319879
0.6762837165789264
0.6967688103448196
0.6888354272659027
0.7091583856285559
0.6876890521264455
0.6540366953002242
0.6687696950852233
0.6370580221235718
0.5854552222815433
0.6217263430077217
0.7279290812709643
0.6549285866461225
0.6726286438389558
0.6851222945217641
0.6642107380043478
0.6037967894036339
0.6007514969776857
0.733877318064201
0.6976543499860574
0.6614154987147512
0.680301358316457
0.662131248593358
0.6965099375763376
0.6501144460660611
0.6751661411517677
0.7115689299131455
0.7656174632445881
0.6896722658818657
0.644229278073285
0.6815430588963945
0.6674576992580096
0.6622586762196491
0.6179345962914901
0.6915409775835446
0.6421430992674647
0.6471948038613713
0.6546303349647145
0.6571978367806294
0.671775120263048
0.6910881224333041
0.6420563704993538
0.6999226202975483
0.6499264976214851
0.7190748573470748
0.6953804644689565
0.6603401168407378
0.7030605804334327
0.7152932498757051
0.6483491298377008
0.6531631364994737
0.6740270541892496
0.6638725551343693
0.6784760178348356
0.6136268343212483
0.6547853557896092
0.6892997051254024
0.7130975213202406
0.6583821675280397
0.638567806531629
0.7174567138339828
0.6843992985356524
0.6644124378229533
0.6521308657444788
0.6360906664993576
0.6213300747855082
0.6645673937616626
0.6418120198348658
0.6635213340535471
0.7404847758951627
0.7139737734062502
0.6293144528641968
0.5802967547826213
0.6974151668814998
0.7066354089977027
0.6160153219542714
0.617714168409025
0.6538707176229641
0.7234610447775395
0.6486185480592143
0.7091703909486203
0.6132395999330349
0.7037032805976451
0.67172620499056
0.6800092612510001
0.6516065696040346
0.704434589432021
0.6361962423301252
0.6839103166565071
0.6276209803539122
0.6338813595373216
0.6639986991855608
0.6554124286828475
0.7149231982312081
0.6737368117130452
0.6297699837705971
0.6760612650582197
0.7396518147594776
0.707968346205884
0.6345623760353185
0.6405356810353998
0.6740277648755841
0.6849376786978368
0.7090491320666208
0.7218950395080982
0.688730335260113
0.7152315698347439
0.7078497930436795
0.7144794924240404
0.6951568272856908
0.6824507604404736
0.6908748198936957
0.6220680675408737
0.5962582558878506
0.5780157139305399
0.6580931845976526
0.6429132329236217
0.64251608499363
0.6525704180044977
0.6324397203443978
0.6459595929028358
0.6848572375299719
0.6925765807369078
0.7122276300923885
0.616093384100074
0.7022053596271267
0.6835416026656014
0.6449427662539391
0.6574436414648884
0.7146661699424125
0.6781348222764133
0.6478353388839161
0.6521507787541494
0.658530346071835
0.6780326588084584
0.6476546830118922
0.66801177043663
0.7027652908424602
0.6838187492609973
0.7278674539320754
0.6957840195962038
0.6887532746177293
0.6603289673812535
0.6738839500732043
0.6754709266204699
0.6444132076667674
0.6855054931564503
0.6630578646892824
0.6977128252483763
0.6602373041507291
0.6404756345529306
0.6174057993610262
0.674569704798825
0.6906377333224328
0.6640672253906208
0.6832942463934776
0.7035849334481671
0.7352324096066051
0.6985019239818827
0.7144663101702916
0.6639796811094693
0.7046214342476332
0.6838704015036967
0.6730103753005822
0.6804905281897063
0.6596155404881742
0.6293359730638795
0.6539414953993605
0.6907424221298392
0.6263429237160472
0.7233683506254633
0.6783798903515482
0.6430908260660508
0.6892082173828633
0.6899943722844695
0.6663888677798168
0.6206441061434118
0.6667012505906355
0.6274482907364606
0.6603777845056304
0.6771579358677602
0.6789523433050851
0.7165289353401839
0.6479497626001766
0.6566736033054387
0.6757866462928614
0.6597718658668966
0.6314464839148375
0.7088539211820994
0.6600759836980754
0.6755723918326932
0.702216496751477
0.6986269531751322
0.6939294289796031
0.699397588401615
0.6272433430253999
0.6520860396508412
0.6030987427246796
0.70591543706628
0.5919670269845341
0.6523393758115628
0.7002747835498261
0.6469569602980052
0.6358366083703995
0.6242910142159748
0.6639973012413896
0.6711845757589595
0.681081645253741
0.73116451891596
0.6624043082270283
0.7089143927039253
0.6385077157746593
0.6533083010966637
0.6651561560797132
0.6656760131556732
0.7003548172654486
0.736279472019829
0.7285507526159819
0.7033914764436394
0.648538956547406
0.7271934179759062
0.6550308096570103
0.7015725742330771
0.6888083299847316
0.7268449824690265
0.7145706796420531
0.6825226200318327
0.6885188462272077
0.690748827251413
0.6714342198864481
0.6966010069979695
0.6747484175773402
0.7142117175695918
0.6868610174481898
0.7229142331058257
0.6689775550714765
0.7037625287395793
0.7447933046854123
0.7142041769704915
0.7034130223875074
0.700762755016579
0.5737029141367316
0.692923875857005
0.6592598934368584
0.7159470980622844
0.6609018200811853
0.6936953851985858
0.606401483946729
0.6755025214414833
0.6477938671847743
0.6224643821183734
0.6908362368712723
0.6796522097887494
0.6997846260171705
0.6582697076787046
0.660367811947286
0.6089412834150928
0.6631864791631524
0.5969947359280996
0.5811401053317264
0.6870775657421593
0.6229442521886515
0.6750100213994928
0.6815399231300047
0.6730523018536615
0.6709918774755682
0.6995927008290925
0.6085180086748061
0.674515630313728
0.7016559461565887
0.6704967817855387
0.6847489353344541
0.633907094879753
0.6376176846889148
0.6384376775560754
0.6283497886467668
0.6425603958257663
0.6815940510643828
0.6590869753855795
0.6217021411542022
0.6186452246022711
0.6558734199493925
0.6800071289539812
0.6239728682166629
0.6711351468059096
0.645593166527926
0.6334687623808132
0.6202555375555723
0.64068307425409
0.644709558116668
0.6434212231893011
0.6515819131079891
0.7239947251734444
0.7326523225150349
0.7153551661473495
0.6783895354418135
0.6285764751600365
0.7122240178777665
0.6107107055803198
0.6433575906698272
0.6617788738970354
0.6376889332435784
0.6806110023253414
0.6355252098450737
0.6681681353180213
0.7166032178076895
0.6806050245126373
0.6606164645910404
0.6471595637629347
0.6486332276810091
0.678484340284764
0.6393152940462039
0.6451055663743753
0.6786116622122352
0.6682768126557174
0.672588901299802
0.6550983804457957
0.7050628360758489
0.6671001098459461
0.6450252900903779
0.6285098240214493
0.6900362392991032
0.674106734645768
0.676865307718987
0.715162208583895
0.7173398035182986
0.7063920062257745
0.5508760706082733
0.6505665738839064
0.6831001514172866
0.6640854887684071
0.6621830404391336
0.7042527305206749
0.6176429671811978
0.65131436794474
0.6539665987105854
0.6924095138511047
0.5508760706082733
0.6395488869977747
0.707438818027904
0.6622941282033554
0.6405080370814813
0.6755135059611481
0.7008623916377669
0.7356213530022817
0.7234988985367306
0.7382053903224802
0.6106271650424264
0.667962181201531
0.6534443192185696
0.627171635670557
0.6555336579224268
0.6342885875443991
0.7176506770824038
0.6200183689199003
0.6347415077287765
0.6039036440519086
0.7109668866595256
0.6326737983244469
0.6686440723534617
0.6912603281802617
0.7118628115535118
0.6545858929859775
0.6522494924119704
0.642117534295611
0.6323591389749172
0.6548864489085462
0.6664639209752043
0.6710901454395034
0.6707786777674603
0.6551940051147429
0.6391671415476707
0.6955529116037131
0.5909445711560242
0.6361293513121209
0.6070413834923617
0.6356380056103589
0.6599087051112187
0.6525443500913028
0.6648850996162573
0.6440149917430186
0.6285936688589834
0.6822931808607406
0.6514162340535374
0.7077554831574564
0.6976451896081375
0.7133049805251546
0.6679628167654964
0.6494712397314685
0.6965323623800769
0.684766960845344
0.7251041467006556
0.6561003969090593
0.628650505393561
0.5922628728906072
0.6490363172141875
0.7005280740487596
0.6751030620447248
0.7306951435181824
0.6738206231933922
0.7194947546343147
0.6624415174550095
0.6676430342853595
0.6420173896282465
0.697347483771799
0.6248173897412352
0.6252747593087401
0.6424677032607945
0.6660318447653313
0.7111460976662753
0.7060200401765977
0.6528138075860357
0.7419502371767477
0.6377728910949668
0.7388549961205032
0.6954098488034002
0.6889004880124318
0.6933801003963043
0.6598796158436212
0.6341020791045937
0.6829967097788476
0.6484307319162884
0.6818971160090542
0.6246347025656283
0.7465998170320248
0.7196139630900493
0.7185387919681602
0.6124481588955776
0.6715936978675241
0.7741869541010058
0.7383861088739372
0.7027193513800488
0.6723118181428733
0.680566486260726
0.7104580129793374
0.6827746805506534
0.6889057058929516
0.5781705459710388
0.6414530222437228
0.6749263275871923
0.6833479133614803
0.6955207846236579
0.7038144399813613
0.7021858768212909
0.7094327584053496
0.705548979470086
0.7627824813664122
0.7320823773810826
0.7208071577097859
0.7026306995063283
0.6869715296513288
0.73586378693851
0.6898915635706169
0.6724136871376052
0.7465588907601651
0.6922121050480072
0.6981443868815516
0.6614790741899214
0.689774763712904
0.6689358005882567
0.7075735543329837
0.7207200695983854
0.7060941566614759
0.7218397244519614
0.645593166527926
0.660293654082092
0.6953622221499399
0.6442844308325438
0.684077118320281
0.66235273717624
0.6478063426206943
0.6334663211434561
0.6253690488888461
0.6391916747742389
0.6709887919536769
0.687437073253515
0.6495648913261118
0.6540271365515521
0.589688077703492
0.6400242455632045
0.6824891365224828
0.678204531445413
0.679741781149148
0.6219568097619373
0.6756930544927313
0.663667593227478
0.6857161713181517
0.6656254015987306
0.6640352685706414
0.6464120952154482
0.683226354537039
0.6722767951390769
0.6285594249986626
0.6233715578923903
0.6456910697565992
0.692385192456991
0.6687885489166421
0.6963380492018778
0.6859327410702338
0.6904027173385349
0.676380621069684
0.6804566539865619
0.7151785267985067
0.6827531242394521
0.6485709960831078
0.6256492293894463
0.656772966156686
0.6390973089552995
0.6567650518472655
0.652952106631806
0.670007264336596
0.6389281802025056
0.6405188510742583
0.6234896023420801
0.7217756830191036
0.7081028898904805
0.6501669096386221
0.6099876140754547
0.6969428039742591
0.7115425321896888
0.7389578991725602
0.7543595067930489
0.7075760402206995
0.640683853243423
0.6210132881892003
0.678852225532325
0.719311607991756
0.7205691297722249
0.6986601006586306
0.7490231942926843
0.6897139775892732
0.7367341036701462
0.7096354439992547
0.633683874663073
0.7083175378747887
0.7376856198307762
0.6682310642946364
0.6931028758072554
0.7105628493273062
0.7224849500889049
0.637178514613826
0.7455669741348888
0.6792310125143889
0.6952072990694427
0.7086126622427011
0.7049473413091816
0.6626682238937436
0.7145428752234907
0.7062185654854553
0.7094701387222038
0.6712013827274389
0.7862105376951875
0.6929592132205201
0.7009289757278939
0.7018354055878586
0.7214219902233082
0.6776894383964827
0.7283926082833907
0.7360227217183256
0.7162403171587254
0.7219009786188192
0.7069189175748433
0.7373233003012658
0.7059033281530623
0.7084037959185673
0.7173427499195503
0.6786804443085165
0.7325283849069653
0.7167907532944854
0.690376472432618
0.7426393389544951
0.7025676930352642
0.6889166827902002
0.7504152506650092
0.6844989960690732
0.653156742543334
0.716998348675222
0.6504071769365306
0.5887519015919541
0.6707106509252283
0.7061111946371085
0.7073327505018919
0.739687937869437
0.7306353966530995
0.7285780108058593
0.6706901642847606
0.6630374670664022
0.744449723868229
0.706224075168542
0.6706901642847606
0.6788904254057293
0.6838906800765495
0.6029719407634399
0.6995630342917065
0.7276662147889935
0.6453432498726701
0.6974211481391559
0.7156292491115429
0.7312329223311678
0.7236637021782794
0.6824541537526647
0.7102761231236462
0.7380880185812122
0.7400858350789384
0.7141094504325987
0.6836076812382661
0.7216513580153535
0.7383781962281394
0.6865894946721822
0.6439310823504109
0.7506575736120609
0.6791878725331933
0.6977773478003334
0.7101797484327428
0.6655887490631095
0.712000261472756
0.6966205284050107
0.7248146073211873
0.6909897825829129
0.7010572432343086
0.7377551300873461
0.6103656144017002
0.7364750089072294
0.7374861072175525
0.6961929299049775
0.7303410556005185
0.7693837697161882
0.6935870184008347
0.7187091479172292
0.6971905557031944
0.7661347012653271
0.6913997013812744
0.7058945856652217
0.6796893954603697
0.63626362271711
0.6355895228485297
0.7063016145058896
0.698506376517607
0.7032215932100918
0.6812466054313958
0.6917758697568246
0.7274735999368241
0.6933040257246292
0.6668138402122712
0.60873955562226
0.6763088925149067
0.6252937790166209
0.6815221894205745
0.7138418387314996
0.7288378595017372
0.7113866385455151
0.717360407686858
0.6828994373433979
0.6940441075653223
0.7109526759344026
0.7089891286086528
0.7441572833215598
0.7309042851457547
0.7593384609996825
0.6087863816151566
0.7402954673252202
0.7404255808601479
0.7378695818211064
0.7149175889812097
0.7072034846657599
0.7031207191387573
0.7335456761196997
0.6871687642803845
0.6935310038662306
0.6955573025164373
0.7149667018595197
0.5831780070903364
0.735217555492852
0.6401174506772763
0.7345014183999574
0.7806392927574958
0.587972800697728
0.7372103451114791
0.765294347827992
0.7945741824279935
0.7017245243189006
0.7452650748741112
0.7038437852806347
0.5688465206476973
0.7469702838943573
0.6652616292325889
0.6599531709259904
0.6892100147688012
0.662411499546597
0.6711883526748949
0.6295691243696034
0.6755746429307998
0.6597742883765455
0.6684601485635633
0.7106278231315034
0.6828587714608081
0.7210448071623315
0.6512216103824049
0.7024874852703001
0.6786308917968951
0.6020024637149538
0.6416989737615145
0.6375709118276067
0.7178915160198001
0.6635451849118916
0.6746198345429963
0.7467385934065665
0.7140822809288726
0.7117570719025518
0.6965933431653321
0.6312229374538134
0.7060039413280275
0.7102812183932554
0.6160540142892617
0.63018314436109
0.6699645984387689
0.631289213602728
0.6715349545015811
0.634461656357155
0.6319050656541961
0.7087701419976272
0.6581503279196774
0.6045162719306194
0.5930382366100085
0.6804842570102689
0.6799850834912988
0.6884214012909403
0.6214939429675
0.6772260463257529
0.6816356030567297
0.6638083211212891
0.6892487501866276
0.658399127524427
0.6378631332524298
0.6616313898536179
0.6248580127478058
0.6489728787383382
0.6796530748471323
0.5676463149085452
0.6648406759963352
0.7047660797745585
0.713954860000207
0.699273876470354
0.6981104676100659
0.720810126752311
0.6659840091638609
0.7185094213964343
0.6944856985940715
0.6429138557154429
0.6918322666648027
0.6411060939699642
0.6578064947643746
0.6719845132078028
0.5661630308627877
0.6784461310505575
0.6276419830320873
0.6107522871291617
0.6802202963788411
0.6009422636448709
0.6318980009938115
0.6921439952280988
0.6311915710093242
0.63423028638291
0.5773896574328927
0.6478596423926751
0.6116516231928467
0.6605305516856382
0.6743762664816381
0.6785517055984731
0.7231476165863391
0.7207070032295776
0.6707470310448307
0.6994010380243949
0.626731589934031
0.6899768443239397
0.6692576168961574
0.6708585770533088
0.6748567086368786
0.7297277225949198
0.6718087243615918
0.6520794428890108
0.6893702423603335
0.6766949096934011
0.6299502739925054
0.5914887141871401
0.5901487793970488
0.6048387937488561
0.7034092521613248
0.6091461352565425
0.6247548028237003
0.6466597594633334
0.6986195224642956
0.5945296085990716
0.6935354434057099
0.701324912319307
0.763606258754575
0.6747507730723804
0.6321264381119086
0.6297529001755926
0.6562085651968619
0.6321952100009594
0.6300403433010053
0.6876100824240904
0.679427892564834
0.6461263218266938
0.6485797829255361
0.6639908325531488
0.6564078302942056
0.5734475609857543
0.6609570784310028
0.5827488039375249
0.6390686377877354
0.6651528309182052
0.7338565860950643
0.6763776723868808
0.6649176694143311
0.7147290435922055
0.700624401510527
0.6877204398855282
0.693411890047897
0.7152259253572949
0.6747467158744587
0.7585694476956456
0.6530726290645097
0.6448222429730673
0.6746131941939876
0.6591031615381778
0.6363608040718921
0.6626163988921328
0.7161441727318122
0.6368015977520317
0.7697629065741324
0.6452882696340146
0.6104259906240307
0.5991105896788379
0.6534669822473909
0.6689474849275684
0.6579924996710785
0.6693315487226333
0.614909158774951
0.6740177556812305
0.6746829255516372
0.6414490438779141
0.6863391698405336
0.679174115118529
0.6693049555495287
0.6646659169136934
0.6711739241673483
0.6080425458455583
0.6206014453051949
0.5971383231978745
0.6724857343440324
0.5993846278859604
0.6107507381706109
0.6833702529324649
0.6631385224730415
0.6556783995237291
0.6779656272510404
0.7241613650411028
0.639610558304382
0.6657224060799212
0.619437743585569
0.662174778405084
0.6756692516880617
0.6171050830987014
0.7013065917527107
0.5973952054507962
0.6386835753124942
0.6102641937916284
0.6664023529337125
0.6539171306068102
0.5926248764877556
0.6106268215557838
0.5851465657675543
0.6575755900629078
0.6322431348173395
0.6549484821649976
0.6268861350893057
0.6389231363552097
0.6249277377871889
0.6950057892460275
0.6397962199155726
0.664137412849389
0.7631988393596258
0.6350293387193939
0.6937467779491794
0.6403884953573837
0.6822530737168311
0.6185727437716424
0.6803737690698947
0.638001072353848
0.656432639233725
0.6475098967656909
0.684419758067192
0.7222534915510626
0.6285136608158484
0.6591761357988158
0.7589293937455072
0.7262647484557363
0.6660319557727157
0.683585214593422
0.6835130605435277
0.6878264514842597
0.6663059294707344
0.6536405749832417
0.7025364705467636
0.7202484477128045
0.7163034876378951
0.6020007759958099
0.8440906258989577
0.8029036366890536
0.8055026021715034
0.8492483572620856
0.6877482590749098
0.8064334695346353
0.7161734555781988
0.8098283201901451
0.7640042414679689
0.8175075970345367
0.7618205297727019
0.7706804665500786
0.737674507314699
0.6815738822899937
0.7174493365680459
0.6979647139496372
0.7879018842927857
0.8223921740413139
0.7385737827113465
0.7518245271263418
0.7445321786685459
0.658261305033513
0.751076869611495
0.6857997421248839
0.7287364142175882
0.7488602612483638
0.760135001711985
0.7345509399865237
0.6143527861815123
0.704711020802704
0.7199675421721814
0.7520162606304821
0.737160349076424
0.7683124126011175
0.6518161980389818
0.6495459006294428
0.7419376815203754
0.6993801142434969
0.7209759344345603
0.7493472863794067
0.7273755653610946
0.7146486092827219
0.7742483086207687
0.7120086210369903
0.7505613615481362
0.7704390150073572
0.7244761780091526
0.7227551867828022
0.7341480341984483
0.7760769274854179
0.7572488586924563
0.7763782800195163
0.7740125037719423
0.7136716055453267
0.7399635026392365
0.7468201297414554
0.7545375853897494
0.6339203875183881
0.7649709979270495
0.8043861864031743
0.7822053041730345
0.7558658373608905
0.7413328724822436
0.7374983213886216
0.7880305990573936
0.7040114765289432
0.7908938154037702
0.7056739854421599
0.7141378677892078
0.7022587748717274
0.717759361723138
0.7002689249430109
0.6959473667751785
0.694680843353439
0.7067360275431304
0.6622167883903473
0.6526648829211532
0.6810718181897318
0.6015766092161019
0.7202521717723156
0.7171200204836652
0.6822651455522587
0.7641582150718385
0.6547154510925015
0.6818508330170923
0.7059015645431335
0.7231746473997007
0.7632346167732369
0.7387552948490349
0.6787232149287769
0.7528732924941895
0.6452768373466055
0.6777928285065223
0.6484180075080453
0.6744649969695983
0.6912651494420936
0.7091746820438101
0.6594670039059851
0.681352222833421
0.624496005899744
0.6653991602390056
0.6597735346753154
0.6064097892480954
0.6663390388560996
0.6562992553711917
0.6358492425727414
0.6267013735585423
0.573804469875073
0.6669948330501072
0.6657226041990346
0.6178337742557882
0.6392926873320448
0.6292530587344944
0.5970011820990335
0.6638732597184099
0.6402151649260479
0.6299376741257856
0.661559391839683
0.6690831168256662
0.6740840806001999
0.6606369566902456
0.6383587801086399
0.6066980996248504
0.6319280746119699
0.6102535124028634
0.6200123828710228
0.6579097964441949
0.6526258534906338
0.693933683558864
0.6144778222418067
0.6552457983177778
0.6599322884940796
0.6699812540448918
0.634476591054597
0.6413113256591857
0.6756448824644553
0.5970516235297602
0.6774730975690367
0.6536021600488594
0.6420211025907341
0.6485842954049712
0.6192344270648671
0.6449232138491255
0.6409738243000885
0.6340820628159975
0.6709276029355047
0.6757233766830568
0.6833877286242561
0.6784267101546484
0.6473304544272706
0.6694813513863839
0.6493049483462643
0.6694111233526937
0.6835793631222092
0.7053984584606032
0.6624412123573568
0.6628230822893456
0.700325300018031
0.6620712388018067
0.6833367575226315
0.664765735028187
0.6703130415150531
0.6322429432879425
0.6358657619300543
0.6597546348346925
0.6239566297345336
0.6651417256433323
0.6197929059823665
0.6902685494832537
0.6607362959846508
0.6636090544780262
0.6728557175418569
0.6381299011028599
0.6279624749809868
0.6846869344141918
0.7198800303753808
0.6754324928307949
0.5863359500210095
0.6046666892731749
0.661898296943023
0.5742162190079835
0.695013012185182
0.669426279152995
0.7116046487162183
0.6641478164164765
0.6582156341017
0.6863114001982712
0.720463863187241
0.6934588387489405
0.7573318097598636
0.718658182057182
0.6121695488549384
0.7657190862008846
0.8020205614055063
0.7377893655614411
0.7095942484581135
0.6339850698305981
0.7316965445027386
0.7207168988899126
0.6906290475925057
0.7234546774646043
0.6717717873247896
0.7115166944795172
0.728147646590094
0.7019614388383556
0.638724830319203
0.6171679551459802
0.659978787054569
0.663645098232226
0.7446185539326908
0.7042278219937115
0.6469588587961823
0.6867396460574914
0.6646242116955734
0.6581845516870203
0.6608043423534531
0.6217121935488987
0.6575213416192107
0.6688015098540462
0.6627838887678614
0.6540687391662161
0.671398543207602
0.6536526250231057
0.6794989482489955
0.670857243420901
0.6399398368962806
0.691065169091547
0.6611265599612406
0.7063680343619374
0.6944739794284625
0.5911729510074655
0.6681651151386359
0.7119441658848892
0.6362439116793792
0.7091096142663723
0.6563048977866185
0.6431475070627194
0.7507987504177722
0.7018033808622924
0.680920658659554
0.7109638559680608
0.6384200866804725
0.6980091674989847
0.634487066605463
0.6616095346975602
0.6626750181819637
0.667039678633346
0.664137016192855
0.6075891034646239
0.6378956969350242
0.609056587158326
0.5831981549993044
0.6730711175572353
0.6155060563906531
0.6529144919049225
0.6894571201189641
0.6714364343037516
0.6605517758792496
0.6124862783504774
0.6513125548878805
0.6224633153269329
0.6237974470054249
0.6096563460715698
0.5951480899967072
0.6036862261527972
0.6553750503797969
0.6443584821112697
0.6702100647935086
0.6429480920789471
0.6409985514671871
0.6884565988484354
0.6385594200833032
0.5908565859802606
0.6414268634280781
0.6604643940638746
0.6633037127606499
0.6074914935922243
0.6497180081073543
0.6054563216440768
0.5962600224649002
0.6488183917905184
0.603060947489399
0.6417102801479444
0.6066483858555257
0.6742323715298192
0.6696066072657372
0.6591606189679211
0.6584057933834973
0.6179931648897855
0.6197136512060494
0.6057322199283881
0.6182234712030672
0.5433266341503599
0.5741250236729455
0.61684331800723
0.5910461905986087
0.6231991030467876
0.5589550002370858
0.5657822463906952
0.5887726326595665
0.642700898689769
0.5991103125398386
0.6372196193599965
0.6531778269934266
0.6527635934135658
0.610455141337862
0.6870660545664888
0.6311053620967765
0.586655431710368
0.5827125657123637
0.5822470306849961
0.5895469216038419
0.5949281324221602
0.5890955673775424
0.6565238007764616
0.5924696090587072
0.6381350648310052
0.5970813832206467
0.6651875250920197
0.6477234043199032
0.622960939321681
0.6775307118157806
0.6209258941403847
0.6195005991473043
0.639420883443092
0.6502496100939467
0.6703307559573906
0.6545485862917901
0.6330617982134112
0.6371662453696855
0.6621013701068865
0.5540592227463456
0.6478133109229721
0.5991973964005417
0.6986492143976258
0.6454024028827093
0.670278071698645
0.6806851172499838
0.6190191759205727
0.6834619452504281
0.6401804842378165
0.6306922997260899
0.6460000000779308
0.6347754524156395
0.6887009644288612
0.7018909412880636
0.6537128748044595
0.6410740784073067
0.6786235913557066
0.6354034399426514
0.5694065787475511
0.6479530559752275
0.7243110058596206
0.7206914271300356
0.6480219483656854
0.6454698829613826
0.6040295287159848
0.6382527187261734
0.6565711445892731
0.6914266205963573
0.5955938808676139
0.6539489620533728
0.6061887533906112
0.6355524542367632
0.6172803198643905
0.5596345279712127
0.569679033314714
0.6544368515819948
0.6459769191967035
0.6459616113196209
0.5577589285864675
0.6211406425020511
0.5855341154521276
0.5765218347219471
0.6577235414458429
0.6818858229159014
0.6040708733612071
0.5832821957701789
0.5857551898927582
0.6070893704846072
0.5948620297273135
0.6385798022059399
0.5639806051449606
0.579299991563958
0.6678616243236769
0.5840632484480917
0.6235149929089063
0.6211178864918383
0.6184341154939516
0.5982776903409517
0.6649203731293889
0.5627433096114385
0.6140917492544039
0.599960021224351
0.6320123403339732
0.6183371626113473
0.6122549455000561
0.675898174734133
0.6469685402118924
0.6404952988761528
0.604018659625674
0.6309629195289023
0.606115106389655
0.6506991274359583
0.6574825788911667
0.6914623889733159
0.6739305621702256
0.6106715846917377
0.6483372850211855
0.6376154259113493
0.6027527511187154
0.6752199303343722
0.6407358566211988
0.6427318581423643
0.6565519011944744
0.6855247642865546
0.6616735221495774
0.6429299901344278
0.6410038201134826
0.6172159406990235
0.6909128257062783
0.6543341319564813
0.6649497243447501
0.6538076734187794
0.668449634585976
0.6804240364998476
0.6162017926779556
0.6634935955401072
0.6599242899227484
0.6752028555358998
0.6350025254352519
0.6479751196541441
0.6322456302851858
0.6447445401940528
0.629068016100214
0.6117225694135414
0.6479751196541441
0.6323327453787025
0.5860921630204767
0.7176388458739851
0.702705139219347
0.6796080629485787
0.6355538990006797
0.6063705360879886
0.6729674021528728
0.5786047378842342
0.6321293853633613
0.6155200227275087
0.6539936645730948
0.6590934209385206
0.6023945165167618
0.6775707309260467
0.6661335563626872
0.6367202286134953
0.662040076674981
0.670453026011122
0.6234449674278495
0.5825733995180311
0.6353706500985679
0.6506213860810497
0.6340467357483998
0.6273234179774894
0.7043309891119676
0.7190150945491829
0.680625818014968
0.6465882738562255
0.6240160639575426
0.6739988810900567
0.7059659330857374
0.6686444939209518
0.6650485501931948
0.6313986839154833
0.7208944314049518
0.6956561821843685
0.7112119339594857
0.5990404782958059
0.6254900882523804
0.6005691189737133
0.6232926101324832
0.6675369844821982
0.6707128539184873
0.6153082735955454
0.6187231730137034
0.647805910867877
0.6412805215413562
0.6111112650706729
0.6771555599625848
0.5950419400099869
0.6313345527424518
0.6496218526163171
0.642912673313007
0.7104512516322249
0.7150977700402897
0.7365536171022776
0.6732168833975033
0.6833028095001299
0.665911220938936
0.7132809918868181
0.7158513575908768
0.6755225804151817
0.6868839567749325
0.7061618557752299
0.6762887403127613
0.6330031844696022
0.6367517662503348
0.7019112831386483
0.6549380011590069
0.6232434947527277
0.6355630865122285
0.6569614804730648
0.6987699701604654
0.6768712421642019
0.6540623346684787
0.6114890520518713
0.5861407258092165
0.6439489383655418
0.7302966108154465
0.6837661473509148
0.5920556366478422
0.6579491889009598
0.7161257697662398
0.6721936287905448
0.6845443014496171
0.6776776832114142
0.7139470418370322
0.671422388373684
0.6701323363101853
0.6805172272882996
0.6884348811086537
0.6646501462345199
0.6698509520228956
0.6959054053132363
0.6435766484055129
0.7236189933403455
0.7031220341646037
0.7625455905125409
0.729574427894769
0.7632122536932021
0.6233926180060718
0.6688848586215815
0.6819362491642653
0.6037949703541203
0.6286290589120981
0.6211379645688319
0.610949349267541
0.6124320445228665
0.6880274777282116
0.6049255536978598
0.6046503262578755
0.6297754411414868
0.6352184583719185
0.6707878137623151
0.6578009043759697
0.6606142211486243
0.6065834964117026
0.6520348284969951
0.6715349373033696
0.734850738725874
0.6681071465361429
0.6906194149198936
0.6835217098677706
0.5972264800266841
0.5982838364372953
0.5975254134919666
0.6844405253547535
0.6738899933295929
0.6773659833113105
0.654986576578358
0.7114717966768956
0.7233928440607773
0.6981595204649041
0.7965904269996781
0.7373904431209081
0.7815318916503995
0.6617106861153993
0.6659184415906998
0.659958299835367
0.6729401231165442
0.6322429432879425
0.6358657619300543
0.6476303679967285
0.6312865254971057
0.6864807987746001
0.6480318267077619
0.6896528552907937
0.6607362959846508
0.6657583697711378
0.6358575634607079
0.6279624749809868
0.6855243981701558
0.6650424891972071
0.6583303264215747
0.6418836059912291
0.6729714227018573
0.6337773227862428
0.6854236652936598
0.6896988395806622
0.744132205334131
0.6838760428304889
0.5926452637072137
0.6632082146145476
0.6190911012641154
0.6024938147600165
0.6071261371512108
0.681564274712089
0.6190911012641154
0.6024938147600165
0.6071261371512108
0.7011869336804735
0.6130647542570211
0.6403005131032993
0.609953464680163
0.6041659843459085
0.6212909432410809