0.5790177480167332
0.6100140321775943
0.6250599418738018
0.6411862924843829
0.5775045475647048
0.5996019208276919
0.6110841707342827
0.6037029906483259
0.623320944754234
0.621856602641386
0.6323784776630405
0.6193833323159941
0.60163596203948
0.6247322450701432
0.6044880446235515
0.6577886204966136
0.6565090806359944
0.6165596372627637
0.6514984615669089
0.6380044785023049
0.618073734343958
0.6368085696462449
0.6429808482782761
0.6168720174585395
0.6295572673611955
0.6334258138192553
0.6245178124231608
0.638179472269729
0.6577431025198127
0.6706140554028789
0.6469576270311543
0.6371575290163763
0.5829672631867303
0.6207738526764839
0.6268769826392914
0.5838996234101891
0.5921054302585362
0.6325381189587804
0.6439201665596743
0.6521998739181243
0.6274421970013632
0.6009309699907298
0.6322348548455302
0.6212349851631764
0.6419208678892394
0.6573806920352622
0.624155878189044
0.6332966239212753
0.6007647553225172
0.6394608451511755
0.6039165684934678
0.6765738538544265
0.6916702813682345
0.670718263465935
0.6753710066249985
0.6311987835814336
0.6064298835569383
0.6846560843569998
0.7085510062541835
0.645149255821086
0.6542475311909529
0.6472473145221248
0.6451583287272584
0.61680465613568
0.64426223131919
0.62932068400173
0.5765030930532075
0.6313420148876179
0.5785672464412922
0.572348822059733
0.6149267628699502
0.5891858275240546
0.5940030771704328
0.5827008766260133
0.569715797078885
0.6129934359433762
0.5958040490066024
0.6053325922534017
0.6722112089697173
0.5803456743378934
0.6611944676785757
0.6634353765910957
0.6130494857792975
0.6215407554036059
0.6259350712236144
0.6162380042956397
0.621514287653278
0.6409393140756324
0.6101250405125442
0.6374896650754698
0.6877094662690076
0.6484494757724465
0.6588244975773547
0.6529066047223787
0.6289413344996573
0.6608677514965803
0.69456056105958
0.6450605102260091
0.6431588368577508
0.6343034342068413
0.618450132698952
0.6438825606962071
0.6082846876845114
0.636352784300633
0.6864372526606737
0.6409809882355947
0.6062951696724564
0.6446958700706927
0.6408247207108118
0.647610599975313
0.5782092006403059
0.6613815886344476
0.680953048744084
0.6230567134534415
0.6426247788901976
0.578941058439167
0.6015791423390682
0.6174017395951747
0.6065290250847369
0.6598003695405725
0.5635704952738902
0.6058060736462628
0.6091266064117853
0.6076634799419165
0.6183509660248517
0.6680753283211983
0.6287204309995231
0.6056524424522436
0.6228015456215612
0.6413840758731307
0.6171461788536493
0.5843063592063524
0.6807079804861597
0.6679034074391059
0.6569228586024208
0.6131449016322716
0.7223546107101665
0.7136343248910169
0.6638650462403878
0.6418898641427088
0.6639948506769141
0.7250602853087003
0.6724812782197798
0.6362930390700474
0.6344370686546331
0.6356455686759587
0.63210192512963
0.6662481095589968
0.6784223012500123
0.6846317160098783
0.671716100080871
0.6790376183341198
0.6528330591880984
0.6210491188593849
0.6493882054569995
0.640387481862539
0.6323312278657843
0.6081294814100932
0.669650242385484
0.6365124290540939
0.665581069168211
0.6782987695321997
0.6438418307933699
0.6254372750825062
0.6408129598635586
0.631325172071502
0.648709421611783
0.7164069060453567
0.6367709901204681
0.6178982229612723
0.6134934118389707
0.6697680011695999
0.6193655225517453
0.6840795272215437
0.6631212383447055
0.6795543046440771
0.6566182555525295
0.6430177275789561
0.6197399670690557
0.6029667397353784
0.6139009714177753
0.6447585982759976
0.6394883010953548
0.6617039081141043
0.6410348887075084
0.6255960376345994
0.6205216035195781
0.6628164348499261
0.6631067479873987
0.6362165209087254
0.6288584408537102
0.6226714632086211
0.6549644778260116
0.6106571296120973
0.6151009965037332
0.5917803526969405
0.663455736377689
0.6473582190363697
0.652571323142119
0.663924734563617
0.6987234229772474
0.6674289310180105
0.6599346012509943
0.6458265497184376
0.6750523957264872
0.6681097918427948
0.6340192791705654
0.6415873055901583
0.6630263683987513
0.6277309621526055
0.666085937950799
0.6675077498503336
0.6211500595682444
0.6245231633304922
0.6656836727390574
0.6410116634036932
0.6345442399231491
0.6371748592141222
0.6824207172968214
0.672196201822439
0.654565266880719
0.665537145720617
0.6637050959577264
0.665782909298302
0.6241427034577633
0.6361552796687605
0.5725327185459681
0.6716171228369104
0.6251624323631182
0.6294862419400661
0.6602434940489615
0.623869355871827
0.6382808548085551
0.6796236784785014
0.61740834529934
0.6425869832628057
0.6550621393406618
0.6126723485460978
0.577513671539747
0.5995665752935908
0.5620550843209842
0.6694879282345723
0.6362336807658824
0.6276224930375194
0.5862532300423023
0.5972112744497455
0.6878631054061811
0.6234221976271004
0.6106576730826776
0.6145190580874726
0.631652908661591
0.6320893854691243
0.652517323403568
0.6555397483324665
0.6451920552911138
0.6940847580883847
0.6517918824207625
0.6149379193143821
0.6105679310368597
0.6077115801785934
0.618891912733246
0.6421996497612572
0.6014250554098893
0.61673114747785
0.6660402885038843
0.6693277008080487
0.6573477723121094
0.6444240160990845
0.6610707401607585
0.6313718536161087
0.6765430804868802
0.6632834620730216
0.6100492591295299
0.641869139420465
0.6676362142151007
0.6493541300685726
0.6458439453089933
0.6619369997729653
0.6780470378006616
0.6365253179547664
0.6525727557790838
0.6372433881399282
0.6481574981716474
0.6311384989555751
0.6497498157541133
0.6467919435267613
0.6264231390168923
0.6526700097248214
0.6264061306739149
0.6529084374560684
0.6379376354731033
0.665510669746577
0.6774218637130679
0.605315907603235
0.565242952407698
0.6151992384108476
0.6599481169363859
0.6659080223159421
0.6459617445458415
0.6505535294742151
0.6567433686976619
0.6830892485288917
0.6324621602181687
0.6492042056208575
0.6147017218631905
0.6697900260234609
0.6162124033522262
0.6567379780364412
0.6562873382241489
0.6351234371471616
0.643437316201867
0.5975262138699012
0.6478810464482501
0.6275698448050182
0.6240046732297083
0.6530554799403621
0.6307462633717429
0.656993209311755
0.7072193542657653
0.6454355554119058
0.6544432409195264
0.6652271353273893
0.6792850350147456
0.6969517066628055
0.6348452557751416
0.6885090524758494
0.6197901186482683
0.6575113530101283
0.6611670980049977
0.6761930549118467
0.6424667143606422
0.7026447918452055
0.7078024371933425
0.6374639635142441
0.6725491765264482
0.6820176910669257
0.6601883768774125
0.5993826561602538
0.6916325432353495
0.6820180457351382
0.6606353563522548
0.6348988176424778
0.6426760959204039
0.6267812907335464
0.6872212169816073
0.6740140722229548
0.6831744110273611
0.6702780521372554
0.6594350473510627
0.6601398531022804
0.636398222135858
0.6616218698849993
0.6989342841381745
0.6403052499427271
0.6498551930816998
0.6181452682744404
0.6554965006980353
0.657495897414851
0.6086846568279295
0.6442619001448454
0.6981430009975683
0.6769031941524314
0.6635758104458224
0.6714150956679514
0.690313305357712
0.6150139880970983
0.6526488278191334
0.6589187569144098
0.6491652511102021
0.6572701666257201
0.632005111288486
0.6807161372722577
0.6634106054560597
0.6394852374755984
0.6365158846962327
0.6744674617417644
0.6749532018896278
0.6508972857951266
0.6359802727269857
0.6672911760487712
0.6693828895414593
0.6707502611787952
0.6687017078159465
0.6167705590010429
0.6675591550760883
0.6698997760521689
0.6645645982298614
0.6379326329280691
0.659155494307121
0.6584577534377482
0.6529349924141241
0.6924853917583768
0.6287645036758633
0.664942837718001
0.673101210723
0.6609749600440552
0.6380962622615034
0.6254356483196198
0.6232246237066645
0.660549439195841
0.6672311188921758
0.6767603927103883
0.6372217489558506
0.682022702285223
0.6561602790714857
0.6746503939055282
0.66220914934792
0.6548663628649429
0.6336769656460948
0.6301110204121165
0.6173383294172006
0.6437845504699444
0.5963665155230505
0.6422729678258186
0.6290125490643333
0.6385080020733888
0.6125056016475472
0.6816544380445205
0.6562317171091472
0.6618495059599584
0.647185529136999
0.6445290998468802
0.6634170893666971
0.614585577027562
0.6377594292645443
0.6295060437507777
0.6428871491930472
0.6053780070016824
0.6628149096813476
0.6491304943547519
0.6300322214859068
0.6866833405905235
0.6881128774121343
0.714109688890506
0.6869803842116023
0.6583954898138655
0.6555334289577769
0.6751390918341171
0.6338620477497933
0.6699995627038693
0.639378530268285
0.6337587940933797
0.612153272874879
0.6369722604537648
0.6265844642036219
0.61686780627471
0.6510569508825528
0.6330285413306231
0.6361141834753052
0.6289767390377267
0.5971574461428456
0.6474685401222956
0.6716165083574217
0.6136659331236947
0.5923158905819869
0.6108266740789376
0.640543460605023
0.682089735105976
0.6606531226123172
0.6699335579677245
0.6783911118829364
0.6233644766637594
0.6401948846438393
0.7120154370716794
0.6530720535937664
0.6415453627985745
0.6707364004107575
0.6072586621562049
0.6184655076262832
0.6802490947106898
0.656488078740667
0.6557776092440768
0.6690141707642095
0.6257355906075073
0.6359408945319681
0.6454708838349243
0.6542700975615268
0.5782497081678046
0.6056479584611968
0.6548541314399955
0.6300334147287983
0.616337945638415
0.6156791241473574
0.6258638133047552
0.6650771786009104
0.6770199441199016
0.6742664137146033
0.6283036938128147
0.6845876200798426
0.6460398152795518
0.634566586115523
0.620256199379624
0.6229662286542628
0.6484544147005189
0.6591637589295071
0.6629735206723963
0.6586127060469951
0.5996469725097763
0.6491094849417736
0.650779751075636
0.6351621249625944
0.6409232455618885
0.6468321452075648
0.6212552652722196
0.6337899261476763
0.6592484261437203
0.6933880838662008
0.5712601036744968
0.611841867340039
0.5494796010403787
0.6521531103228797
0.6371258751705325
0.6523097926135104
0.6277673300060519
0.6111393855335686
0.6364681451862707
0.6321145998992059
0.6097096566612032
0.642536352220547
0.6036137222979271
0.6687423991956574
0.6224886141852402
0.6348412690232366
0.6508195163914007
0.6219843679572765
0.5820869630395447
0.6696667590573537
0.6006651501753136
0.5908469531456921
0.6615909921239692
0.6652006737472144
0.6530476430006784
0.6302332840052138
0.6638504442188549
0.560605636922479
0.640160191070747
0.600213632743756
0.6065417617826326
0.6489835175643323
0.6342555497737664
0.6519047608202241
0.6378818298616152
0.6913168452908435
0.6511507370347706
0.6516960767182262
0.6010790212388326
0.6509686316094476
0.5936045159421716
0.6127885417235426
0.6426229228091803
0.6520680681486232
0.6516988395692924
0.5852041295467111
0.6336645788052251
0.5932671189273873
0.6381122950953457
0.6002024232954751
0.6322466483092477
0.5818315289390129
0.6215753774997776
0.6412983676374653
0.6441799233797687
0.6584457573361492
0.5968142597027091
0.6397617138382596
0.6378582116312779
0.6475505722022078
0.6738872043325758
0.6733374769767208
0.6635244200715232
0.6624114018252337
0.649459440059036
0.6887341072420147
0.6784408998685527
0.6222873282357306
0.6649651574088818
0.6036336347485837
0.5961630054037459
0.5962581841618688
0.5891331636222025
0.6425640587047245
0.6151630798768423
0.6143568314664501
0.658742672501476
0.680919247794891
0.6799315355339335
0.6691950457962939
0.62606378197976
0.6450599716795884
0.6490921034069147
0.658747187918889
0.6683079072620188
0.6398930897928841
0.6469102064307324
0.6134960771782926
0.597195748267526
0.6570156780645591
0.651059495259782
0.5922548995976286
0.6485571319584772
0.6680212968690558
0.7041458051592887
0.6694894902509877
0.6627253666113881
0.6516635318749096
0.6183107281522405
0.6537784885172778
0.6422767659048294
0.6437877646279091
0.6154486445768613
0.6310015819004499
0.6128156516027025
0.6244668926067177
0.660061775560169
0.6358959155996897
0.6183107281522405
0.6491109332724296
0.6628892726278123
0.655960275807333
0.6134450665740034
0.6360438659617553
0.6790102778123486
0.5985637624422662
0.6624721264096305
0.6660618005185164
0.6452723010092193
0.6470884091354034
0.6541988940424598
0.6123906914904013
0.6691397637328202
0.623982022552665
0.6891636373527292
0.5869663998477783
0.6334146956847886
0.6322449788519184
0.6799676040046213
0.625253636967231
0.6481153912261542
0.6806973310336175
0.6328950457282962
0.661517450390479
0.6505016551041519
0.6514326031991514
0.632546889700253
0.6641157015090267
0.6572377681537941
0.6486900939226995
0.643502399998322
0.6432838830399304
0.6010016192842806
0.693327874072144
0.6419345982366427
0.6401007107209067
0.6622515799120984
0.6428521153199425
0.6316602547568192
0.6093920246720991
0.6150161750715822
0.639991558050126
0.6346963830337525
0.6489250285023771
0.6532895720968087
0.6417575924828929
0.6061504218508199
0.6683730748276929
0.6024732345408272
0.6171649239436188
0.6260032286447178
0.6340042435176375
0.6417093867124408
0.6157275330748452
0.5940741932128234
0.6923049017061078
0.6537902342985892
0.6224106602815181
0.6736043425396376
0.6498481091015654
0.6131551947231865
0.6385597834305023
0.6668057706163671
0.6836517598604306
0.6424789950320644
0.637209913091876
0.6092220142704605
0.6150882885800454
0.5715211413397296
0.6144705059547134
0.6643436524280297
0.6495123020980779
0.6147890146795695
0.6422867997254953
0.6365916921369624
0.6767351443812528
0.6546343112002682
0.6596119769053307
0.5944153262793651
0.631249205804764
0.6163784793931393
0.6440555631776438
0.6310338975391625
0.6369196702367388
0.6004762081020041
0.6482255524168187
0.6437069016668567
0.6735277810131943
0.5909069480921177
0.601393766724373
0.6689937600674649
0.6591684602141076
0.6642311385052196
0.6586009609926133
0.6496616187028124
0.6547486318627174
0.646929169328059
0.6734592154591764
0.5677875739370819
0.6327812667790356
0.6479138518393949
0.6593434306587236
0.6751427247409526
0.676646417206094
0.6570707039423609
0.6646798835872145
0.5850313608917976
0.6727153517930387
0.6762480976490458
0.6388712069266805
0.6059513037401687
0.6166576028441324
0.6661432602884234
0.6326624129976981
0.6208807267111293
0.6842905919391418
0.6448781332985212
0.6557472246998426
0.6517964927123964
0.6440803483610678
0.6377856110569191
0.6321211994918984
0.6710976085061019
0.6359212494937904
0.6549689789544834
0.5968142597027091
0.6439765631952891
0.6513737028385296
0.6128296532012221
0.6510780793085877
0.6399446027735934
0.6160712897432672
0.5980355750881299
0.6448173350507616
0.61205498540351
0.6369665933184193
0.672075877988228
0.6656997991812277
0.6498774308534638
0.5982176739368001
0.608385451408938
0.6577703982210229
0.6059955349842113
0.6112049846221447
0.5822372201213716
0.596521549463451
0.6511832374141758
0.679505785058691
0.612940102995661
0.6464907205991749
0.5803604566709337
0.6522097859226987
0.6508845422428642
0.615583539611747
0.606573413678341
0.5842468138751763
0.6382666122423026
0.6313051027044702
0.6097584227412716
0.6320133854403316
0.6649795904982004
0.6255876801277835
0.6507434829373616
0.7141917363223422
0.665521731156069
0.6896268106865181
0.671742298632497
0.6863919410565836
0.6349427906688826
0.6599392052272364
0.6590183587840758
0.68673350157237
0.6611190924408245
0.6835637823468157
0.6880914395051941
0.679394433806532
0.6844393984016899
0.6373546818704114
0.6582391518691301
0.6596092347189582
0.7194642540166257
0.7094303836410012
0.7236051483845363
0.6673246093261995
0.7097492656887722
0.6639048163227046
0.5994372089030078
0.631716478672414
0.6752189986143984
0.6484654174978295
0.6651136692406353
0.6546702339102564
0.6804282044018719
0.6940298593731581
0.6424129825093043
0.6477340919092052
0.6985229432349297
0.5644976510626332
0.6612982089011863
0.673122854033224
0.6648036817855634
0.6532340086012528
0.6954042302386436
0.6652672700961438
0.6809668094422661
0.6639560866305112
0.6452463119715531
0.6764106544290905
0.668252302936015
0.6589572616666434
0.6642039431985495
0.6495244157340019
0.6496906487561046
0.667484918786515
0.6616231321501047
0.6609398214173066
0.6343595293274502
0.6726264304428967
0.6664130607065505
0.6885390453663767
0.6891824693214625
0.6886881065167064
0.6809952955134834
0.6641462939111421
0.6764304032609348
0.6587838854168128
0.6255133603791566
0.6384314340338941
0.6875123768130214
0.6531744108686375
0.6723834240885235
0.6698546788143078
0.6432198769771391
0.6492843275678745
0.6529958497851421
0.6557641500091609
0.5955811988473105
0.6708952675819484
0.6601388329078035
0.6044853471284252
0.6467735480684784
0.6234589056749678
0.6750176064914528
0.6714270824192191
0.6129563080161962
0.6731471205755137
0.6290243813706332
0.5934099268486971
0.6780867492010424
0.657847890717866
0.6290243813706332
0.6347256001248558
0.6464369248007371
0.5742789270492564
0.6856668655177788
0.7133081984307691
0.6341311281002006
0.6452303675872523
0.6651956981116885
0.6511359086685068
0.660788162335916
0.5844814146374601
0.6512390961229105
0.6669278693673176
0.6445889503996988
0.6526371629067907
0.6152834682332278
0.6730804734377791
0.6454465539934147
0.6733406694007853
0.6274859965128143
0.6769381321740948
0.6578072005141882
0.661614786024645
0.6458327580152214
0.6585754720997842
0.6546209715531494
0.6480666785500623
0.6601146468093532
0.6519764223666795
0.6249284195349294
0.6987674523562457
0.6012803438385389
0.6379086768993595
0.661913182992734
0.6760234871968767
0.6538115164591783
0.6494292436912777
0.6325887801711951
0.6505432422499681
0.6623425396746172
0.6599116146275217
0.6544587550155324
0.6743362495057033
0.614010402002384
0.6224072209910726
0.6034987897742854
0.6579914079321427
0.656238588874135
0.6580008043736268
0.6334080732870233
0.6518711540996501
0.6641572218687835
0.6695057372117829
0.6214356139582061
0.5946550281735973
0.5784147654145524
0.6501041369986645
0.6400325319749112
0.6596708557171033
0.6410717885245865
0.6696875036335711
0.6674388336136232
0.6508877733523604
0.6398801775552491
0.6768369770149982
0.644050102784192
0.6665485593376265
0.675056711320036
0.6684839399709361
0.590061262742488
0.6645417740999424
0.6735008444641469
0.6430291843988019
0.6748003778952759
0.7006439075295867
0.6494967176132957
0.6613528797389027
0.6646020361871069
0.6882561631994036
0.649037858977962
0.6462399462216147
0.5933824150869643
0.6644792585746839
0.569466219338812
0.6915033580968527
0.6731179901893144
0.565337476094123
0.7071003615481684
0.6746587984168242
0.6618319420718723
0.6219221972599722
0.6590114337760259
0.6560401956792785
0.5728002818336162
0.6894210230181156
0.6126627816963602
0.627933449358317
0.6640439631824974
0.6901780024929969
0.645239041278454
0.6541880040867265
0.6437979985786442
0.6346493812835217
0.6383302228503436
0.6330394205447936
0.6456938090543135
0.660433383217882
0.6332075725705871
0.6125010118248436
0.6533943223514301
0.6139871068600598
0.6284516375034032
0.6135327221006001
0.6760120337588515
0.6904526942079618
0.6721101576343509
0.666399725193719
0.6651255050807354
0.6489725392200071
0.6584102722046299
0.6479102002299358
0.6283715298371326
0.6832033293697298
0.5888592536627175
0.6323114408446302
0.6388630244819814
0.6608990882583371
0.6504059503697399
0.6743510427447796
0.5965026862881964
0.6548888663283878
0.6398477241768411
0.6440261035963887
0.6191107505341464
0.6321405969779706
0.6439030319269624
0.6639301878145424
0.6522077925706211
0.681409246948398
0.6699459400236958
0.6448872108161283
0.6559244189095759
0.6562489841606438
0.6420816691625948
0.6357986394086139
0.5994659135723429
0.6095096630733113
0.6124699174282208
0.6133279998177135
0.6002539184273681
0.6510687950969005
0.6605069369137508
0.6302034385334566
0.6380949394337264
0.6859419106230757
0.6313061314525578
0.6335826720538101
0.61421814908581
0.5864944696243743
0.6518966533445443
0.654429600897636
0.6426046540721362
0.6146068522960237
0.5828655121992173
0.6516640438039436
0.6372185384532555
0.6270022772900237
0.6156233444227454
0.5783055364247767
0.6499730365144915
0.6680300902415832
0.6535825920541147
0.6248340791573197
0.6296313004981162
0.6588263341676767
0.6418750071083146
0.6391005600454733
0.6477992520199736
0.6428753277902083
0.6432155322049271
0.6586936919771738
0.6140170588754664
0.6275381318680716
0.5996696998967773
0.6399492824648647
0.6380521529110289
0.6206079973392227
0.6722233387057993
0.6722772778019097
0.6652984686645284
0.6337828045500481
0.6912457777180436
0.6966033070168465
0.6654838871036318
0.6243916827522134
0.6367741831082827
0.6746277333198203
0.6700023161833453
0.6362665346391926
0.6754534960062433
0.6995743026915272
0.6861522906633575
0.6069277942411037
0.6757614913483955
0.6735973448619332
0.6693425234412123
0.681606464248764
0.6691379265639592
0.6727467377742933
0.6451488888951311
0.647208068672294
0.6590086287249689
0.6345740761767201
0.6889609311338899
0.6501682470229599
0.6426987009117849
0.6935489805329629
0.6841103737487716
0.6289997754686202
0.6388479379847344
0.6639277794403796
0.7041507042665003
0.6755683758473027
0.6538675138309409
0.6430767427862737
0.6411901578768292
0.66650518412256
0.6874107026595374
0.654002682461239
0.6807103041580003
0.6387571927232629
0.6928782990511924
0.6532264965330415
0.6689578392274775
0.6329854355069005
0.6390497929268851
0.6851143481789729
0.645756106105932
0.6730203643282905
0.6433106116851396
0.68895338119052
0.7441993524910154
0.6540999359172937
0.6743711046533701
0.6853235413033588
0.6980789879156419
0.6991085586620396
0.6993327937016022
0.7262033144952481
0.6729983816119021
0.6926625200170597
0.7109625618252083
0.6846421621033051
0.7164326115237017
0.6642420149496534
0.6694525240945988
0.6928729343943267
0.655141371202107
0.5758910743265689
0.6287637865421141
0.6333247618626466
0.6880830807780234
0.6302497608285155
0.6081264084074091
0.6842744841385816
0.6120972586515496
0.6362881976659246
0.6324511579219465
0.6593434815953139
0.5962148727287446
0.6501786153895324
0.6119113214806888
0.6659840308622401
0.6209271046566809
0.618104636411039
0.6684330458117463
0.6286860581951507
0.6429077758062361
0.6592432271533473
0.629611812080121
0.6128899135626819
0.6095523285791302
0.6076348128143303
0.6096323936432445
0.6593613181236123
0.6439597430426598
0.6197008070561653
0.6178627032012138
0.6857219990426929
0.6276729582536376
0.6607148421944695
0.6411788215480765
0.6430428712955218
0.5981598988595531
0.6239456780172599
0.6292530628445687
0.6155440639592826
0.6540594050561905
0.6222686840691826
0.65544404162862
0.6374082671409818
0.6496228753675181
0.6110737129077066
0.6626045140215125
0.6435326005842008
0.6410367458546796
0.6639786459353669
0.6852032370609409
0.6383808338111295
0.6675647444245186
0.6699877232229843
0.6411557494565535
0.6524553141731798
0.5841332600820578
0.6549739278339288
0.6404007772319295
0.6562321497887106
0.621502127570176
0.6186883685778746
0.6721293016473837
0.6266885974271261
0.6596090282551776
0.679498243263929
0.6510029462559838
0.6320056327693386
0.6677948427334343
0.674381022990192
0.6592013689956427
0.7156022874880488
0.6878595211277314
0.6540348144384716
0.6523900334197358
0.6186106435476236
0.6145536583916286
0.6284519108075441
0.6527062187513839
0.6240419493296568
0.5953859206251662
0.625410837759128
0.6276673985243123
0.647072610461534
0.6181390855099367
0.6197839506858537
0.6661250483374831
0.6254925145756759
0.6629238760818623
0.6495919853196872
0.6034534396037871
0.6748925265197608
0.6221826371008387
0.6729883594051481
0.6791142849043568
0.6841340200995535
0.6820793111369278
0.678516855450919
0.7129632174338072
0.6805980885837033
0.6634921955989538
0.6239244288713627
0.6329946089706896
0.64825257858436
0.6473179524791712
0.6677138083113928
0.6455204916787255
0.6710260607302015
0.6373745831249089
0.6613516597434064
0.6323058130608459
0.6783371734158186
0.6715227989985365
0.653425791426203
0.6848597490328303
0.6381482944322259
0.6530819272199136
0.6669291091318754
0.6137192890296985
0.5801452789189933
0.6158698572298545
0.6728251161532681
0.6293473294750525
0.6775420735807696
0.6215144446389655
0.6660728995177829
0.6765361788048032
0.6890346108119448
0.6487464280711472
0.5962351082931471
0.6168254143587507
0.6609668374420344
0.6666636186148625
0.6618638095007937
0.640985357751521
0.6147990266400416
0.672987045625653
0.6328593050155742
0.5986583642010403
0.6280195072834792
0.6282168276906314
0.6837375506859518
0.6432920626739729
0.6203821048098243
0.6593885020571773
0.6671978659561206
0.6281328766432873
0.6024475958055392
0.6587225073164048
0.6870160660526515
0.6428511393754412
0.6326810906090057
0.6777441386033342
0.6183084193200762
0.6653090767629862
0.6568074235096035
0.5727061341513342
0.6828749255011293
0.6744217929198968
0.6543503179412318
0.6687093656501754
0.6765250395526177
0.753169588796359
0.7342360468898407
0.6919079211060469
0.6778318598811957
0.6885808212959446
0.6182047173098527
0.7451523885537895
0.6677267338775276
0.7393460661598276
0.7857161349051509
0.6986156062087158
0.7241608809936713
0.7136147159437158
0.7729058402136354
0.7319865990413776
0.7251946795465972
0.7325770149700693
0.6687360005825175
0.7395636431801315
0.7481715872586354
0.7387625956498066
0.6884454251783355
0.6856864608109764
0.7226410178555778
0.6448628329386157
0.7505885880630577
0.6431838018334534
0.6418414510722993
0.6782671502398749
0.6708498888134703
0.6547441073788867
0.6947185710376843
0.6954316874170453
0.7022657904036074
0.6887507852306745
0.6438244452446334
0.6457540263967952
0.6596082634280801
0.648631721348603
0.7087378433724502
0.7054879589294363
0.6679477949536693
0.7140069188419897
0.6767069319050806
0.6287645049700109
0.6416864190382375
0.6938364894857973
0.7064983286705342
0.7105041596946294
0.6452926105686211
0.660339498147106
0.6851173389316868
0.7006982685130044
0.6939529708616559
0.646776780220532
0.6294791419567413
0.5953064353344266
0.6944015864196926
0.6945118268282822
0.6983277737803983
0.6580555547446073
0.6846218579329363
0.5727238544203458
0.6947178644681177
0.6851326211171985
0.675363239892747
0.663386302352187
0.6820236238975345
0.7128653253130991
0.7179928144615938
0.6773596997238541
0.6445415371436838
0.7017194590216237
0.5737473300763251
0.7171900384004972
0.7186900736042566
0.6133762779246225
0.6646253480675434
0.7001986157406964
0.7255275149252434
0.557560600565368
0.735671811620458
0.6428996825011647
0.7205215257840356
0.6739284364597787
0.7043444340540408
0.6781146388052591
0.7119939763860101
0.6842315585719411
0.6678864551173478
0.6819489809441501
0.6396409664143227
0.7053277133411553
0.6932032043235247
0.6974814885600903
0.6664077404923033
0.6005745250510195
0.6722067799532138
0.6740226108358256
0.6487438496241844
0.6761360586870501
0.6427624551856578
0.6939196082638198
0.680945126116337
0.692983459627141
0.7090354381991902
0.7420428469302265
0.6567716510382385
0.6941236187303473
0.7078657839603898
0.6602832671503356
0.6892249154261773
0.6984503733606974
0.614779123435214
0.6444757197649924
0.6510054253908364
0.6708530421725282
0.6712080090856797
0.634567628530538
0.6572193998118102
0.5982481392757265
0.6200274969408736
0.6075209719584547
0.6350298372718896
0.620393630050427
0.6625831260660285
0.6713150805910191
0.6421283767367061
0.6327690189725863
0.6778452574241934
0.6232299943970812
0.6469438858627969
0.6207736265872349
0.6602342102862838
0.6521645541805449
0.6286692602380933
0.6244891485282499
0.7072955025701627
0.6433049377099941
0.6826061298078577
0.6493872533408165
0.567037066048417
0.6719068161911916
0.6448550710337236
0.6510327123820697
0.6439810966882314
0.642464874537735
0.6269862031392928
0.6055755850396216
0.6674628379471077
0.6090586983834219
0.5788166901373332
0.6641617601822981
0.6167003237957958
0.6642415283353126
0.6515808179583946
0.6625612655673728
0.619012958373166
0.5857191132283432
0.6569119483977683
0.6196360701905651
0.6490821034622719
0.6429151387859308
0.6108599308777776
0.6249518745650727
0.6336413442916834
0.5765831244382226
0.6611944676785757
0.6145635959918008
0.6767355994157714
0.6362887623345268
0.6218081249950486
0.5959898340618593
0.6710981112536119
0.6722886185263308
0.642384738442746
0.6365212251875675
0.6663028408759427
0.6500447086404297
0.6031104898472393
0.6512182690149766
0.6386373184231032
0.6585678661647646
0.6395095901855263
0.694246905820196
0.6249287823521291
0.5843603125604516
0.6424130949865537
0.6574354345135426
0.6183236534012458
0.6445474710602974
0.6542485030072444
0.6312540406830659
0.6262081714227931
0.6499557957592002
0.6325039826587308
0.643913352623582
0.6288543630392773
0.6111208988449727
0.6226805048167144
0.6235219680063047
0.6278339951404591
0.6597403114607351
0.5998262202060342
0.6211851627508059
0.5650011596534775
0.5937144414770974
0.6338532572291076
0.6002474532743011
0.6249102437302583
0.6095601514060509
0.6381701384134325
0.6133900232692685
0.5931339968140131
0.629963392168244
0.5939276636484894
0.6381770041098477
0.59650832731346
0.6181233289385001
0.6280085907032434
0.5697919307469717
0.6173990558252139
0.5845086652494584
0.6100607270692469
0.5939440647574173
0.5811410949668713
0.640109641018695
0.6099803351923079
0.5969142370689224
0.6131012834643315
0.6434879534623125
0.5734089427447427
0.6255503570070053
0.6076743519421589
0.6879810688530991
0.630541067213296
0.6474367337293399
0.6474825603505137
0.5999457026569591
0.618324870219172
0.6089351456076576
0.5957087712360466
0.5850968946618399
0.6100480236796693
0.6452302269308156
0.643647192139566
0.5935954681667431
0.5940520885527099
0.6328285906735595
0.5659040059973511
0.534874587211135
0.6105849126541845
0.6535989560814135
0.649681088710386
0.5984229014125794
0.5727063055100888
0.5913410999047857
0.6059212751154691
0.6505891583299199
0.6059478618731199
0.5903305969021624
0.641077863141607
0.61706426323849
0.5952944181279118
0.5774974807167673
0.5554760951148296
0.5972534905418057
0.6410616218548801
0.6097392739456124
0.6603301638208742
0.5865383524616901
0.6490025947782156
0.6277138346419405
0.6149292520407417
0.6641447421256119
0.6876536833366026
0.6040513487589645
0.5738395379377487
0.5912620263767856
0.6133088474545091
0.6436608427974441
0.6343160373686848
0.5826495833926614
0.5533177383028024
0.6341044109442752
0.5920895737839341
0.6165760693333023
0.6279844414044926
0.5940265343719024
0.5927490066786065
0.6672266543570691
0.6123430398935138
0.5972994299780872
0.5815356064177098
0.6308788248459067
0.6069428676286251
0.620118507216523
0.62465392849936
0.6051784679405898
0.6212323542238362
0.5548700585381757
0.5953595760322284
0.5822775557850343
0.5983545899447281
0.5443068601246661
0.6138425990512957
0.6122572501109388
0.587106859482269
0.6260282043564809
0.5893687253613176
0.5411364446768342
0.6780289367668926
0.6066070362825583
0.6108655082271598
0.6669406370366517
0.6598833353054193
0.6653242542185294
0.6590568360761363
0.6460000073507286
0.6302224499657739
0.6627582356100209
0.7164443072172625
0.689985479522444
0.6999811637551895
0.6946639990322517
0.7194406448862409
0.6283948360661582
0.645908339787396
0.6593669753966771
0.6764419840617905
0.6070126745893397
0.6383669948194591
0.6495355067693737
0.6475333005172976
0.6759796049076068
0.6010182172826176
0.6383669948194591
0.5765083196457021
0.5652669508659202
0.6517172066552568
0.6669798687597378
0.6429302365007006
0.5772935464874636
0.6272457248920577
0.6535210893450082
0.5876508295662487
0.6442469858024717
0.6106515068053241
0.6272733477212573
0.585840764479259
0.5837669164352828
0.6779280596029008
0.6500235731289561
0.6303700902744879
0.6009765356471036
0.6474601253218084
0.5677473725360288
0.5465796756743648
0.6085121235233841
0.5972707708426217
0.6209087655384796
0.5772705639348455
0.6575217662912963
0.6166498749029349
0.6053344395918905
0.5914940462078544
0.5876044724954465
0.604618892169543
0.6484159237100794
0.6263781463031235
0.601471371698067
0.5868619440238323
0.655552399403008
0.6864170839855392
0.6359451072597487
0.5989736526574772
0.5725584930512545
0.5716823652194831
0.59272034891904
0.6066266589994087
0.6077688948218765
0.636129606205288
0.5778238494826702
0.5797536903559749
0.5954190852280589
0.5747622149823884
0.5804046707206979
0.6177225833228224
0.6028956689017623
0.5587201013867835
0.6569311735110107
0.6919128701449808
0.6431349458663634
0.6929015440178649
0.6299121035477453
0.6565722855684741
0.6183398680830073
0.6260616774751967
0.6399420789463884
0.6944400237205223
0.62562080417832
0.6439830571961663
0.6034976179465683
0.6052043947465119
0.6544122036714656
0.6975594475507694
0.7102376302849963
0.6506242263092147
0.6196081171222763
0.675409483494178
0.6741322791597746
0.6039642815453684
0.6607884802038708
0.6091854392177399
0.6258849417021459
0.6281459167501953
0.6981506950293326
0.6528417318417588
0.6245513458341756
0.6542532566067338
0.6262265280116202
0.635979985909907
0.6430913755102512
0.6073141478089529
0.679899992689403
0.6462877178299692
0.6096230423883926
0.6764322874076227
0.6491168914671271
0.660919616088256
0.6276200142553514
0.6646498258455402
0.6654347836653056
0.6860595277306303
0.6541364487420616
0.6994914967633649
0.6651330734658057
0.6675515527825101
0.6239785638076397
0.6428439564098166
0.6752640725375529
0.5819177203767988
0.6265468251721751
0.6214154285648592
0.6020123305324279
0.6152939373055474
0.6760977002093814
0.5849807956746834
0.598230691642625
0.5840175511581169
0.6453467908258885
0.6738951916475507
0.6225288997231747
0.6381283387491916
0.6041289581931402
0.6257687941054525
0.6473750899830397
0.6607430570933364
0.6544339557759439
0.6574601261801808
0.6572710718800641
0.5807973922437655
0.5902741678627957
0.5926708454436362
0.6314301209970212
0.7016294575687948
0.6381689201417332
0.6586892216525967
0.6775386809360479
0.6375404698075372
0.6368854961264375
0.6324920269567261
0.6562599135822248
0.6878277011260965
0.6635850710661076
0.6834538253156994
0.6992438281853424
0.6871788811515058
0.5727238544203458
0.6947178644681177
0.6486394502348424
0.6791488098775452
0.6652947885329178
0.7022880760191303
0.700416561069458
0.7179928144615938
0.6979047023992576
0.6762776851108625
0.5737473300763251
0.7169016955124595
0.6842006632242833
0.706652813941923
0.6789665714762969
0.6541211086379607
0.6845851440278901
0.7379912618086174
0.7382347346465488
0.6093403185640257
0.6774710513513337
0.6057986917298513
0.6330328396328235
0.6267972022106707
0.6248218067382503
0.671711701788593
0.6230047473891775
0.6267972022106707
0.6248218067382503
0.671711701788593
0.6559170587306186
0.6149909902498111
0.6113409395197019
0.5798934644718245
0.5827782571214718
0.6126019196357242