0.6590093883527663
0.630996986475634
0.6545474379640582
0.6540870768160879
0.6749195489809159
0.7232005909145245
0.670098918991357
0.6343354745837859
0.6931749488566193
0.6571855852557117
0.6583516025679087
0.6081841669058587
0.6026976967523339
0.6210858157704799
0.6248619471592913
0.6407604966562365
0.685510610018442
0.6577053675289124
0.7007916797729474
0.613368727715349
0.6798662453709162
0.6221991494861876
0.6461378112586149
0.6227891256200373
0.6337636344000682
0.6489774411409039
0.6764255201329782
0.635393734773813
0.696599284476142
0.6881337198065707
0.6580190298242089
0.6222338987609193
0.6443313721042033
0.6880705223401299
0.6585216794952308
0.633867220003937
0.6417891599378485
0.6505042475649097
0.6898419280448519
0.6880029397883437
0.7478342967037426
0.6394371601729921
0.6935285835823572
0.6780481424627441
0.6798757337505879
0.6468988342776137
0.6652788828426857
0.6263931729839926
0.6518067862958563
0.715810138243678
0.636585936744575
0.6425615374040107
0.6109798872080945
0.6196974723316218
0.6450652343113746
0.6304616605799669
0.6669404987790687
0.6368790831513329
0.634122974216918
0.6529085128130687
0.7041166081191031
0.6452247123736539
0.6470580123621446
0.6751280837552105
0.6691639020126737
0.6851372662957436
0.6316204175393292
0.6229654348917152
0.6517144625041843
0.6464299323121786
0.6585643073095396
0.636613397626275
0.6291100301009391
0.6320518411849851
0.6443712055568874
0.6307708734926646
0.6320871724488211
0.6266998216180116
0.6808018411160204
0.6289989158521102
0.6868352217708295
0.6748822788815616
0.6897708723353931
0.6343709741251597
0.6477207243264459
0.6511020682506535
0.6276792218125594
0.6321161029220779
0.5913295856974077
0.6203756618169253
0.7021295812498045
0.6882534657171049
0.6948112024652925
0.6441396636934411
0.6350157137272422
0.7048469363074642
0.6998671024288228
0.6444279202971298
0.6446811130155918
0.6801243306167111
0.6634307997771016
0.6900925188790766
0.6634929606178004
0.6828226416742227
0.6921848117907818
0.6388610920752327
0.6573816224513647
0.6660773519659158
0.7011860837362778
0.69811463491684
0.6387441613361944
0.6604144040840563
0.7091092921434939
0.6936517456328971
0.7042856790861127
0.5958431204904768
0.6488339304377623
0.6373042090696829
0.7105756230337961
0.6844524884815467
0.6719927213843229
0.6344419182738817
0.6532543424340366
0.6440961814008985
0.6628827485676995
0.6755015193164041
0.6717073088284049
0.6401060826067289
0.6557008362975889
0.6453846438338362
0.687617033086474
0.6188958054483488
0.6931654880244591
0.7172621067612678
0.6761142463721633
0.6823031437981352
0.7183696257757706
0.6766940937385493
0.679340373168089
0.6226012239471773
0.6730580494078091
0.6935899253552905
0.6332570390282625
0.6289622096412222
0.6328596854972579
0.6173825472887297
0.671626831374555
0.6676036826921063
0.6621862314064842
0.6803071529011098
0.6817030873974246
0.6851726727440263
0.7035823514421279
0.6547933687256687
0.6754522542504938
0.6691803112672747
0.6797864588277446
0.6701232905689224
0.6997140484699049
0.7077292850974185
0.7383344851523745
0.6628004796667719
0.6242542558500123
0.6505615674088063
0.690551919630863
0.7001419779197107
0.6980730054100914
0.687268855573776
0.6816387307487393
0.656869933175653
0.7037597504611541
0.704956633420244
0.6508401823857397
0.6678483826360866
0.6727372808812933
0.6923051788627724
0.7225197164085093
0.6733068767585864
0.6727887940719063
0.657902295664037
0.6665360130869679
0.6761128872348434
0.6911113449180246
0.7058155180266018
0.6778278394167236
0.6576014084944052
0.6084580943680974
0.6587065823601899
0.6732626100035423
0.6561524217401276
0.6580623234030557
0.6427884086199223
0.6542533739522272
0.6105633946519735
0.5972115428151336
0.5888818656917523
0.6766569938181692
0.6773279210437638
0.6760700433990458
0.7211581590647496
0.7259732519596045
0.646364204678263
0.6916964132500408
0.6930323389203589
0.7347283580667792
0.7028844361388606
0.7399651352037632
0.7133417542371264
0.6705511935427293
0.6343331740106235
0.7290502171810261
0.7154340565076105
0.6668463134705681
0.6479541612451849
0.713462241998122
0.6848630052468299
0.6466793922832262
0.7128922050352196
0.6967973322522729
0.6955946922238996
0.645163441159109
0.6788341118284413
0.6505744954748992
0.6675752664190375
0.6655365034291425
0.6962716332494742
0.619231311456985
0.7122290431736057
0.6226423043709727
0.650516223178259
0.6559169989836513
0.6761544901660093
0.6805126204593452
0.702591165204663
0.6557866980433813
0.7254414150933751
0.7415829351937949
0.6633572133859534
0.6559601403220436
0.7014300755049281
0.6589221387633154
0.7277288873178518
0.71305629821135
0.755542667094827
0.6655610908209505
0.6753714662724974
0.70347755642527
0.6838941123440568
0.6634083156280695
0.7063259433604419
0.7094484638000736
0.6819210000965112
0.6815468988334376
0.6706111098741727
0.6422216357618568
0.6696513533893459
0.7131578641416482
0.6968480545384675
0.6975590373303043
0.6480139631968332
0.6503581655049354
0.6629714836531151
0.6734662439326609
0.6698510511517309
0.6782033010191878
0.7122453560207658
0.7436168949075871
0.7259686255169783
0.6865614813720973
0.6471876594746523
0.653391255838101
0.656586399068205
0.633274673258665
0.6210293610828588
0.6733864586201583
0.7166571856078614
0.646521330499582
0.7408602699743548
0.7225010710826758
0.6938358592810385
0.6915771897016554
0.6630500854298595
0.7167454134130444
0.7184207669566336
0.6873270107442438
0.7313263732694415
0.693381095475332
0.6636261552551398
0.6525263703533141
0.7361618494008856
0.7013346018473028
0.6966013526260892
0.704827238787954
0.7263167753995025
0.6415395659959992
0.620285023472722
0.735849763043453
0.7065764505997763
0.7266249915349406
0.7138229166572665
0.6792410154511425
0.7043386286262217
0.6655783915849658
0.7127244357606036
0.6726912631834863
0.7465897540202697
0.7193524571501139
0.7325622450307788
0.7125966631499893
0.6765522890389429
0.6740868877553101
0.652242824532575
0.6862093235835007
0.7258250226234244
0.6887548165910479
0.7033239921327173
0.6993339027499749
0.7741986476350297
0.8017595084944086
0.7004289978041227
0.766724275898047
0.7341592521607109
0.7156628615303231
0.7267118136614263
0.7137524081246632
0.7264276755921822
0.7364509892301685
0.65674459880925
0.6390426288451966
0.6723566118811152
0.6688578142697145
0.7038817147011944
0.6203491051004995
0.6924088888240978
0.7027340444762752
0.7117509021678154
0.725616710027067
0.6630159188350274
0.7094601370773452
0.6820184372070967
0.6736043850832016
0.6658736259713871
0.6460584144923408
0.6508270515591897
0.6887687012994435
0.6288877287592638
0.6708470122720148
0.7394930819399929
0.7154987057796566
0.6932276804826543
0.6355676050326974
0.6910555954161982
0.7585793629302843
0.6399038876628608
0.6811481595985044
0.6908617910316499
0.7360374105040827
0.7035412147615367
0.682307278231051
0.7070198800231046
0.7731948524553656
0.7091154846401636
0.6929370131410496
0.6762174840582081
0.7283784172002082
0.6913030265026516
0.6769144158780668
0.6811079052984572
0.6585660750070303
0.6711216181094083
0.7245176023038963
0.7461359413413868
0.7557342610554416
0.6530802233907779
0.754546578408944
0.7336340694046309
0.6990152146241224
0.6931954628212535
0.664259052404747
0.6832970234518326
0.7143444323523994
0.8182010035617144
0.8156243107390209
0.6627327284989499
0.7530693180384933
0.7825407740557403
0.7673248452326914
0.7599698123660336
0.753610449326023
0.7590628472614405
0.6140162937334591
0.6314310113803722
0.6116271755171145
0.6598286300839403
0.6701407646196756
0.6587595017543653
0.6610602289355731
0.6824002712852116
0.6580277908053365
0.6638060682970547
0.6664947536600853
0.7155311358563532
0.6614928271748286
0.6806879289253805
0.6636578167635362
0.6717236260450206
0.6686239225587434
0.6936520920281846
0.6820044777190469
0.6675259033889304
0.6515270348102323
0.6827349705047961
0.67474000101537
0.6668425367141361
0.6418829286693247
0.6890122360332893
0.6808944393661639
0.6997823990232012
0.6760832788940856
0.7351538620499257
0.6619543658782624
0.6790251858024452
0.6832868007417601
0.6516617491857744
0.6849636609327248
0.6645898355456104
0.7230217731591024
0.6779292242614517
0.6970935258066986
0.6271127827674371
0.6872960555906628
0.7279983785124007
0.6966506975375839
0.7220346887187368
0.6931474621113525
0.7006744787206363
0.6816097744534279
0.7015280171765683
0.6594676785308544
0.7120980205420508
0.6889535517053186
0.6481640364600255
0.6424233702870012
0.6429175385591708
0.6231784875173288
0.6181845626288881
0.6605463351528591
0.6323311885198497
0.7367141737064503
0.7360675996393686
0.6663223730110306
0.703828652796303
0.73027312326792
0.710139275974979
0.672798532028044
0.6578255995671985
0.6748898172624371
0.6923613742012646
0.6905829383861726
0.7065105249589654
0.7415873732517484
0.6822128419717933
0.671314574569858
0.7043470908720779
0.697397759158368
0.6668356133860354
0.7148574918271355
0.6496412607296915
0.6886466234979794
0.7014733037908673
0.7159805646747982
0.6925660296439692
0.7156419894998431
0.6139876302475701
0.6656506853837882
0.6381518316009083
0.69758656923272
0.6080837238721147
0.6519128027937007
0.7048534179883953
0.6398410414386829
0.6619514494523366
0.6679800757057368
0.6802267530130288
0.7294178891480071
0.7107921964391459
0.7399232700843221
0.6721518644718446
0.716924878964821
0.670762816129241
0.6578327797992684
0.6691088039444747
0.6997813333131623
0.7383324980270078
0.694229458327301
0.6998566169644145
0.7353891273506088
0.657295733472731
0.7002638479860264
0.6894339308452005
0.6941158974297068
0.6936971614781667
0.7338182607814975
0.6767799644593231
0.6650642741618166
0.6638858401647444
0.6979122416249043
0.6692829816228235
0.6534536920586846
0.6723966622438029
0.6961362240625535
0.6915288001769635
0.7120552775692888
0.6689944323067414
0.6618252143068002
0.7161028433225004
0.6773369514023155
0.6695091246738235
0.7151688190523263
0.6148836090446342
0.7157805251681324
0.6955361741599859
0.7518647975266021
0.6580980638570609
0.7068065688558579
0.6743164647984677
0.7076429399430751
0.7189381351875956
0.6555025703717089
0.7231211204287625
0.7017540093749576
0.732385944242176
0.6951787242454096
0.7148051781545798
0.6232738365174226
0.7032203965992121
0.705143221426453
0.6415049038424431
0.7190393389155483
0.6901357563495648
0.710518348034136
0.7241542167131988
0.7143931713832207
0.7421726869248484
0.760632089653059
0.6542659121396915
0.7099158943640659
0.6821182199180026
0.7398743263955864
0.7145853614633512
0.6606885800051208
0.67466358500815
0.6533806364565862
0.6626637363157921
0.6551378326258975
0.6903097867942242
0.6882391660361901
0.6638514956040718
0.6588894354717341
0.6696739028658023
0.6871053810438598
0.7050027396455746
0.7009159805391727
0.6631839126679385
0.6540952285906537
0.682051242906529
0.7020088470181258
0.6785695964869999
0.6702572432787459
0.6844018380339576
0.6866243795790619
0.6763669249007707
0.7019744375504705
0.7100412965925599
0.6288025424353042
0.7093721203596159
0.6473633671668586
0.6853737791737933
0.6856019282206917
0.6495801634798463
0.7021384699925337
0.6608593364969679
0.6832914896315456
0.6976857917694225
0.7037701148559924
0.712403147248289
0.699696574933823
0.6416967582361309
0.7127126264577672
0.6903531020875894
0.6801128453758762
0.7064920790699546
0.6647137217446251
0.7082586642343502
0.6596668861543121
0.686537577048897
0.6897782184838747
0.694434379207355
0.6340661775692834
0.6834857210835343
0.6726173420367918
0.7081791684316622
0.704100458523824
0.6987276617136539
0.7230864304115585
0.6133060509333051
0.6845251961032305
0.667588084588809
0.6480718002536185
0.6883822833423385
0.7100691062533734
0.6830916376353809
0.7172368214286351
0.6976234625307375
0.685610811587186
0.6133060509333051
0.6916138694924452
0.6707175579807702
0.6605904682072563
0.6343046472088781
0.673477735142451
0.6837022247398069
0.6916851642363857
0.7068219000244894
0.703813523881901
0.6552638934832751
0.6546367828865034
0.6618510995391036
0.622371491655527
0.6697413043593069
0.6818096044617835
0.6678740564104543
0.6325429971018344
0.6726067081726863
0.652562846075164
0.6939598248512807
0.7058724866853792
0.6975990859806507
0.7573848441638368
0.6946651497768728
0.6860551951934968
0.7182222591644419
0.7204763941220333
0.6867710329984154
0.7095300182499535
0.6840345605143189
0.7110319874190687
0.7441218164837524
0.6882694573371283
0.7539467248259077
0.7656515881020697
0.6842606812172816
0.6976048448668488
0.7176656736930902
0.6978454865255784
0.6756461935042916
0.6932244504416285
0.7001934808689777
0.685985700302382
0.6652753754320284
0.7161771188893088
0.7052755752833834
0.7203210635452247
0.6926241858054673
0.6978437132572766
0.6738764706206811
0.6543941547566756
0.7059594818130523
0.7002567357206892
0.7319620421702688
0.6911555056381387
0.6510970821142417
0.6222082552819923
0.6936400856027369
0.7053888617855967
0.7022921426408939
0.742554101285452
0.6809963947335494
0.7175564856637955
0.6994910945640281
0.7398493489954842
0.7310243505516453
0.7221025192114465
0.6579361317739526
0.6621295653151406
0.6499979656954443
0.7312767235963
0.7606581309276286
0.7043680728300288
0.6753460661531971
0.7113979780315772
0.7153731707072616
0.760338373227119
0.7304394000494637
0.7227871464087402
0.6902002674920013
0.7118502223514386
0.6764800319620513
0.7412234414489309
0.7103996493898385
0.6983183477200026
0.6631845288412054
0.7475763578292989
0.7172668770945737
0.7233791138164966
0.6422163773854258
0.7083934424411357
0.7919583375460887
0.7354844190590905
0.7153053883985591
0.7108407524310675
0.7497651873623044
0.7245944284295375
0.7385936496398897
0.7551958362163254
0.648055756222713
0.691605850778751
0.7471162947542798
0.7527105327158853
0.7306008815689486
0.7606712230122845
0.7367079857634691
0.7422622059837826
0.6958058331997368
0.7676392653161678
0.7535158532364323
0.7362515944833056
0.7202834782036243
0.6825316908225059
0.7119949565771991
0.7160549196125147
0.7023479395880593
0.766511814600385
0.7142341088576853
0.7106203742177234
0.6772746555354322
0.6781705074813622
0.7171324109209265
0.700088885863542
0.732721449539401
0.7034103388708539
0.7809514321920354
0.6631839126679385
0.691063761418522
0.6909254764585125
0.6537586887042888
0.6694619031524952
0.656988733149588
0.6744125100302616
0.6625752768061488
0.6736487917984373
0.6853977741283819
0.7433018260476822
0.6912168307042235
0.6786283871432219
0.6857805769234557
0.6167831532757957
0.6950025116636448
0.6546543654054745
0.6636272969022662
0.6549239665147922
0.619624892813091
0.7204940651524802
0.6802542800326786
0.6899130934650598
0.70766849741864
0.6724267324907703
0.6883881679786048
0.6983531468074551
0.6624954958577282
0.6764267371845064
0.6560771355808775
0.6694842756668073
0.730721312284685
0.7604975118474714
0.6618934020511525
0.7108664568777686
0.7056678787658558
0.6546813646389209
0.6959697845205087
0.7311746327360481
0.7028380464576033
0.7434574221139718
0.6468179636923103
0.7405795944265191
0.6606128146388965
0.69469240917054
0.7143442767011519
0.6940331963368617
0.696246756720212
0.6975179171469557
0.6364719646662602
0.7368273865670489
0.7775566716886524
0.65274471452824
0.668449851376884
0.7252678139570679
0.7559736371727627
0.7885697565634131
0.797844264629654
0.7054551146619146
0.6921232628768025
0.6922221328924768
0.6874141022626952
0.7092777221442528
0.776450599008694
0.7239203116698069
0.8144355371609456
0.764686733007689
0.8035556064859595
0.7495146202365214
0.7095871410692995
0.7114644854148648
0.7908885069631784
0.6602508801941039
0.7432077774077815
0.7516398102229789
0.7566015134422136
0.6925243638511765
0.7770143083631916
0.7223119478969154
0.7575392124628562
0.7529753609392118
0.7744166568804117
0.6935638075383042
0.8048815728665539
0.7932036733949409
0.8048869687418397
0.74481102659495
0.7539114494226264
0.7071261250108478
0.6860428287055901
0.7186260297346018
0.7095438207013934
0.7445721283493756
0.7301977735083335
0.7564176252935547
0.7712427725727806
0.7725288952412765
0.7816275968301378
0.7958097945724303
0.7426546644919636
0.7400244607513341
0.698717067449316
0.7519852797133706
0.7522930134501782
0.7157001297093561
0.7046196603498945
0.739141685743936
0.771348222732628
0.7301248632411171
0.7733584806215227
0.6893703124128254
0.7239505701901264
0.7531833506109459
0.6593052477407539
0.6490234622533978
0.7448463307527656
0.7197208612313993
0.7323155373050695
0.7652688775082529
0.7579332230555429
0.7600611962197223
0.7238176129903595
0.7295639918253672
0.780482903056122
0.765634929733473
0.7238176129903595
0.7407912074974272
0.7634841436197577
0.6536882075440014
0.7351027127858811
0.7329646732859999
0.6572027029784874
0.7074330750150889
0.7376646001357029
0.7718131510440038
0.7579399776028353
0.7271921926736391
0.7639499235218882
0.7720675503889755
0.7604275687059288
0.7640149078227491
0.721516888029842
0.7637137917043519
0.7300910565272519
0.7430805593034829
0.6638858208508808
0.7520803595572657
0.6763654478942357
0.7282785489825965
0.7429527529155973
0.7370389762443993
0.7380441239056559
0.726381463643376
0.7505023578640204
0.7433693574165905
0.7029168069984936
0.8053160963027378
0.6630693763724268
0.7480334236392241
0.8243935897543482
0.7476072567463962
0.7358467521035129
0.7478991519840308
0.7690246360143582
0.7502034418825808
0.8282689631476632
0.7324664375257207
0.7091973924891156
0.7175785986082434
0.6692168230589115
0.6622885419478762
0.6325757351395199
0.7539617982007328
0.7781062728408926
0.7945722743587971
0.7384862116205126
0.7428287189188322
0.8286604879489501
0.7766137850360929
0.7339623081327764
0.6988875247379785
0.7101319392563407
0.6910911944409285
0.7416714614130094
0.7746329793934528
0.7947951911427338
0.8211273232986176
0.8256068275026824
0.7963906166421381
0.7565578909726809
0.7571836816774066
0.8076304173941654
0.8498821762573554
0.7980064187897233
0.845278799805121
0.6658803751413258
0.8378627889592142
0.8330642421253089
0.7474950390877393
0.8116395339815653
0.7363902424995648
0.7591387144694874
0.8627349322110054
0.7253170361157935
0.7149465199793519
0.7389220874975179
0.7370652637661091
0.6070862121806166
0.7531190989737749
0.7206790538785639
0.815518160910474
0.7554417798101465
0.627892338039874
0.781349932404679
0.7360059219417964
0.7595865768997657
0.7378317524769656
0.7273013497913934
0.7607955209972047
0.6411789184958085
0.7608117062407622
0.6813952992184679
0.7368396600530304
0.721085360779834
0.7204493617316087
0.7016637061805412
0.6914890518269167
0.6715501549207262
0.7022115941460546
0.7764876238462612
0.7070267021657685
0.6933378379226552
0.7624057484641662
0.6742703473909852
0.70102888094029
0.7421810020869543
0.6178715175479598
0.7087677407849581
0.6510225545596341
0.7451037625814413
0.7194686324987406
0.7329904322566636
0.7716758595110649
0.7711787582312978
0.7303437566634436
0.7670043484751111
0.6844039930193895
0.7513694467088715
0.739250188943219
0.6478109744215526
0.7281687874279079
0.7835985228862105
0.7567877676183203
0.7119149478194349
0.6969508222170439
0.6681953482000945
0.7301957584338065
0.7443543440376283
0.7302176017058685
0.6852298746125548
0.7222585386243257
0.6825402120673608
0.6919090049930222
0.6868881529074283
0.7290871292662732
0.7018926304173372
0.7279872922385244
0.7122026584457897
0.6620436926677744
0.6463624153310029
0.6572160888347252
0.6476921841250027
0.6620561395110752
0.6992057669839382
0.6010116768326379
0.6632292560505664
0.6935834382196068
0.6902483575264445
0.7323137207117112
0.7099444941155316
0.7409843696013826
0.6731789462923697
0.6976363470057646
0.6797923015823577
0.6561241143062235
0.7099929548746485
0.7023410974887567
0.7352316936427175
0.6813922631273021
0.635560654199019
0.7006784678752619
0.6818230075491755
0.6509315160864007
0.6748305596290868
0.6502283160107961
0.6515182450860961
0.6658422566867744
0.7004796768197321
0.6578279605584104
0.6158142001049001
0.6914747003910388
0.6585845408341503
0.6597154594523431
0.6936482022152852
0.700070680936117
0.7406303041874199
0.7180587426787739
0.7181268418621852
0.7385646265084544
0.6882949216064969
0.7327542663802736
0.7311542504365932
0.7100208279664801
0.7176944317713468
0.7183934240879195
0.7207241869901616
0.6805321026956139
0.6877282629498066
0.6730783632757062
0.6390549714575394
0.6176385967493865
0.6346890877773785
0.6550808207519782
0.7131395820721602
0.6393026378118101
0.6724174131554633
0.6624276036810222
0.717650474616204
0.6626491404093218
0.6936982646591894
0.7331232417587266
0.7189320598524948
0.6937618143174865
0.6746928361813103
0.6597889987912262
0.670578776744174
0.6569758718764892
0.6896617451411428
0.6866276037121607
0.7190511615731802
0.6713075206238444
0.6720038540968167
0.7231147939327217
0.7025163041513329
0.6623068257608943
0.7141155511845978
0.6598093320046383
0.6953563024528391
0.6790038833936677
0.7481389632661186
0.6867112160617347
0.6811305068969926
0.6836276637214803
0.6875148159972286
0.6770739580152492
0.6987174442088666
0.7056244471249568
0.7011664500319018
0.7044349635152534
0.6205832581535418
0.6419221928310574
0.6843234421923283
0.680929112008544
0.6778633148762631
0.6688613561049485
0.6945318931569975
0.6648245203973209
0.728357531021687
0.617041673085506
0.6404110243885494
0.6568663106341739
0.6717667990335223
0.6501011443718477
0.6458054423447439
0.690590744084733
0.5996324069342711
0.6798504884460539
0.6638019876849114
0.623166951690488
0.7004228040462599
0.6920952382153845
0.6556166821375757
0.6871945957057564
0.666571578849542
0.6152733393920703
0.640660628566822
0.661272578592025
0.7043694881961321
0.6538644104494722
0.625394269782305
0.7062085225040273
0.6511838844673575
0.6699559041705626
0.6733292927118107
0.7268319681110403
0.64803023207916
0.6687372385769113
0.6481015186019574
0.6626682166237672
0.6315326746908608
0.6331895409923581
0.7172784220710564
0.6335614827736862
0.6691341698210088
0.6522616517317382
0.6998323790576695
0.6248146807584224
0.6579970266052114
0.6681130393595183
0.6636207628858578
0.706350807475176
0.658758415053991
0.6796888267430983
0.7025824536888509
0.6841828379990474
0.6418925847662151
0.74545604092965
0.6934604140633827
0.695345472732825
0.727681227202088
0.6667018138249553
0.7180709377118545
0.6669004734719434
0.6735510302772688
0.6872838965491369
0.7152719427100724
0.6738115932928613
0.6925857410293718
0.6836529596030718
0.7211583025584097
0.7229675752930214
0.6917632721538874
0.7258414034344081
0.7113626938316218
0.6926410825545306
0.6869399034258418
0.7073085321217719
0.699469638546549
0.6816859740830199
0.6473630301058649
0.6466816846766862
0.7137367862067832
0.7270508408899938
0.6937616525030685
0.639316444244911
0.7682561049941273
0.777031488147656
0.7641426799547631
0.7857671656021288
0.681253624382985
0.7324379456387841
0.7166556296904157
0.7364415423006835
0.7573221998355149
0.7757140694703945
0.7401465419169466
0.7153283776261687
0.7192144548310865
0.7177223517567078
0.7088173538507961
0.7127674687981046
0.7351177244039971
0.7467478180822136
0.7390782323048369
0.7448519166234897
0.7366046790993828
0.6706744486579985
0.7406839121759988
0.7095661951226532
0.7225137592853441
0.7675689760251562
0.7219293675245922
0.717475567143366
0.6253011201522054
0.7050289649812208
0.6990229405163713
0.7285707352572685
0.7207487281915569
0.7370178198136735
0.6765206221803586
0.677495440458391
0.7046231101171396
0.7140617708934129
0.7140173492082112
0.718446736674943
0.7415522729543681
0.7235299505807115
0.761562430150011
0.7926246582048659
0.759423445442247
0.7837432217890065
0.7402996189347801
0.7690446057338244
0.7347166658199988
0.7929346107692907
0.721528864503736
0.7659562409416836
0.764768595281439
0.7063822782801025
0.7197138185599768
0.7316364738723242
0.711475860107866
0.6618236516025866
0.7108657241478117
0.7238151834592568
0.7742531843196956
0.7327571201482345
0.6693037901502168
0.7839852243850681
0.7911820378340502
0.7326328533443782
0.8119280470354687
0.8260685047283587
0.7858438780869172
0.8380694426777024
0.7729521334664193
0.6733227976243684
0.6987361317983544
0.6807304177996154
0.7291432362403786
0.686419989275644
0.6772887569755266
0.6911123088963306
0.6803246300183032
0.7016815218199817
0.6663481023302114
0.6606261242567821
0.7085327062790456
0.6825695158454351
0.6780504099851924
0.7028184372569668
0.666793144748639
0.7293369531912737
0.7136833283851863
0.6723652305459145
0.712051372708705
0.6582074956669574
0.7164787206692405
0.6583442674324343
0.6561839036703928
0.6830642389588294
0.6750483116201503
0.669233818650703
0.6973230710537978
0.6370740818911207
0.6502479272180272
0.6494868282550945
0.6416744564441286
0.6551687489566824
0.6817348199000822
0.6793429931463644
0.704627229383392
0.6355642975995005
0.671020112328206
0.6929638267476796
0.6548034392559352
0.6714867117517964
0.6729125791106942
0.6386345697558339
0.6644891842335994
0.6485869167579137
0.6631300690505076
0.6954228041883025
0.6808407923003027
0.6882137120550713
0.6665683511152148
0.6404883182042093
0.649542756294214
0.6773206832363664
0.6392610868841336
0.6431437707248472
0.6707489367998359
0.6679202920967824
0.6739623942344051
0.6504672661366607
0.663043653068756
0.6635714793757056
0.6426476938203602
0.6598941372642881
0.659281360349566
0.6461108193025734
0.6210700983024546
0.6716985713822513
0.6772459432833294
0.6773399680183642
0.6694656750360674
0.6617416990747007
0.6595872576100235
0.7514389413905603
0.6419372454492721
0.6803978169210934
0.6813918503953256
0.7004267774881511
0.6889607777485686
0.6769427281950338
0.6698277067417115
0.6495640573202212
0.6797654032021486
0.6910811851263662
0.711588375005429
0.7100954990833744
0.6901112478979575
0.7036617291957205
0.6742861028871937
0.7113631941662565
0.712190477898536
0.7146496841220811
0.6893479742004922
0.6918043171016881
0.6990913916887027
0.6806077781046664
0.6896303304256193
0.646095958292188
0.6952543511012521
0.6546393611588222
0.6544473475859401
0.6850419615988708
0.6882605097389437
0.615267905511376
0.6491022014029516
0.7265765006834165
0.6680421560175569
0.6355190920944834
0.6381353137522997
0.6873289884283481
0.6228146543966133
0.7281290505736858
0.7224212078395661
0.719316635431051
0.6927282841202651
0.6888633220180667
0.704332105212298
0.7515388527345419
0.7394495966567615
0.7221752822996794
0.7377067751404285
0.6425402694896963
0.758689530660331
0.8118764000971618
0.7524265461316871
0.7228621931450434
0.6766709836254922
0.7168189645367886
0.7408565050980721
0.7220093026571145
0.758482587679922
0.6611865999135496
0.7905608098424722
0.7034620067623465
0.7080725314239243
0.675268954886606
0.6494350884775162
0.692829108528871
0.7093166698600992
0.7143049590634495
0.6902281496689124
0.6781459308049682
0.6924682597992033
0.6694038477637448
0.6665483886036245
0.657843327917913
0.6560784222786522
0.6301792750887796
0.6560890767667418
0.693726272879352
0.6543316534446728
0.6346841577009374
0.6791180659211391
0.6702295001410793
0.6763129115351508
0.7140748223998618
0.7147737043614817
0.7008007565738166
0.6838448354266992
0.6946507176544877
0.6486283855299187
0.6720444773278245
0.7993978383075709
0.7494360914457547
0.738824256374075
0.6920214539061896
0.6648011033982263
0.7079319544823073
0.6868308781755849
0.6787623508216538
0.6986121248646968
0.6511060439330669
0.7075650864757977
0.6380351881610316
0.674590660777382
0.6902177009272379
0.6858429888322088
0.6992614535895314
0.6353469480400963
0.6598814515346464
0.6812892241319223
0.5930999894570774
0.6527682912190776
0.6544717966652104
0.6785311515945935
0.6773464355920564
0.6663477549472737
0.644285139988018
0.6262746064783223
0.6489706598863118
0.6498301422453259
0.6718730238864055
0.643417330105452
0.6129946561890638
0.6448636176478477
0.6493849939160269
0.6711681421247858
0.6868352217708295
0.675913579637474
0.6757086437533081
0.7155225517549649
0.6402449787422478
0.6478133227724724
0.6575066642789826
0.685539553310498
0.6996191115986107
0.6549707445453785
0.6693003361727473
0.6431077953276719
0.6453664788285727
0.6981114659144487
0.6827688568201921
0.7174527176354631
0.6727761238728952
0.7324077258385178
0.7146800484121208
0.7109595000945805
0.7240315996972138
0.6738526010224862
0.6448998045162603
0.6478647949313818
0.6334178556612783
0.607435457123185
0.6475580820679684
0.6306160880295982
0.6652682431063737
0.6445239669318088
0.6293960832326154
0.591817314644349
0.627163209577849
0.6449596422494209
0.6312380909613375
0.7001915450082722
0.6309547538920194
0.6820332522900998
0.613407795448736
0.6658676734488236
0.6677981272475605
0.6437602384488693
0.6276577644325486
0.6310276414312188
0.6602839810877806
0.6954684636868305
0.6737374273186438
0.7143802345876807
0.6450929626599001
0.6862648818967415
0.662604179788004
0.6906026873848772
0.6746416189006603
0.6513662640381427
0.6928810016924878
0.637880792058478
0.6803606398790145
0.6827405146810513
0.6823054109558803
0.722870522125314
0.7093182244726105
0.66670169555194
0.7006443224697539
0.6799993354804579
0.6322061407793375
0.6564601559991301
0.6777013485223464
0.728611044986216
0.7284926880397324
0.7416371319341992
0.6715450921417688
0.6827111940992237
0.66950869195243
0.6597855915706959
0.6359462691866837
0.6699810653521819
0.6534110820712447
0.7097553996182246
0.6892046534384361
0.6999091080140842
0.6811508396427504
0.6860644984230404
0.6403885771878054
0.6013886748574178
0.676408717213883
0.7287632464287974
0.7208861486185324
0.6736159512131635
0.6754468085827942
0.6606193864668705
0.6899336745892293
0.6695500452456543
0.6913210207631959
0.6589402610156735
0.7099411869945361
0.6738084172330291
0.6986987466049769
0.6632590269638066
0.6471428002203581
0.6606867650400705
0.71886664615232
0.687680467677516
0.6865779682418511
0.6628171212147563
0.7179498431926878
0.6822609577011483
0.684298427235056
0.7117083070093144
0.7361319554386396
0.6863986449693833
0.650454530067313
0.6751358779128396
0.6845763646883543
0.6775272322661453
0.6867846148573948
0.6753285828417176
0.6585945145797998
0.6854773302538827
0.6659257122054808
0.6611087514447255
0.6654678664429159
0.6713589073194819
0.7077504812675786
0.7240500420866732
0.6587977903495694
0.681360994043555
0.6706264874231139
0.7291931160131874
0.7234933651530097
0.70363194810004
0.7108304655055326
0.7122848091755045
0.698051159204621
0.6378785505791453
0.6561170788445003
0.7094198234721787
0.6596325038052717
0.6688046241460933
0.660061830007532
0.6854059343048237
0.7110894146219605
0.7061961265754706
0.6881037313133653
0.6434416248487363
0.7345660795459864
0.6389847009112696
0.6791566186752829
0.6741321547331666
0.6836209524981721
0.6739453495122494
0.7063630151334623
0.6741654250199112
0.667590027810775
0.7115570448614842
0.6570406706420541
0.687140398116477
0.6687945101002478
0.6745564896393749
0.6860056165475195
0.6667428318912266
0.69280764551138
0.6806782913703606
0.6884716405457162
0.6472460910916953
0.6900898579187329
0.655157341740714
0.667609194688261
0.6685546516716729
0.6336395433098327
0.6900898579187329
0.6593828729954662
0.647890818312915
0.6973916612227825
0.701149968410974
0.6603144225009935
0.6722534648277458
0.7153483004436166
0.7147628695210306
0.6834178241691007
0.651415091963105
0.6873706121626686
0.6862035958316489
0.7155888458877819
0.6946605709140619
0.6856057417441398
0.7207943791389502
0.6633630055794434
0.6782811827498163
0.7336843542362735
0.6583513015714979
0.6427672136018372
0.6772653497130989
0.6763310571696889
0.67849810037649
0.6769947802013496
0.7250339710590672
0.6969141155232933
0.6990335204979359
0.6992170161816743
0.6749847820989198
0.6806682287628714
0.7216688617978215
0.7141408994628511
0.6693201206299181
0.6642842871225154
0.718598702330563
0.7490730383159572
0.7229651851982569
0.6656654155711116
0.6704674635176819
0.6347375137507515
0.6740230246444603
0.7088405893707451
0.7195831567374895
0.6883216505936604
0.7174640309274397
0.679651247608221
0.6727257526379626
0.6503608558237541
0.7182120237550536
0.6707899729098732
0.640350159333592
0.635923213997292
0.6264129244399004
0.7070042425495879
0.6695018869133783
0.7139157716994909
0.7187091325935632
0.7352937296111439
0.6838443855241653
0.7410576803106407
0.7492889534655496
0.7058252193982867
0.7682504287691766
0.8477141478629636
0.7894880661290254
0.6512697077164152
0.6552666823466085
0.7293958416767558
0.6622981626949379
0.6623061252376224
0.6342112738574511
0.7213543152722919
0.715963927964972
0.678997145757488
0.6566473176624694
0.6793339402081656
0.6250897830072966
0.6679996343246931
0.7177816772875795
0.7031042533055573
0.705370010952832
0.7338292133341698
0.6893980320954606
0.6696146333525193
0.7477055321209948
0.7035535638169876
0.7353137409828879
0.6689832386875667
0.6912855610729203
0.702422711888069
0.6937870471995403
0.6744264686250651
0.7207056821126827
0.7186904539008385
0.6655550534390944
0.698822967167361
0.737175700676335
0.7476917458773867
0.7112088702646887
0.7653213310447766
0.6609317403960039
0.6552180823715009
0.6588116749255061
0.6619499589732175
0.6648262969661372
0.6796867449443186
0.6563887050386277
0.7073356137353415
0.7015214835806365
0.6645787944244238
0.6611285618825801
0.654545979708361
0.6955155758709299
0.6866214928026078
0.6741491105938262
0.7182631446831378
0.6438284459583496
0.6686972350451353
0.7469180043304554
0.7834802355695775
0.8031330648497478
0.7313545920760454
0.7193688733348589
0.6501066979769198
0.6648117920457697
0.6316058060384355
0.7224274619086398
0.7130226000151884
0.7070065072148336
0.6788430146981334
0.7258072112825698
0.7149756891663531
0.6994725874806533
0.7534445577061563
0.7012484303891896
0.752086191138899
0.6754858627753754
0.6811033135920576
0.7075714172924925
0.7216477960780492
0.6893479742004922
0.6918043171016881
0.7143460390678792
0.6699783997739757
0.7160462530092327
0.6727095986383588
0.697639721409864
0.6546393611588222
0.6470143291863837
0.6652542225521954
0.615267905511376
0.6496583976746219
0.6723786610686402
0.671602648066392
0.693650521490248
0.7395296490537387
0.6853711153234752
0.683580348529854
0.6820094374288272
0.6906709103131389
0.6995612635496444
0.6540341502662578
0.6907851535752895
0.6317976432163208
0.6566938498722346
0.6372811598173983
0.6817580297042056
0.6317976432163208
0.6566938498722346
0.6372811598173983
0.711215717794579
0.6522496084444862
0.654807238148357
0.6428031751482035
0.6422746060270368
0.6538431292000313