0.6285835358463722
0.6171576987205618
0.6582552382848444
0.6456095205252448
0.6487765312425613
0.7042883248103915
0.627625191571445
0.6126318924977131
0.6383893212125648
0.6744265711503508
0.668008342492686
0.6087764879926113
0.6145126194318546
0.6270693955296621
0.6195858775800867
0.6473831989995887
0.632821200010091
0.6471836232766325
0.6514847956104267
0.626316978854409
0.6676209996839289
0.6226609509836996
0.6513374315127208
0.6442535399831726
0.6346968228224125
0.6389245767114475
0.6281812099974347
0.6331709067841987
0.6979539819462619
0.6528186238795812
0.6126704859106648
0.6602674292306109
0.6142789057474939
0.6433304231035839
0.6425010558016844
0.6275241545996356
0.6193857734878012
0.6534870786873146
0.6657988995117794
0.6758148364986349
0.7112086612573839
0.6410829816698337
0.6837609135626883
0.6279378208197158
0.6774048717219052
0.624727728238995
0.6361871621269599
0.6053083709744081
0.653802495242628
0.7028435884255888
0.6439305512541131
0.657763583871805
0.6363713300956801
0.6102880475050982
0.6287669109200662
0.57716313810206
0.6503238525956242
0.6142160478849287
0.6027665435991073
0.6612168617422808
0.6776845014485436
0.6155334921453233
0.6379278800780704
0.6460077385927151
0.6614555353374625
0.6651932735414914
0.634786941616362
0.6347704458565058
0.6687383848232166
0.6611383878283453
0.6867418048431525
0.6763941351528575
0.6158837290002104
0.6551150917915829
0.6545737071325152
0.6474726593891809
0.6041657072413886
0.6212009349098553
0.6699851797125788
0.6476366957651306
0.6891863659438345
0.6867026753460018
0.7060993473497903
0.629497398415957
0.642560448117148
0.6285353004569086
0.6244493922332652
0.6678394367971723
0.6220789704029287
0.6353331250651423
0.6967731856227133
0.669450699008089
0.6725856899025752
0.6442981628632799
0.6528365661450257
0.6828226132649954
0.6536414657870161
0.5813485626307888
0.6254596105666222
0.6470123169221663
0.6168507554517388
0.6792525367553972
0.6749766125676553
0.6643714662700072
0.6452960865643764
0.6365996237497877
0.6229701231037756
0.616217120423492
0.6703317046767469
0.6790482593542798
0.6194119979748751
0.6314552275547838
0.6969221355369073
0.6731554895006546
0.6716283250969892
0.580797641578327
0.6229565973186771
0.5793056062511424
0.708103006092558
0.6464406143246946
0.6473177789900938
0.6368116346754891
0.6431311475757737
0.6384029258215007
0.650387308187417
0.6485636081085732
0.6274393356665235
0.6404617191162592
0.6498951937920018
0.640679933849102
0.6597717733105094
0.596244007574815
0.6560880262625639
0.7026805927018343
0.667379202287198
0.636481913933643
0.6512823134126251
0.6310697874736972
0.6803435847390388
0.625557385004172
0.6791790443105767
0.6914226151020777
0.6394074770430305
0.6217955277393221
0.6620626753204035
0.6165666054729826
0.6760424438909619
0.6674320182731035
0.6846275481337587
0.6994423898535936
0.7306313767564181
0.6661919922667828
0.6616155814027305
0.6524411365740428
0.6498865322416635
0.6820841034679148
0.6738038291550865
0.6573987512907601
0.6940083674551729
0.71902516548296
0.7386109226814299
0.6200844075486227
0.6019642501892275
0.6309290143410314
0.6389528045271791
0.6339660914373015
0.656266743708972
0.623343723050614
0.6041255516708604
0.6577475616571562
0.6109933258449599
0.6334740479623536
0.6000278702276343
0.606784599865835
0.6298983718845521
0.6408647580577865
0.6618513589568723
0.6762574631991902
0.6638946206914169
0.634425607975682
0.6507338213407838
0.6557937051952483
0.6832460043783383
0.6871298421169326
0.6912791624026182
0.6444194612355155
0.6174469158608116
0.5878888696590853
0.6439873304900416
0.6128634314195922
0.5890445123269619
0.6464962674293339
0.6463954056093741
0.6337118320884941
0.6146006128925731
0.5966704051270065
0.6615900466333704
0.625386300392011
0.6628748805282872
0.6397430562995311
0.6345419546353326
0.6072316535018351
0.6602033021551652
0.6410255276680588
0.6671602286141199
0.6688159145074652
0.7011367699791873
0.7022145505606796
0.6872214546235442
0.638227721326429
0.6969415569801447
0.6950733661964428
0.640560429145554
0.62410996516008
0.6732486436686683
0.6433285444281456
0.61359643771388
0.6454817428573364
0.6813506015389258
0.662347347459478
0.6190293540425651
0.6313643413952964
0.6259156580925265
0.6480184716709312
0.6728593501138636
0.6501054721060302
0.5863216529864803
0.6354780874041965
0.6247464084056593
0.619578479478795
0.641295669091676
0.6689261224686518
0.6411318641066354
0.6271466769294272
0.6385301419673551
0.7047399955305733
0.7326906729652704
0.6738711519530697
0.6470657366108009
0.6321349320252434
0.6362604997009562
0.6685527785826926
0.642868292440919
0.6884538680239655
0.6409126956497174
0.6702740012597704
0.6510562332171929
0.63644690146917
0.6782792430580196
0.6765911940285821
0.7044915945743481
0.6540494201544123
0.6671857211880847
0.6504710122493891
0.6258489926538424
0.6451545666531047
0.6700616935565746
0.6569647562199705
0.6440793165915526
0.6880098809896007
0.6586221054597601
0.697835896180252
0.6152052058312144
0.6157789360684086
0.6399618511194569
0.6797802383605371
0.6573109534887798
0.6490834527763399
0.6507670425406208
0.589560769303045
0.6829022154333462
0.6506539251989552
0.621832327411502
0.6463377242534709
0.645349525804026
0.6657513851484473
0.616244728320321
0.6956503718377983
0.674208369737253
0.6589817543608143
0.6282080437391264
0.6598296226979902
0.6812501898375918
0.6708322791223161
0.6494366342057165
0.6763685077347694
0.6415902406624372
0.6858251630247273
0.6950627743908628
0.7072653402328477
0.6382408972169487
0.6734206314527201
0.6572041267601881
0.6778166746654186
0.6655348912409123
0.6072640769467011
0.6898344110586762
0.6734329662948473
0.7143704463150571
0.6414756571395527
0.6445357524138592
0.6510143187782873
0.6367611423522038
0.7157208768400151
0.6559947687474279
0.7039735491065077
0.6460357669101229
0.6476765864145297
0.6483009622758005
0.6530065285167772
0.6587446110977105
0.6365065968919057
0.6335404007116955
0.6573369671710121
0.6738437651562674
0.6943069827460514
0.6418179406638344
0.6932880707327034
0.6975081324363274
0.6403318920608865
0.6984296225533044
0.6646411481804457
0.6347599977134879
0.6876625477900526
0.7084810336155901
0.703333774036142
0.7283368794429462
0.628097968574947
0.6698783282719032
0.6698103322899583
0.6353712818188502
0.6732989864819854
0.5898960380652833
0.6729562062219983
0.665760658943002
0.715856202575061
0.683629071503234
0.6419371763305787
0.6595051719542853
0.6399003517466044
0.6286312674217408
0.6538639483590368
0.6614170556043791
0.6569353300729276
0.6825786137936836
0.6188195076176495
0.6601380849310735
0.6781482315527303
0.6749701526860721
0.7001942775352062
0.679732101623351
0.6682474252710259
0.7149685011901247
0.6599030754026519
0.7038095346239606
0.7066065682707741
0.7037415846132461
0.7088100327210809
0.6757044041929989
0.7317575056221871
0.7258031478325608
0.6961111940454607
0.6867657224077353
0.6522359232981135
0.705656761621195
0.6634299135646538
0.700825953872896
0.662042141384957
0.6000677446770448
0.6918508742783078
0.6764886150301626
0.6914283662044749
0.7144241888938212
0.6641835182629001
0.6904540459888756
0.6777362954086513
0.6737831661759888
0.6656783273596344
0.6401278700022498
0.6885280150356776
0.6804416982594585
0.7222037707645658
0.7568563891106228
0.6350061754530902
0.6999211503622567
0.716179343820229
0.6822787025013392
0.7172995106875909
0.6811193973968487
0.7017456104886259
0.6417651481075451
0.6695423355223382
0.6022603513362846
0.6728902521133262
0.6945331623580167
0.6353662157704766
0.6402039533942723
0.6612062777915862
0.6315809950920098
0.6599429203646027
0.6601072545538225
0.6978794654877857
0.6773483754385917
0.6720126216595183
0.6469332794536886
0.6992075523942813
0.6897093040307254
0.6752096656289281
0.7304245403358917
0.6404044801408671
0.657353392798868
0.6844398883830519
0.654479016810723
0.645608007329017
0.6626217574681045
0.6897056795799251
0.6570567249855211
0.6671423439445276
0.6629286081683657
0.6918750121357953
0.6677002816617472
0.7017114509772548
0.6848564536330941
0.6517646783194582
0.6650906200311122
0.681590617706181
0.6864836787681694
0.671739033451231
0.672725634674673
0.6028180417813267
0.6610387833837765
0.7003605395240351
0.6790839669316937
0.6674002225308935
0.6810106070995332
0.7050247288253703
0.6843338102263348
0.7211109347789559
0.6045799496136208
0.6844884932035974
0.6614605451082891
0.6254865716670712
0.6609672452792984
0.6509573722387052
0.625463301785459
0.6154479518772806
0.6824656796498222
0.6655624090692133
0.6795498586161621
0.7123898429640577
0.6673332678479525
0.6795211251324981
0.6977924561813746
0.6916734196686548
0.6797329127447305
0.635033226121105
0.6584763107752024
0.6844245573834724
0.6846218069278331
0.6825080129300882
0.730952288516215
0.6804261398514816
0.6984462627668366
0.7530575714115106
0.7269211343771597
0.6989157056081137
0.7086608432472272
0.6259257895669829
0.6902282858199718
0.7031019928832613
0.7081781166136693
0.721138347825789
0.7219967688009624
0.6212495964979985
0.6610501726507032
0.6229402921052429
0.6663622371067407
0.6378462430044975
0.6452893320155425
0.6733685766403729
0.6221121488356545
0.6708969286503794
0.6199229127423289
0.6751614142188032
0.7181653335473163
0.6406088389702421
0.7174876302902812
0.6394745694284731
0.6915940884768347
0.6381614714199928
0.670054537825774
0.6977447039040878
0.6716361055260318
0.7307261333743765
0.6653464833117698
0.6814929944284982
0.7142282301253697
0.6649618280788478
0.6721528899206408
0.6768391658669114
0.6689709416561497
0.6667700072149756
0.7126081913004145
0.6457792117461291
0.6443351275047857
0.6926515166854267
0.6651005935059333
0.6060789159450432
0.6572459741013515
0.6052341928088619
0.7160260127293491
0.7127021625775042
0.7097746105811703
0.6371162934166129
0.6214551517287753
0.6836321532711267
0.6354489634683692
0.628718456041405
0.7010867774428846
0.59797461177493
0.693673705219159
0.6907970186828439
0.7036245640125918
0.67764225541873
0.7458839889642346
0.6563432591603138
0.7287040215127834
0.6785976307986565
0.6445476378048601
0.6943573698749677
0.6532112625172355
0.7111388785335895
0.6574090459095039
0.7041430639055722
0.6213694298316405
0.6825372081032022
0.716831138459633
0.6271764572166106
0.693587134376468
0.6678557196097601
0.6786874929510878
0.7091571304243569
0.6796964148111538
0.6952986393698298
0.7212546288722257
0.6481962941468509
0.7025512333207031
0.7241592795170454
0.6887511946515258
0.7039725437366877
0.6429924326128834
0.6193774940768604
0.6460124855437214
0.6914124028525147
0.6588914202267476
0.6872206268352206
0.6982369496345456
0.6412923930754366
0.6832688178291338
0.6635784259730897
0.6430666879214617
0.6902967841082395
0.7011403021227971
0.6426423434567557
0.6835014916566897
0.6686759416819072
0.6909102554994796
0.6842827672362423
0.6938715155442058
0.6824573172721236
0.6700202084823268
0.6921911743904483
0.6663223830531623
0.6856715313141215
0.6402584226711328
0.6995700682426377
0.6555732374994203
0.6667176806053866
0.6672118060887038
0.6387885635117752
0.6712791195693566
0.6756126298220633
0.6530362221463787
0.70908456535336
0.672608314325554
0.6555051909762503
0.6767964186486289
0.625364654670064
0.6899351618663759
0.694883345896104
0.6318592881825333
0.6844641772733256
0.649035475425116
0.6659867122038726
0.6443980198482903
0.655929869331035
0.6462671522880369
0.6867805810162135
0.6248263389034271
0.6659998802935062
0.6585436847245599
0.6704973796510277
0.6810933398389429
0.6988292384962885
0.6788489764257326
0.6577055237114051
0.6726451858447151
0.6392503105213596
0.6718859265444883
0.6691516742705822
0.6765411298260782
0.611563628918552
0.6687272129539553
0.6327113815506313
0.6724119630635065
0.6577055237114051
0.6808416915595492
0.6479141645221907
0.6766738111577006
0.6086219523536438
0.6210480734628047
0.6625289431143455
0.6546344192215183
0.643874077743055
0.6654594621156292
0.6292731176558705
0.7050673522443186
0.6382511236549548
0.6476442842114486
0.6299482841590079
0.6082702794238447
0.6051628020978964
0.6017284591889787
0.6273420357990902
0.6206501642017037
0.6693486989437252
0.6331095583231006
0.673304292163319
0.7029101103280431
0.632542136186872
0.6121729736881975
0.6487729481426163
0.643254088834447
0.6319098957142567
0.6443549130579188
0.6317888093811191
0.6653962364944619
0.6777568208676895
0.6134132262150581
0.7090770980177614
0.6688546691250441
0.6184069687607738
0.6317613175561222
0.6348469737721173
0.63695715349271
0.6118507543515662
0.6434750022921302
0.6475041621256717
0.6513332636766651
0.6559697199904874
0.68974711431505
0.6377070499474271
0.6743020793709114
0.6310990640932795
0.6746114557996383
0.6708289842189024
0.6495582018738164
0.6400317653672813
0.6550288033771856
0.7017712934999328
0.6595612446903569
0.6510381430792689
0.5967609639215404
0.6391364475830064
0.6412000037177826
0.6560307660047466
0.6923026881615866
0.66398339228335
0.6752124110895065
0.6587991422474355
0.6753037753071036
0.7075772795929433
0.630700686393688
0.6109096361171037
0.6410593345534302
0.6489278902889345
0.6323494666379805
0.6944849367674536
0.6417126542401228
0.6133261475227367
0.6993163443846255
0.7203911533762298
0.7105362167576302
0.704746670922367
0.6859449992411332
0.7009643601140736
0.6546274773077717
0.645316370637746
0.6646819331292286
0.6383245808481834
0.6654072973669202
0.6219823687589732
0.6606421714009538
0.6655208900134805
0.6922581839032773
0.6293831771799736
0.7016567004993964
0.7224466614142407
0.6940439670066417
0.6794589950868858
0.6766517474650836
0.7287250577618448
0.6987463334730878
0.7750569273179719
0.7663562212619108
0.7110983587432094
0.7397487066945161
0.782445577111526
0.8010566362955959
0.7626441295003272
0.7644410318286915
0.7521481148383259
0.6785852411732054
0.6690778627020504
0.6848322239598327
0.6936520442356453
0.6720189250223176
0.7179354487468068
0.670440873967046
0.6775953722852867
0.6826528225410478
0.6967460322686002
0.7186155040420805
0.7234412766883042
0.6837896172950039
0.6965830069908796
0.6707270637240114
0.6400711213614166
0.7218944750389052
0.7089079764593781
0.685899943015076
0.7183514595804735
0.6426423434567557
0.6925021706249216
0.679013991742133
0.6310872917112018
0.6699702301630115
0.6417969486313352
0.6629411935913706
0.640234853877019
0.6551901088823671
0.7087539061864835
0.7063739141456341
0.6985924689575795
0.7116378807722694
0.691751353358441
0.6222300717239185
0.6590316316499751
0.6396405512825449
0.6321634873302383
0.6536980875606294
0.6675861371605705
0.7221310186901393
0.6250939951307982
0.6691505346346529
0.6455804263042758
0.6713210249278474
0.7088159182602675
0.6332575375647681
0.6705928895001233
0.641059936621786
0.6241379195888161
0.6406500686943767
0.6094088411920431
0.6665135999424844
0.6282495548115316
0.6550270085406963
0.6950038588857816
0.6500115266044426
0.6886821673771898
0.7017873314957996
0.7013182060948822
0.7134402300587994
0.657357643767202
0.6844907409619861
0.6420114513248362
0.6828501010232747
0.6726804351396778
0.7127458330575569
0.6900865213033565
0.6910360566060174
0.6781062588992139
0.6950841440574204
0.6920531705510248
0.6757946963343822
0.6727920391711106
0.6954641643208538
0.6864168593664786
0.7113212931045475
0.7066698408833547
0.6411054330913197
0.6653857421903707
0.6601493697035545
0.6448267653176084
0.6994223702740351
0.6983314706121103
0.6614788770195503
0.7452573275394538
0.6636020244503102
0.7060949534950152
0.690682329508067
0.6279041947576153
0.695436592679943
0.742357000081452
0.6539391500214404
0.7162142757824019
0.7317692131191869
0.7036330103604196
0.7125468886644687
0.7234688976409311
0.7327375880517524
0.7320711329865245
0.7275686071239544
0.7211374913610173
0.7013536765164805
0.7564059154636107
0.7407148039688719
0.7527016705741906
0.6923288505829174
0.751509115904779
0.7038154788096939
0.706999612231175
0.7438345016618942
0.6944959636901877
0.6843923481260061
0.6898190315558811
0.7257081511888407
0.7085655485088883
0.6782673319172576
0.7095186969267309
0.7174402805513895
0.7117452992812038
0.7339187150930946
0.7111777427411434
0.7767229869780305
0.757067947766521
0.6583950735043964
0.6607213559852272
0.69859255382314
0.6991511648833141
0.6842420215514052
0.764953219593829
0.6565064342872851
0.7103843810487701
0.6925862684789231
0.6428918880083047
0.6335402744237163
0.681670001439624
0.6679462794651391
0.7275443424382915
0.713744209338989
0.6888664937660511
0.6839456516680632
0.6769478058669194
0.6506422316276005
0.7039615826960403
0.6821355132844487
0.6769478058669194
0.6591678358433863
0.7084908659646509
0.6555391321158242
0.6642736495817964
0.660664438973544
0.6342098563431471
0.6449363407687063
0.6787224155113089
0.6676169836559933
0.697241139069082
0.7252801046468169
0.7293494686688146
0.7359424634614761
0.6948665275671195
0.6921596183486842
0.6978390458714958
0.6895490809682959
0.713020574198697
0.7141080519152053
0.6770625935821054
0.6845868436943746
0.6684236358240692
0.7226809673957904
0.6878188300762995
0.7115905344522455
0.7070007394954309
0.6647763445840493
0.744276191381277
0.722216219915256
0.704893496422182
0.7475831650040446
0.6835707858587289
0.7060179253825434
0.7207278523103632
0.6767113309698175
0.7092844727642014
0.6808966088053163
0.7148625592834222
0.6950468982835561
0.7799150331778452
0.688741125922317
0.7055742892300182
0.7646713605786745
0.7016748804608888
0.6905450415323467
0.6657771019444122
0.7253026894608652
0.7285229084623169
0.7291688126751691
0.7403171490022619
0.7338632256054267
0.7670185867941851
0.7258591140278616
0.7481483763835238
0.708517953154326
0.7120102803470372
0.6885348113793579
0.7557105423998217
0.7677561690179927
0.7457328887492368
0.7162965683370266
0.7535251346872018
0.751217316006373
0.7121979457083508
0.723166114776415
0.7564220354429136
0.7549255148355029
0.7652381139615282
0.7532834762050146
0.651597752736454
0.7593644370394214
0.7594814440922218
0.7220063143909314
0.7665380237955468
0.7225834211318841
0.7623718562600925
0.7254844453889419
0.6910539683945846
0.6917105375639809
0.7402364374538674
0.7120860206096321
0.5678130848050432
0.7285616548877394
0.6753589502504458
0.737254500718756
0.7323015554629451
0.6276650953866697
0.7324494400134792
0.7360473367738082
0.7557165982118815
0.7369149630514972
0.6888463661258716
0.71275329602599
0.6375888762442117
0.756069957552231
0.6477383259876738
0.7002426507684355
0.720689619626551
0.7324040032065161
0.6922038789742019
0.6849965087492299
0.7140045980928492
0.7303881032374263
0.7811466246579639
0.7579508655258361
0.7276179959122964
0.7564646383590405
0.6952906656884346
0.727279905372965
0.7392836263909494
0.6742422022584625
0.6608770307161221
0.6169198508576595
0.7032897324445774
0.6926604176813638
0.7464750377663275
0.7827973793734803
0.7732421005318141
0.7538310210252359
0.7409280943567316
0.7125689439467188
0.7995861978997979
0.719297969753477
0.7292292809443296
0.7254858402851596
0.728724985798814
0.755450278630018
0.7658792142816883
0.6942347038245599
0.7580924404659609
0.7115129263682313
0.6909640589314648
0.6841320522279475
0.6599324780891507
0.6833171829921563
0.6856790870734862
0.6941215917134657
0.675097671916151
0.7423982210773128
0.7151379004344567
0.6615469901217146
0.69779585729947
0.6782401501124087
0.6560068751286683
0.7061829709061942
0.6724054654802761
0.6716091246153582
0.7095122305786385
0.6352946239619851
0.6677963839734857
0.664385622428016
0.6498148633230856
0.7258167326167266
0.7128260808908441
0.7290236652576607
0.696054607206767
0.6839691586068948
0.6777192990722103
0.6703609203952343
0.6930392724148489
0.6545549390215185
0.7392514575194712
0.6640584178799857
0.628247798467911
0.6999956271489703
0.698903433248031
0.6654816517070843
0.6784994864584254
0.6350163397743919
0.6581084400162716
0.6235423435843898
0.66676607802798
0.6805751396639771
0.6116118578285026
0.6826509441736598
0.65731694870954
0.6613942248867472
0.6710679845410646
0.6388071709091663
0.6869165037819623
0.6482183672031002
0.6251439382040748
0.6950118217526461
0.6512589735136827
0.6882569730231841
0.6669900664401511
0.6355654346667416
0.6921221066566193
0.6977390295316349
0.6698768874742542
0.6681305558734595
0.6974279260544295
0.6513687394609022
0.6578368026526921
0.6328297471099833
0.6667368157305423
0.6919564184082495
0.7335440114464763
0.670575528896982
0.6902247013909377
0.6780600475986508
0.7247629840646149
0.6397365246444557
0.7118581518065145
0.6482341903989525
0.7102713947613298
0.7240746943954761
0.7161328418048035
0.6682468977630672
0.7075879856543695
0.6861057161158178
0.7946002082322878
0.6506444569541966
0.7223302018414658
0.6379305226516759
0.6338944592219851
0.7245272370176992
0.6978267646331034
0.6169565665269497
0.7622605151076101
0.6705815721373168
0.708234445210645
0.7005149105627427
0.6935673383301386
0.7040539877486907
0.6957777675913678
0.644259462159444
0.6372016420260231
0.6189545771306287
0.6632211102126023
0.6417775872890523
0.6675031370027685
0.697698484989814
0.6251433990703854
0.6294772983268018
0.6510474628023375
0.6449513909097006
0.6629336601757267
0.6334943488267524
0.6487802874439341
0.6766132861035546
0.7000127992810302
0.6420999442365056
0.6276486377604175
0.6635157176891137
0.6428506196970115
0.6466433899270773
0.6363901696285372
0.7100239976687812
0.6268558805029774
0.6649574479588818
0.655048354278656
0.6449294111078931
0.6690899852612889
0.68589213911531
0.6506645397739105
0.681581068549362
0.6654890152766513
0.6098226626977206
0.6773715443338246
0.6599868862082923
0.689708205656961
0.6193524628809192
0.6611219478803668
0.6971975759695292
0.6457099695036319
0.666250976916063
0.6411021465809654
0.7358665930215802
0.6713608183176706
0.6507158339919962
0.6565051068255336
0.6611351377854279
0.6487296326702575
0.6442518895843049
0.7188041773783551
0.59511375963668
0.6572027577370375
0.6277812447746435
0.6682932519520296
0.6288261623003509
0.6553279067368477
0.6083375753228137
0.6562643823879256
0.6642141835295016
0.6726743532319
0.6788017480514975
0.7007823338822562
0.6904389368715477
0.65687956032679
0.7033757494974673
0.677383935360571
0.7023310600605398
0.743668377313318
0.6623361369638152
0.6572619281133922
0.6815843740376749
0.6781918802108685
0.6833508105005656
0.7015084038648173
0.687899079714987
0.6863411987718634
0.6437586862099299
0.7052050480417534
0.6793930546617175
0.6782162527559852
0.7027192666879442
0.6836363125414099
0.6647661503128067
0.6204260560963031
0.674039711456975
0.6848363712622202
0.6566879870356632
0.6448213717090724
0.6346484613867939
0.738167597179836
0.7228063153286426
0.6790924365340258
0.6090818520269395
0.6726847594060518
0.7482932801970494
0.7279958770035247
0.744666554418096
0.6930763422455192
0.7107339162105596
0.7142768537021466
0.7483593626871698
0.6708145580254059
0.6884425042044944
0.7354194228805142
0.6810899594531273
0.659571640990905
0.6793188530060802
0.6582359357453571
0.6549363408314649
0.7028457412432293
0.7098892437655371
0.6661300092795049
0.7047633480271929
0.7283984191089329
0.6921882833336057
0.7162838123451802
0.6971957273426587
0.7023423346680256
0.715287802901076
0.6831254965002089
0.6923795301078892
0.6463622871285069
0.7218513012877015
0.7192912146005381
0.7177105710602835
0.7354008375187147
0.7254208999225987
0.6756571162791324
0.6980864711177479
0.703695742001882
0.7285603338887318
0.7180739112648507
0.6842357059348432
0.7475187089730849
0.7269318567984702
0.7007185969723404
0.6828533849745209
0.7166580741858827
0.7037240598253018
0.6945357247987425
0.7250859985078523
0.7233841257079514
0.7003739719871629
0.712135897449782
0.7384187167465743
0.7285246394194923
0.7183869789185408
0.7057457903879738
0.7013803533848989
0.6734394309560529
0.6366637106476933
0.6997833085480354
0.7174003850618315
0.7697992470539196
0.7199496936729476
0.6852624115886644
0.7663086253491541
0.7292530779581259
0.6490286297523535
0.739303714065164
0.8048958554519647
0.7368152346092561
0.768536191382385
0.7691097027951973
0.7011028283317977
0.7002479034975604
0.6955966010459812
0.7693398457929606
0.6878202367173462
0.6622394611326395
0.7107569860242414
0.6885239355989092
0.6895660578964112
0.6838442188068032
0.6386767561875865
0.6882252052777972
0.6378800246074943
0.6606231681533421
0.6734059574957618
0.6527909241445181
0.6960478969020716
0.6932264824275036
0.6482688488262544
0.6826279481828272
0.6694344817588673
0.722235820674141
0.7018770539219162
0.6764837229044423
0.681677288901046
0.6939480612497299
0.7022754672361593
0.7055934727655527
0.6412171532030448
0.6662701471689525
0.6325397479786073
0.6371655987258724
0.6036787029950037
0.6535885605591503
0.6555907246441735
0.6804154941588939
0.6360113877569998
0.6368135620114787
0.6263358242836435
0.6374396604419827
0.6647822405128447
0.6499962685321957
0.6528319856603156
0.6414924245900328
0.6776097369222481
0.6681118519111268
0.6678213627631873
0.6951827209964014
0.6769701778716336
0.6539276870034378
0.6272019244561873
0.6492371874292217
0.6684400614280629
0.6308362039136444
0.6468353357305224
0.6161826542141977
0.6389077077764319
0.5853319194075963
0.5759347630970861
0.6025830953440291
0.6230652274644759
0.6105755695845456
0.6636723176896778
0.6437887512693183
0.5547293859047018
0.5946846457973914
0.6409869206874536
0.5865432471759335
0.5948609262073811
0.6413882372421823
0.6063644731288395
0.6326379497637121
0.7030943395644408
0.6176683641428722
0.6327629199510866
0.6123326251754179
0.6478655688389514
0.659363641360161
0.5988752093494325
0.6372330143833804
0.6211129162684079
0.621772184238249
0.6697846737275653
0.6887221358465402
0.6814287448520505
0.6889236442033764
0.6497571523462121
0.6324010452529697
0.6992471131636798
0.6975849928901517
0.7244438316987543
0.6882430610547476
0.6798724064777034
0.6651369986819307
0.6258267654057862
0.6668680038894447
0.694290204008028
0.6891783325811067
0.6384369998205319
0.5855993166435958
0.6380088083344242
0.6433362374395073
0.6015126656483929
0.6400168445767522
0.6926181300414793
0.6599668185190736
0.6345400392760729
0.6350248931997824
0.6544908203725862
0.605724857379153
0.6454811633734846
0.6378223433834759
0.6336613173124866
0.6444856816434961
0.6343022984755768
0.6818578210046607
0.7421556088021152
0.7023863540777711
0.6903617805144968
0.6798389084026205
0.6280476319117665
0.7002479732626754
0.7463788018933716
0.6995477288891564
0.6717176412920317
0.7133053891795731
0.6774677544877864
0.6890755952020241
0.6840698422763506
0.7256398639018518
0.683734656098635
0.7574668224714074
0.6609068526078646
0.6764808878210025
0.6553362564593798
0.6250843208368043
0.6691906009679649
0.6525126109729675
0.6827094162927617
0.6517443566874858
0.6620262632640004
0.6913671512426295
0.6728495050717509
0.6509406502329145
0.6290951270712178
0.646440059551261
0.615709026259195
0.6264225533862491
0.6389466879548397
0.6194392704020426
0.6511235400390147
0.6706087922854563
0.662812679775859
0.7145300778328714
0.6863870673807148
0.6576377880056632
0.6515429972730995
0.6337044479872006
0.661105058927924
0.6565875864509984
0.6498617671093841
0.7493304368254219
0.6890273255883317
0.6725370077044317
0.6611681213695917
0.6323934478268345
0.686131705975994
0.6472965443390358
0.6692349138531936
0.6873867013974152
0.6703041742884902
0.7127957001061235
0.6508973703159864
0.6757123636123111
0.6689916852799106
0.6764813617127678
0.6654352574448411
0.6564472409466245
0.6504381483697889
0.678857591613632
0.5995754549686154
0.6490540176736657
0.6623120679518482
0.6960731461238476
0.678161540930118
0.690922292750093
0.6826331119329964
0.6473323955267761
0.6635999890224679
0.6677007915700506
0.6419626756769943
0.6751837666077202
0.6244519957437218
0.6448348621027368
0.6432890193671138
0.6845718262631464
0.6891863659438345
0.6716582021687352
0.6609005057035361
0.6670465522621997
0.59467350643349
0.6203210674536775
0.6439488767800526
0.6827255087231084
0.6830569815619046
0.6677303376119822
0.692204613554259
0.6818839961900308
0.6203995960179397
0.6726306279471771
0.6607769229057595
0.7149791221747116
0.6782594381410101
0.7228458779103618
0.7077343179442822
0.715416895708052
0.68906465514271
0.6811560663740371
0.6966898972981015
0.6726312967416279
0.6366938566649867
0.5766236664124688
0.6491974597817226
0.6962164476361836
0.6535224944293687
0.6864568270422671
0.6266245854496968
0.6283494294181012
0.6549523947099523
0.6716710764277118
0.6607995117333777
0.6959313975017233
0.6488236343921033
0.69347584982951
0.6358301806024471
0.6739845873963273
0.6814627512639932
0.6390228727360855
0.636943718848876
0.6374028640290788
0.6076885038400627
0.6048986426841283
0.5716351894628923
0.6780029901226864
0.6342947997203491
0.6725476320236702
0.6236372586070125
0.6991392475124804
0.6718073734306453
0.6320285903776355
0.695670409062155
0.6582334652647439
0.6878052536745451
0.6885845722258028
0.6819831925189759
0.7276573269178663
0.7157449213475587
0.6776046692830731
0.729603404101996
0.721673709466777
0.6949258160910442
0.6811681866636174
0.6680215567281436
0.7103856288008612
0.7089454697690643
0.7063288511382187
0.6743955762830747
0.6687358008268246
0.6755035533697065
0.6672549565708897
0.6330097093736259
0.6560459905776022
0.6488146159044141
0.6990220522267604
0.7203777843897706
0.6748497399060536
0.6896814065919672
0.6927065089309891
0.6873714309186372
0.6463278551134076
0.6790019674291504
0.7238494096195964
0.7037947515905008
0.6306677849885494
0.6740727279162848
0.6522300904925838
0.6772010269585277
0.6564874614096365
0.6883645837184601
0.646558651899803
0.6571984600058789
0.6922212255595377
0.7006735608961832
0.6605745520515725
0.6638601378752479
0.6432807750326781
0.7310504226739518
0.706932515918554
0.6918874408493223
0.6847537575959984
0.7230734447489162
0.7231270392425923
0.6757580110676908
0.709858429676794
0.7211143468741117
0.700522094704962
0.6342721635269641
0.6906236074361057
0.7005805907325833
0.6988527821976567
0.7122677727208638
0.6833701960285999
0.653909727011207
0.6889268495469861
0.7006259910392527
0.6955869670440747
0.7018107422853007
0.7119562217603596
0.6926360433064707
0.7494672360807572
0.6373893660178193
0.6819628131815569
0.6880711777164015
0.7315409604670239
0.7052519271838241
0.6767675708877225
0.699097124487009
0.6839749186399547
0.6967841858403276
0.6950821016210218
0.6795961353939836
0.7496199644834899
0.6826771571548991
0.6750474907858314
0.6935789254524399
0.7213809237448321
0.730663790777574
0.6857822105600531
0.7240239098219631
0.6572996318669831
0.7327603131183028
0.6532903645885639
0.7132649823442359
0.6750876741614513
0.6648935406938069
0.6592811983915782
0.6972761468807133
0.6671977716845998
0.6687816437261523
0.676256370467315
0.6403389071027112
0.6529278513913027
0.656075778834491
0.6562562259707628
0.6712879556344064
0.6137054323712695
0.6348000000540589
0.666877329586018
0.6812298400381466
0.6252698180550169
0.6751915134376751
0.6313631264205969
0.6591259654981232
0.6782167069440284
0.6035371396570299
0.6751915134376751
0.6558000400971615
0.6279789824438623
0.6980604094039138
0.6733642750841595
0.6634204438854427
0.6798255888230107
0.6909848946465889
0.6637064735549016
0.6437283807375966
0.6669792190850875
0.6728000244410032
0.7057316438770174
0.6489962904302977
0.6282729412092871
0.665608953442765
0.674958258745676
0.6728882000981268
0.6883104853251398
0.7079827629673515
0.620558082858929
0.6016711698707632
0.6503911393078239
0.6562093085531908
0.6555944223706347
0.6294708574524852
0.7138288444461272
0.7217981742000465
0.6651476654283028
0.6578734246612198
0.659466834474127
0.6928785094687128
0.7146889581980344
0.7155696524664026
0.7027673338036857
0.666586323525787
0.7133210503891109
0.728914752094365
0.7420068785556593
0.6333936256915483
0.7038356116285235
0.6840953958358035
0.6391800680927227
0.7246030715540398
0.6963334255703186
0.7397177267334054
0.7172454898836337
0.687967266499245
0.6531106932028085
0.6204885556118006
0.7243295690219075
0.6305579045052723
0.6645745059032151
0.61217994380352
0.6085245809790607
0.6701037273293827
0.6714891080544464
0.6841680344814366
0.6632858434198626
0.6735671061622605
0.6591756249668637
0.6907457755817382
0.6990697548976668
0.6795833666976231
0.7426614700053732
0.7687277802486675
0.6866876965454086
0.6159135099563594
0.6347906990540367
0.6848396614080733
0.6424912020346986
0.7236359869286122
0.6694395390207342
0.6659003602047403
0.7309302937857513
0.6617761535408668
0.6530507938468115
0.6546647023977831
0.5890004315634392
0.648090281142933
0.6796993097307872
0.6755124901022703
0.6605656783812172
0.6810848081962514
0.720096244924223
0.685882278125928
0.7401855044193989
0.67806496320508
0.7096303574306293
0.6607796920126444
0.6841787490193634
0.6791543952911285
0.6973600342044552
0.6306674972963774
0.6802962821239593
0.6677323022574155
0.66463473831218
0.6990795099247551
0.6645926985345475
0.7068145159207234
0.6662922685538538
0.7171272600473407
0.6560783854167235
0.6698984102900508
0.6852365127594018
0.6515047808073511
0.6450789003997857
0.6490071011623126
0.6351745057921857
0.6730274811086163
0.6924143076632008
0.6513650468813321
0.6526152361687027
0.6671903330250372
0.6745407054411594
0.6664637401338388
0.6731531655669212
0.6821015117437409
0.6563879720425354
0.6822022000462878
0.6973951734385267
0.7277745555864491
0.7138242896549208
0.7158513139743199
0.6987495827302844
0.6221875464254445
0.657916876910411
0.6192498360628504
0.7254843164895549
0.6905519070071641
0.6883095354942889
0.670258397933117
0.677709927773087
0.6913120364810859
0.6619138855533424
0.7228525217737763
0.7076616270640399
0.7123270550473881
0.6291482363642574
0.6468198181331805
0.6824613723984082
0.7290135490113895
0.6882430610547476
0.6798724064777034
0.6816681647162897
0.6132066936136812
0.6744467252676019
0.7093769011317701
0.694668976534653
0.6384369998205319
0.5995045990817583
0.6246424093529823
0.6015126656483929
0.6391482530861867
0.6674416224740979
0.6719517349110807
0.6624768004555831
0.6744576390652166
0.6507695088744861
0.6376878300357516
0.6400512952178291
0.6426572814444066
0.695427932625573
0.6288999668795634
0.683072312809398
0.6571851124082454
0.6622828416200449
0.6060826859285094
0.6877301694588989
0.6571851124082454
0.6622828416200449
0.6060826859285094
0.6883876629790386
0.6448701828731884
0.6289022966376301
0.6268269458497088
0.6263947295279851
0.6102709282817981