0.6208369272880546
0.6256337887733019
0.68403572129431
0.6610831168516645
0.6565490953953625
0.6444279265886785
0.6303169128662214
0.6363963974685727
0.6424486981332509
0.6627732390193501
0.6955183052668018
0.6899724219271327
0.6846264380410337
0.7110634568968646
0.6957839352450709
0.6410140116743547
0.7181558897404672
0.734055546854707
0.787621790193174
0.6679498684660008
0.7180614627241805
0.6487289221481143
0.6672320805137784
0.669646480014765
0.6429089900816158
0.640944466978616
0.6683045949680175
0.6327476193805993
0.6967074635369854
0.6542252525553748
0.6741520575065278
0.661889069430707
0.6832023957059338
0.6949108765368847
0.6883537022578913
0.708759326893556
0.6682269447473382
0.6315407644620218
0.6824989549344891
0.7087868475531823
0.7275084186235904
0.6091276945496668
0.6832416206389628
0.7592495716365362
0.6817950326204374
0.6504759484154293
0.6016537125311598
0.6316788552492609
0.6571038706069116
0.6697623454190281
0.6383377297823697
0.6557630458729048
0.6338327018890106
0.6309654157398604
0.6333986648913817
0.6619777776613397
0.6893653873839624
0.624318712802973
0.6294127274355733
0.6443279898013269
0.6898972593269368
0.6625430163286079
0.67050506306738
0.6678584030251752
0.6666329591110489
0.672456799948675
0.6656870123018211
0.6517861679581609
0.61793664998212
0.6247630166313733
0.6259176130897686
0.6241759542455966
0.6399978046067408
0.6419442505324814
0.6682863139997081
0.6583383129753617
0.6518650298477626
0.6638029189949506
0.6956080200201413
0.6366071056629654
0.7148447712896643
0.7003894931398555
0.6751725558240662
0.6911360892244323
0.6533819101968775
0.6785066614160642
0.6720699122485306
0.6725803822636633
0.6083358115112751
0.6390751784750518
0.6821901455948608
0.6825068586039128
0.6887133075601997
0.6920633112245367
0.7061550677226481
0.6991985868797217
0.6702905318239278
0.6346088377312076
0.6591240956691788
0.6524776209351734
0.6901777375309962
0.6919506204641106
0.6747413185599059
0.6765326895835876
0.6553664335120641
0.6580377675000018
0.6831599030573022
0.6506345974450162
0.72426734880249
0.7138273505591692
0.6933451206837274
0.683863613780242
0.7054656283212333
0.7048899968805231
0.7331962402308466
0.6080882182789855
0.6698619336157288
0.6017693221511443
0.7296796356572199
0.6695616604353689
0.6500629115528471
0.7103094087224402
0.6816439188595221
0.6921053827519156
0.678309004077965
0.6649511903124422
0.6993356233944189
0.6680676803499066
0.6863556504349185
0.6631049998114507
0.6918504626911217
0.6824774578784316
0.7037319379671921
0.7277210439392996
0.6965271027765336
0.6791702511195424
0.6854560407602015
0.6720755881427001
0.6567036590341092
0.6693644711594485
0.6538629699742101
0.7132795116445176
0.6531834665130029
0.6601145694306466
0.6261489060672198
0.6349055318526167
0.6877670039279776
0.7322058540150306
0.6942747987519675
0.684267471970997
0.7096908345411143
0.671785490227219
0.7497852588135495
0.7378414507905418
0.6833305012848323
0.74136620932525
0.7152414675203294
0.7396875317998518
0.7039314082665458
0.6944078888514762
0.6976377991398036
0.7188443485721077
0.6411538344717631
0.6589644685866817
0.6478446706997637
0.6980678848126561
0.7283471003300936
0.737155147874685
0.7230158630017387
0.650888039237683
0.6582761847534829
0.6833943798699447
0.6674266926312614
0.699004559884649
0.7506939373340701
0.7328842548322474
0.7510683497874171
0.7112214927567855
0.7147849996199515
0.7038678370338388
0.7107264690686502
0.716792004738677
0.7259612084034015
0.7455413682647154
0.6884676435773156
0.703218153131768
0.7102798791674706
0.702673410791369
0.7177945141774715
0.6896946666011029
0.6696321828514564
0.7376063858415435
0.7266661709621048
0.7200554210911319
0.7005677335109475
0.6902382541270871
0.7211822851417431
0.7135459878218154
0.7261458548536132
0.7432294223698768
0.7349001143507082
0.6695508304078952
0.6961817682318976
0.7337799496756123
0.714969457690899
0.6960013032936677
0.6715341526925889
0.6628216415475211
0.6727515472026329
0.6138133296105237
0.6784473256407552
0.6712073974871096
0.6785228271490537
0.6515542680293741
0.7158896938633303
0.6859764485320419
0.6955694852964257
0.6869039812606039
0.7148879818045811
0.7081237683024282
0.6847907396226922
0.6501668726198683
0.6921837424621285
0.6940876022502922
0.6771329837878471
0.686025920514037
0.7128566881329251
0.776063360354326
0.7153503477887029
0.714858593072129
0.7655486562809118
0.7351679184289492
0.7440614934567001
0.7305646687921988
0.6892165134826203
0.7265455462210068
0.7387204116492119
0.7455366897728587
0.7283862900177568
0.7746664787977494
0.7281699476678113
0.7830277665284685
0.769624141366351
0.7506306914056895
0.7295221825956033
0.7487886805808975
0.7552164265137815
0.744201456039677
0.7345024338290088
0.7433339992636422
0.7366085300285787
0.7831404939162396
0.776983511165277
0.697799685540663
0.6465584740334126
0.6859589188525637
0.7427419122914665
0.7244297252359705
0.718454666442232
0.6433125800021464
0.7003616574300773
0.6985224791174223
0.6851445338758818
0.6807017640306712
0.7070224528690457
0.695186192444644
0.7445462900081338
0.7181845273544013
0.6945003116552811
0.6840564132215958
0.6392585808337496
0.7227180208351359
0.6635101938653029
0.6320843898911906
0.677046565152432
0.7377795531854304
0.7176603309007856
0.7488738419703403
0.749277027170435
0.7583718693077763
0.7210327016543707
0.722883035114028
0.7754009749181157
0.7436986857398068
0.7625320433319767
0.7676272548601942
0.7231056133468934
0.662609570244858
0.693780430266111
0.7227446346727242
0.7578622199432616
0.7293403914205642
0.7366038154688429
0.6930523215923322
0.6542810295676135
0.6411814145036004
0.7766943212165417
0.7714121917741199
0.7411930445977449
0.6819312936228555
0.7115871038346667
0.7659847737636495
0.7335548821896818
0.7419180643565707
0.698433055190954
0.7351009659319048
0.7598562795411636
0.7152328043560806
0.7713583213834636
0.7371021432310018
0.7385531475358135
0.7242109143231746
0.7485096872453578
0.7097468666276042
0.7002128694707377
0.7259195380584992
0.7889487224282442
0.7501015147692919
0.7765974582443249
0.7694224448415495
0.7580846472626417
0.7484394220975373
0.7417735686821144
0.7583183748562639
0.7413822375466191
0.7707932543009368
0.7851916191872751
0.7071437496420683
0.6818013683278568
0.714747148423702
0.7154628154010282
0.7391793926451669
0.6371911484585301
0.7127016317585511
0.7189280304154734
0.7345834971525307
0.7397873432990818
0.6977288817811788
0.7384143773146215
0.6961469183000706
0.717139526526779
0.7394829294996005
0.6454449568726068
0.6800683816251789
0.7380522148987261
0.7009864844595884
0.7509738705217234
0.7516741657400946
0.7441815904022333
0.6988698090274978
0.6245021344352258
0.7476372074089125
0.7503297877092705
0.662829593392988
0.6771304938376286
0.7432990772387115
0.738887558722154
0.6980103432352384
0.7368142714770186
0.7117106521842546
0.7437112192845299
0.6740744317657125
0.6926201194298071
0.7200946890392534
0.7278819450690355
0.7139428672712382
0.7070918917564969
0.7363941751383849
0.7062602116563751
0.7002445506801483
0.7059381213200494
0.7687008099686808
0.7079851850539847
0.6776496871868386
0.7279350379765475
0.7661358330254633
0.6799520498512199
0.6837227329908864
0.7146891787293138
0.7118224290588097
0.7437542827996146
0.7002891964048772
0.6899354895996688
0.6889719910664581
0.7663119869670927
0.7858168301705681
0.7858695243237451
0.7569576417981881
0.7003686969117865
0.7332980474366955
0.6732776961986761
0.649197349847255
0.6787948724889574
0.6860593040143526
0.7051637675587457
0.6789581503253765
0.6666837851882631
0.6603462566575283
0.6750576130465982
0.7072168005029508
0.7146639776888044
0.7417996032715247
0.6699061988634817
0.6998879422135585
0.7122499472026592
0.6891657089342865
0.667472453742515
0.6845892631475238
0.6978168173468464
0.7061866067051656
0.7002036175407986
0.6952545079534499
0.683654465182618
0.6856196995095333
0.6905376089417264
0.7273094102977825
0.6312029601935485
0.7288245034663805
0.7175297823265833
0.740599856665111
0.7414013516769437
0.7010533805232884
0.7007829957429557
0.6876175723255388
0.7042835834740055
0.7577351496876049
0.7161310497683843
0.6752678443333173
0.6709595876922076
0.6541540993093675
0.7010365344036076
0.7061741893622578
0.6729976325896285
0.7074604245074781
0.7144620115444112
0.7083696106027197
0.7107280839630428
0.7143839418284074
0.6935716886598406
0.7021855072002084
0.720249647851233
0.7468281916756982
0.71664245804734
0.6825087232936099
0.6333769835976969
0.675749219678121
0.7154070714470737
0.6559923505789633
0.7544041320067746
0.738872033117022
0.665280934457706
0.7358679089923199
0.7288621883024491
0.6888890294705645
0.647909610198696
0.6816212824877215
0.6485303813586779
0.7026951709582248
0.7085889923775115
0.728284459672866
0.7335166559012951
0.7071515799945965
0.6960706974168871
0.6881035897963317
0.6798517902427245
0.6732878358570558
0.7019425052607929
0.6737175098516293
0.6978761037776405
0.6967208948972435
0.7340278884806056
0.7115055944560996
0.7202273578652026
0.690704480241455
0.6950412314974184
0.7005148698922559
0.7173073231839646
0.6511739192313978
0.6395615202224453
0.690545000220001
0.6355747428093821
0.6477847511373771
0.6454654305479753
0.7027386290516199
0.6754890339215933
0.686142921257217
0.6893202089682694
0.68896420570164
0.7339938473443347
0.6663746691352207
0.7402569619822926
0.6850892002681355
0.7461252328672405
0.7296734638729699
0.6965855133310866
0.6870606732551316
0.7441053046955937
0.6495615112506182
0.7024292366102872
0.6819539157712701
0.6949183623497459
0.7156087184780028
0.7250076042487531
0.6550253971900549
0.6706140477554011
0.686496344798184
0.6809865829096359
0.6283943790237383
0.6595650535645275
0.628073933185763
0.6964748822822008
0.6846687759135297
0.6906367736444984
0.6594074454598674
0.6710123555382512
0.7124903305934982
0.662430301915763
0.6758929751996414
0.6937394547558904
0.6081386913368637
0.6980279673347347
0.6834176342344742
0.6730213128871154
0.6842650598848037
0.7124636658982171
0.6910393189988481
0.6969081241742572
0.6585856834628289
0.6551690003244931
0.6917325574015671
0.691043745914167
0.6901054661944053
0.6647504624049358
0.6879627976136344
0.6579658805757598
0.7012621608121523
0.6711106305584836
0.6499512936995459
0.6984502736570036
0.6782549910269242
0.7024644623011008
0.7062645000031479
0.6928249789979212
0.718339302370661
0.6705459772665522
0.65849033224173
0.7071323779193553
0.6874762839165226
0.7053755350728946
0.720590705891554
0.6638774408587101
0.6606033234554941
0.6044742078232279
0.6358868652349169
0.7035508122475788
0.6828946145506417
0.687070766405015
0.6325666435757197
0.6585278885776735
0.6514665185397684
0.6924896251674985
0.6923050859898354
0.6497298334955884
0.6910306808442594
0.6819320741285717
0.658949790649319
0.7330311825997631
0.6860254663052207
0.6325857600855194
0.6887373441374384
0.6892768151344749
0.7088499506237675
0.6658813562716108
0.6639687994658559
0.7016028057899196
0.7017022330023136
0.6507586073551865
0.7106229588471209
0.6921781829259661
0.6351121614729802
0.6963850033240933
0.6828592090787737
0.6967063560799351
0.7162375611324358
0.6688454007134692
0.6694966660606112
0.6736247243208204
0.6534595451481553
0.6635237333895753
0.6714362112401886
0.706961221009242
0.697825342644109
0.715735479925191
0.6989517227722054
0.7078955362563383
0.65594336597799
0.7296491522246914
0.6962937825994044
0.6920330104282904
0.720047261048545
0.7206820510153622
0.7231418265378943
0.7530140988947253
0.7298781193625931
0.7156649106450392
0.6508014841967826
0.7182464641318934
0.6927709971651503
0.6725890681734948
0.6788336935605723
0.7591957958732108
0.7280821152150456
0.7169250783638075
0.6809428680941223
0.7345976121215444
0.6508014841967826
0.7145598532225428
0.700330830951404
0.6707441581106157
0.7133278271245665
0.7106526825273185
0.7192134889281171
0.6995417688105163
0.6893954057922534
0.7136143435878435
0.7040624716427707
0.6892288691677505
0.7055958543146813
0.6436848344234942
0.6681130859956589
0.6447728097019505
0.6737299709385043
0.6351399068674267
0.6842127538052131
0.6610174921240396
0.700828272222609
0.6801881039732466
0.7235466420056959
0.6914539843155758
0.6826468477487291
0.6593558952429347
0.7049302927730675
0.7395340053919693
0.716522209213499
0.7226648537605599
0.7539323055626898
0.7767208645288303
0.721240437169883
0.6668345716588974
0.7016474699328474
0.7307327167364627
0.6594682947593049
0.6736387062213997
0.6379808742795559
0.7025654772932419
0.6744358644015815
0.67812622451859
0.7121611606928289
0.6898899251725177
0.6236781818782604
0.7084897602899309
0.7181256853498994
0.7305505263551519
0.7640864792367698
0.7677949489835322
0.7197718906871732
0.7492819206477748
0.7815247321783789
0.7570899499225687
0.7761512061362418
0.7119560083794989
0.6828453195854904
0.688503963459766
0.7093460953385056
0.7811896520765383
0.6933635490994199
0.7629027237405093
0.719112423432199
0.8072403802356185
0.76263089074992
0.7404979822026618
0.7195014207132188
0.7678954291047705
0.7030190899947497
0.7228801366761336
0.7142239370411598
0.7514244570539506
0.7013575340221508
0.7512455314285628
0.7298423607409288
0.7461100399660757
0.734505953927238
0.7741165700945546
0.7551029455602657
0.7505700920342283
0.7016320764213586
0.7447351437255312
0.694982246110973
0.7615426295063634
0.7311894364846367
0.7386449782170168
0.6931725658299938
0.7179510067708855
0.7750827934766124
0.7480539015974635
0.7311058138576765
0.7448129971420259
0.7629107856830912
0.7545452583836946
0.7458500786543905
0.6829098600580001
0.6981985931318043
0.7197137969723919
0.7161649451977806
0.7191342690020494
0.6229453146364908
0.6626098595707022
0.6972546666604991
0.6761684523436393
0.722516895232734
0.7020218015259886
0.7401007264582172
0.7356156507735916
0.7351742036845376
0.7985329654656446
0.7398171813233333
0.7604826537530618
0.7519366162745534
0.7373269397323483
0.7252072482345795
0.7714514805745285
0.7163333133319234
0.7586901118174916
0.7227154297237939
0.7773545568098166
0.7407482734586588
0.7584276255869712
0.7267005847513028
0.7362350812031319
0.7295597535424485
0.7452852816911447
0.7446508816406416
0.6910306808442594
0.7025241867951042
0.7050241677092433
0.7227777101243695
0.7579675617032825
0.6743744513788809
0.6868356627313665
0.6582703614666268
0.6970977705271304
0.6896178458149612
0.7468368088799267
0.7179748476471333
0.7059295890521554
0.6734797418498427
0.6254204925045103
0.7480282615025434
0.713008299077739
0.7351752435262303
0.742164192794721
0.7193489090498909
0.7276415968148748
0.7045358926898996
0.6948749831271438
0.7231189679099427
0.7612916640632997
0.7071339179049922
0.7141241149807436
0.7073337251632595
0.6934333893810357
0.7310204991078987
0.705200468253303
0.7283539528467301
0.7350558324930632
0.6959749591788305
0.6985391516449431
0.7002006467921901
0.719270141734711
0.7184875432022672
0.7026805021808882
0.6957150202015855
0.6961407512511687
0.6645493573266581
0.6969661033174015
0.6980241535131747
0.7657094081222533
0.6863796859167284
0.6908970042036366
0.7224963030971834
0.7305299982129124
0.7132670708731453
0.7532356566867481
0.7062379096278866
0.6808624718052593
0.6769358820381209
0.7388190663132592
0.723197467053619
0.7251109234959476
0.7030186350175731
0.6706310761542275
0.6753721337761984
0.6765168455931305
0.7029693440272305
0.6992924832921368
0.7524881077110241
0.7413291005843747
0.775348758079675
0.7378917168884646
0.7436430170532231
0.741678314303854
0.6853424197019227
0.7416697030232086
0.7246409872054861
0.6896067685528723
0.7480916266129986
0.747311610152453
0.7202360889173314
0.7243750421557315
0.7566437899031557
0.7074506835399188
0.7107074430372418
0.7326284083087721
0.7429121026569794
0.7229617762912162
0.7433077319365015
0.7480506863690158
0.7568359454014199
0.7360102244857034
0.7253066259017241
0.7383084564848261
0.6894291677019407
0.705719386676218
0.736983124531625
0.7381379329492074
0.7072788289810436
0.7040393898650213
0.6941093546490722
0.6703049567044534
0.7302824727420013
0.7229933376242045
0.6898313372158471
0.6879846272692868
0.6808946608787224
0.7055856768095791
0.7335029572507414
0.6811176742245479
0.6631794430010539
0.6986970328000378
0.6934334197593769
0.6551794019607354
0.7316176444293813
0.7048024563845211
0.732061444352232
0.692240784147736
0.6645214433221083
0.6273308284608872
0.6460940545972107
0.664022832329497
0.7323729308015626
0.7709125465483087
0.7046609281784788
0.7481145171728873
0.692841838370494
0.6918996738312236
0.739599665658387
0.7199877685776384
0.692841838370494
0.6966902602130098
0.70050301565151
0.6812310476061648
0.6812108338811484
0.6863338416854464
0.6707150678981405
0.6776215133294655
0.7534299703687645
0.7581052816629013
0.7467584734624796
0.7078372374909798
0.717615460562639
0.7801363159858887
0.7279307764131612
0.7065637521903492
0.7344568441889519
0.718543579723887
0.6757649081468078
0.7311182376552571
0.7004642306414526
0.7383600076057745
0.6948556712271039
0.6654449255474446
0.7163772968220391
0.6946579770255048
0.737208547560381
0.7152474664880247
0.7384600912746766
0.7009098122477121
0.7100071108630759
0.7521711931894122
0.6971707453726006
0.7144147290087554
0.739627932618274
0.6683862844378804
0.7349659934642824
0.7613649747552788
0.7058898856132924
0.7285995675319561
0.7312889064441775
0.7584699371207009
0.7064437673346691
0.7041687943256912
0.6750747273546522
0.6373010867403935
0.6678487307921688
0.7197817940743305
0.7404172354791954
0.7295861984511272
0.7061033082100927
0.7120420076956374
0.7281895465227369
0.7116743930406041
0.7107025447053209
0.6794971902477053
0.6778441032821811
0.646755514363941
0.694569921642238
0.7372056733653881
0.7600512912500851
0.727398130497292
0.7195525283652486
0.7200389769467085
0.7581025359530894
0.7199408333476797
0.7298859358233998
0.7451929519218071
0.7153787610596954
0.7323748133769424
0.6003650479600436
0.7195535490885789
0.7410508485068509
0.7074252093027823
0.7191416117305818
0.6944432803809278
0.7465880265157501
0.712941223741607
0.6670900018231379
0.6697638920026452
0.6511095626319179
0.7045714499835867
0.6273040647481091
0.7291299734853096
0.6576334754802516
0.7232615496019695
0.7357607573248581
0.6182622568011843
0.7098561274368337
0.7191609333223901
0.7037996684283316
0.6617359719994643
0.7213295591967711
0.7060310477497523
0.6479468912167777
0.734966645188072
0.7052417914984606
0.7030388111925864
0.7066295849119454
0.7290225519355552
0.692771371990992
0.6816069042339266
0.6900900139568702
0.6798258377021842
0.6898471736928434
0.7091232503576789
0.6634996974736814
0.7473476278152075
0.6468605469413988
0.72289812968398
0.7077408300168931
0.6610877764291293
0.6829651376464697
0.6509560560575948
0.70959205537556
0.6700585669149952
0.6719850838566183
0.709729815108277
0.7071579112562828
0.6988131135261463
0.6891367708238983
0.6564913457008098
0.7072136623297725
0.6916688685327287
0.6537364564878726
0.7053691202098438
0.7043809172766233
0.7295586156534644
0.7324773456961005
0.6966010796582071
0.6784259161450175
0.6610732240758035
0.7069443595032181
0.6605120236967149
0.6877587067587769
0.726345239069213
0.719302520480057
0.6974573292751323
0.6584821209755033
0.7052402542392154
0.6618504654740047
0.6769774928761634
0.6791186592522923
0.6666922740769007
0.7075909416594565
0.6857708679297783
0.6430075986850039
0.6573486906761711
0.7025476644176344
0.6462444436984466
0.7260298547606305
0.7231241629993806
0.6974032293687695
0.7220993665566492
0.7228421777566209
0.7240785394471291
0.7362919943922465
0.7519877863968268
0.760946457152939
0.6481566685372255
0.7089270357197724
0.6524823095573755
0.7169432597352938
0.6978386590639475
0.6323933131598523
0.7104844850391827
0.7085381670890827
0.6742265348355215
0.6853551748904706
0.6433730384619206
0.6412837808625953
0.6657653436695042
0.6966326401032342
0.6929635760281635
0.6512452127833577
0.7015673701102583
0.66481037668985
0.6972904485005856
0.7739518477607583
0.7791596914724492
0.7778081731194402
0.759071909819055
0.7660195961091009
0.7920606717593759
0.7565617083025578
0.7761763975750589
0.7463166233913102
0.7523304466949067
0.6804399775765171
0.7397961249611418
0.7587326867783655
0.7252963610163631
0.7005180456734742
0.6631271042329008
0.6364552429111291
0.6289688763769136
0.6506813518226516
0.6527666245355296
0.7265906722280018
0.6679173774120795
0.6673505358932273
0.661446325589433
0.7050726164249853
0.6577675760438416
0.7223677494017797
0.7062856649215771
0.7341550287969242
0.6904601637019497
0.651100565363813
0.6259279505128599
0.7014594834559233
0.6732444584971112
0.6642586693167392
0.6787451009919596
0.6894220656217179
0.6564189794518004
0.6785433683225344
0.7011758310796734
0.703649541334146
0.6473854909129608
0.6944172473812131
0.6866660948337284
0.6865393728307962
0.7189742341643361
0.7109536285075905
0.6692939958245053
0.6872316233102856
0.7034422168624379
0.6761060277396395
0.7365194843232566
0.7235468020788685
0.7331820790634388
0.6893910730491956
0.7030654376162574
0.6548818815439075
0.7166762587190821
0.70389925673111
0.7198191698165781
0.716084730202564
0.6733855496402366
0.7202884096490351
0.6668901836513029
0.706975122433938
0.6625003736962786
0.6725209531402989
0.6504003929111926
0.6965400143159769
0.6706596244824139
0.7321428438577297
0.6890746987415998
0.5850674488577368
0.6628236869262607
0.6873193740893386
0.6413853983866175
0.7097290013378033
0.7281769466669359
0.6929159526596504
0.7144587240905542
0.6654105323791026
0.6898891621886036
0.6232836637128685
0.669167010138304
0.7153302230359622
0.642013173662052
0.647958754903355
0.6823520896807924
0.6535997976400526
0.6273479323336526
0.6628502557717727
0.7080454808229695
0.6480212898138321
0.6721653761389342
0.6720697108159093
0.6642403939026041
0.6615990221941216
0.6637855392618295
0.6964055509205073
0.6265237559939925
0.6789502225539708
0.6600300014274799
0.7124502288262836
0.6997317588761323
0.680310310429269
0.680837412068425
0.6629087793030742
0.694841653934808
0.7101061350396743
0.656018285330569
0.6739134377936566
0.6782672048613173
0.680176875408745
0.7215590861167599
0.6764359690492667
0.7144602537903234
0.6869228385646102
0.6842229255964994
0.7177769438723077
0.7031287164673485
0.6808821208474224
0.7051370636093548
0.7216206016456006
0.6875667539159468
0.6971006065573104
0.6460292301018261
0.7374759800626863
0.7113807485930238
0.7250866703333589
0.7458335049692556
0.7385373728717249
0.714830400987946
0.6909188011688624
0.6797886072211582
0.7230834672696347
0.6597007796755687
0.6894347753970291
0.7309390250720661
0.6975840420919823
0.7030877778652163
0.6727127029443601
0.6264088925765144
0.7337925103760444
0.7371213278003215
0.7178970103284444
0.727838450675018
0.6723354472108188
0.671276606476472
0.6696204937539413
0.7251001939753963
0.7334841955579312
0.7276648317346075
0.6786125753564517
0.6897095789813045
0.6870941211876537
0.6546795478958888
0.7193004238083167
0.6910499411290248
0.7332425412720543
0.7054842354246221
0.6762834560075461
0.6977266045783252
0.7077489343758432
0.6416157939369421
0.7125055790227692
0.6814101423854114
0.6787860321644709
0.696717304041665
0.7026256690971106
0.6915984812242546
0.6495100745484506
0.6552712569013844
0.6985867658434005
0.689131917418386
0.692764284568095
0.7084674524373704
0.6346907308011968
0.6765539336093968
0.6521224887086206
0.6606829169997691
0.683452236331425
0.7059210450047192
0.703639665551169
0.6850366677500827
0.6911171500260451
0.6890825409955513
0.6851397413999021
0.7085869054202646
0.7197242332297702
0.7172725360967728
0.7033868987026234
0.7340360079550844
0.7432094427472756
0.7025954623908225
0.6890051900209462
0.6674349526048885
0.6581651119238987
0.687949210664935
0.6654059483143399
0.6883321127628573
0.6511611222363187
0.7132580985032101
0.696251999846756
0.67278676540145
0.6450237736904739
0.6865837018973951
0.6897563683774784
0.6983942356690145
0.7175637079316954
0.6716617354860831
0.6822033493261311
0.7304098121442066
0.6992818686458295
0.6753060489736373
0.6648964210818296
0.6823007271165277
0.7006486779962044
0.744286207153908
0.6383158945651959
0.6826664296486875
0.6642381020889635
0.6825249504745671
0.7011522264351115
0.6994405246382769
0.6921454199163061
0.6723283128477135
0.6610881823431966
0.6903064220567392
0.6962840100699857
0.7051039799388706
0.7368687500708323
0.6629858937560321
0.706478463119794
0.6599506401021861
0.7041410183726482
0.6759588012008885
0.6358072238890131
0.6915798010334153
0.674100636990678
0.6889648022234323
0.6765049031727759
0.6569250947567201
0.685539662987146
0.6847769563933124
0.6412226046791258
0.6796571428308549
0.7200925849909648
0.6956239002502069
0.662713666486033
0.6399901603196617
0.6988922853854375
0.7043227749246489
0.671220741793018
0.6942005388232648
0.6907485257502659
0.6562561720929485
0.709094426594714
0.7027370586070029
0.6857700569221878
0.6849160283062913
0.7112065323408023
0.7100116396496716
0.6859887125975221
0.6308320379368401
0.6227361263090776
0.677357177563683
0.6703274032223726
0.6747363603840089
0.6780467335658444
0.679404979837975
0.6678532216034694
0.641000786237538
0.6887898176111752
0.7112604298591422
0.6653476497813393
0.6856318026699262
0.6661890501301312
0.6901604174708409
0.6650864805311775
0.6746698650271589
0.6619763718935652
0.6492301451806325
0.6840598910761708
0.6625184988725178
0.6635290339873079
0.7290008906754251
0.6749234008997662
0.717910509952363
0.6675042413799496
0.6758100528163498
0.6894832936617529
0.6380120331654394
0.7283050560700132
0.6576991019194272
0.7070321301556225
0.6934298729847924
0.7051227406524415
0.6856695670475302
0.727141395431873
0.6610695447690723
0.7457910870924698
0.727358423941652
0.7098709259981455
0.7122985807401362
0.6815863132871477
0.6887419742503946
0.6793789213651268
0.6888083539748135
0.6856506647496339
0.731702298004101
0.6966174288874571
0.661937569741057
0.6600835868623192
0.7229632716982058
0.6823742561413122
0.6027106501988773
0.666709798086365
0.7506974207467061
0.6931490684936084
0.6485479360198537
0.6727830060294924
0.6749481089291378
0.6523750931216338
0.7084214676440646
0.6731838510565596
0.7323575223961374
0.7199575775977799
0.684817664331754
0.7118841810564314
0.7376272425597643
0.6847269125645143
0.736100571384164
0.7123416120557667
0.6761205490749082
0.7279142297869416
0.7475648731229183
0.7425424538693758
0.6969602753621925
0.6554925888371819
0.7200823543526931
0.7044304326705213
0.6847376264443599
0.7344690197723526
0.6565774548168095
0.7335580671809669
0.658184468393477
0.7038901615642558
0.6528673637205934
0.6538459252519702
0.7166309495934041
0.6474425591926957
0.7013764165043697
0.6885189350318106
0.6604471034157273
0.6579841862282816
0.6896913160996752
0.7061521716715167
0.7194644218496067
0.7208515382860998
0.7312710663248009
0.7230937045102803
0.7319668325280816
0.6579680648741977
0.6788812792759656
0.7078172789655316
0.7077675416580242
0.7058781087946813
0.6965378633415222
0.7532654278259526
0.6990405863091258
0.7516223119993145
0.6937414605975422
0.6911746770261267
0.718388975756694
0.7168748874234527
0.6773964935450459
0.718343446911582
0.6960883544047329
0.6748501375769356
0.7383769063866034
0.6907413798935422
0.7014368990497386
0.6992873557529197
0.6926150878326434
0.7475312238589151
0.6476280275046983
0.6664366895136582
0.6739421428043503
0.6913593831133756
0.6771913646505996
0.6628267155685592
0.6766224608077466
0.6934389289960874
0.6060771524252373
0.6895801681574196
0.6593256030135615
0.7273074181607979
0.7510283431789267
0.7055925793094893
0.6690385020885594
0.6969812402501009
0.7078456746885117
0.7621248397347813
0.6983626802355005
0.7231311329118257
0.7064904905193002
0.7010756754702893
0.7121868414100687
0.7550610993996859
0.7148447712896643
0.7047898657694633
0.6904736510856972
0.6976229084687707
0.7003161816482293
0.6441421333963474
0.7263638518938258
0.7573645029427983
0.6755158909338554
0.6928251534462023
0.7103414527697703
0.6826350287467795
0.6631234092027937
0.7107086845763527
0.6516187345228156
0.6656870747991219
0.6540411637411596
0.6894341927629947
0.6819330289722079
0.6848654125249118
0.6674660514650294
0.6538866393505596
0.6488471626421992
0.6549211926358788
0.6270608358368349
0.6286535952960418
0.5968188261862829
0.6518298688444756
0.658844758910548
0.6601735150216785
0.6258056904423506
0.6516816815740435
0.6444390852109685
0.6887572502967892
0.6678321195350426
0.7152697916769086
0.7123280343392193
0.6635850463323468
0.649122752150975
0.7054461725161918
0.6865958433820444
0.6807377360192045
0.6332827367469956
0.6646895367426116
0.6788281425719197
0.6910926581972295
0.6458926210215741
0.6619531803551826
0.6842666301343227
0.6738704914085594
0.6836439709559097
0.7118607614691824
0.7113000009950874
0.6857291415857549
0.6989600110066435
0.6764585453453378
0.687560767606015
0.7073203965791319
0.7053133747396565
0.7291539404403092
0.7203535674504429
0.6857405531015864
0.7085220105886016
0.7148172162636164
0.6716463044866079
0.714205249596593
0.6683224254894466
0.7238760079481303
0.6739109731869577
0.6987720155188607
0.6876103909037689
0.6689044147179194
0.6809236634305175
0.6729586847655733
0.6624034511757401
0.7071074573860564
0.6838199788471963
0.7153118981783229
0.6884360307385012
0.690435036700652
0.6928504553091047
0.7187715472399148
0.6733940456065083
0.6159488399448967
0.6733809256197977
0.7095230658697852
0.7047522148655183
0.6925765708156381
0.6938694972249639
0.6646406492117823
0.6845576144323011
0.6665872403040982
0.7122058336619336
0.6613778843835226
0.6715038857311435
0.6482127521462825
0.7246697137719315
0.6479393270735884
0.6218134111274594
0.6572796642295492
0.685506803552133
0.6831114443235758
0.6739776142783265
0.6272620161735489
0.69177599166676
0.6731596743181161
0.6669494538996735
0.6713199037393379
0.703552185316346
0.6690924912073763
0.6690566021755856
0.6472182613812532
0.6893029041477798
0.6544979354197712
0.6846146637002446
0.6634086277629909
0.6388565344809937
0.6699966645747442
0.7027062982307707
0.672752779531449
0.6889266855486784
0.6778210934514657
0.6940391289692204
0.6973903813442398
0.6607333168875925
0.6873999821397199
0.6497864636133666
0.6909919456090293
0.6423948529872292
0.6157796062484604
0.6328538875035525
0.6668673891534774
0.623980697419287
0.6466474536891679
0.6847272570937666
0.6723347026353408
0.6817737947673828
0.6183155864535325
0.6674757190613831
0.669461379894231
0.6656248135038355
0.6622649266763155
0.7018955484192133
0.6355215304459652
0.6849376312654019
0.6333012883824151
0.6941123703205965
0.6821198736501329
0.70665704739027
0.6710847852375259
0.7013782401034995
0.673699113092277
0.6704453421570483
0.6843998270711793
0.6450569231872665
0.654886300826
0.6633331508805778
0.6400825453125274
0.659389933109353
0.6460221170296677
0.6767602932544939
0.6632779655329961
0.6783435203339786
0.6590579945190658
0.6674032705326992
0.6562739525749359
0.653291503534384
0.6793856925959323
0.6691266351188601
0.6674032705326992
0.6321731433987505
0.6749299787861389
0.6968943231966147
0.7007579644288355
0.6844517751185741
0.6272885095044102
0.7162410128825965
0.7031401031555506
0.6820505561730047
0.6462377528882036
0.6532261441365445
0.6949658380658249
0.689390234565912
0.6604234351580509
0.6478619851635616
0.6658938943804174
0.6427121128788887
0.6960078411329457
0.7036745137626573
0.6793383144031963
0.621336305832057
0.6823439670430277
0.6694496388462384
0.6854674420708561
0.6707568022316914
0.692150127529298
0.6748982745108949
0.7048329681585253
0.6914944544267371
0.6972267580555442
0.7211226385916694
0.6992188390788506
0.6874419845511356
0.6797104405202589
0.6812603898183889
0.7086344347643323
0.7056988534855874
0.696594945278216
0.653597196658536
0.68632716607959
0.623155056100683
0.6585534294984693
0.6997157086323325
0.6902806425877684
0.6445146339128144
0.7086247451102876
0.69256968477408
0.6404655657614429
0.6639662703600271
0.7000584417097045
0.6639741079443553
0.6495657362756586
0.6537950687376255
0.6334470858613923
0.7192920438159205
0.7150951453854492
0.7576753428894011
0.7952855222257572
0.7820180778540193
0.7753054294099978
0.7657699909925847
0.776583559547819
0.7096170700216315
0.6974163092584701
0.7147193625650399
0.6809198847289147
0.6814877646476813
0.6707263229200142
0.7756866310244932
0.6622408448990256
0.7075892528282257
0.7057119212037061
0.7528837027736381
0.7326695790618423
0.7413048681839117
0.677995821535702
0.7178677961484052
0.6887909638408296
0.7230496263970015
0.768543708919465
0.7666104830594892
0.6534269067295951
0.6956335128086867
0.6895202868951437
0.6935861569565425
0.69321438268444
0.6845596487142316
0.7244653858861285
0.6834034769917725
0.6532433277447346
0.6955240263139097
0.6886807882596514
0.672385103171103
0.7501894399183908
0.7463728180037715
0.6753833562307919
0.7217360735968926
0.6922444119031719
0.7424297615872835
0.731682797605069
0.7401946620869368
0.667386514682859
0.710563832837634
0.7188894536573667
0.6480687161053559
0.650114221146254
0.6669255395453587
0.6610381420453856
0.6685731330187884
0.7154943388665375
0.6764017803390389
0.698489266791319
0.6870256347860261
0.7069406782149208
0.7214785900373424
0.6700239999607904
0.7268474754504862
0.7246537973660769
0.6798721464981241
0.6912958599381831
0.7288827220398647
0.7383716721447972
0.7147913741923313
0.7200510734061768
0.6671847916843808
0.6680120185800502
0.653459831480433
0.6848086475498958
0.7234956125555712
0.6940360033179876
0.6662373108061309
0.720331456973173
0.7156905875935847
0.6849067412537877
0.7006340178109878
0.7527707662417122
0.770933680141509
0.6994310013855718
0.7383480162063157
0.7261479070835999
0.7089461406661748
0.6815863132871477
0.6887419742503946
0.6849735912801294
0.6627212248816925
0.6803227449559491
0.7380630228585935
0.705200170195893
0.661937569741057
0.6748735148229243
0.6474239937292608
0.6027106501988773
0.666401150826985
0.6902075433887458
0.6800785817386478
0.6964657878961742
0.6939950880852906
0.6940657696019514
0.6904660481996949
0.6574584636938788
0.7026545584234025
0.6922175975337431
0.6626722030791895
0.6897708933856579
0.6552041986928209
0.699464850594101
0.6477312624801937
0.6617992114604587
0.6552041986928209
0.699464850594101
0.6477312624801937
0.6697136825675665
0.6525770193668357
0.6388259489028421
0.6046637268205253
0.608338447678027
0.6177936675552148