0.6426778286671317
0.6360321296667578
0.6490136643291582
0.660655263439471
0.660995535322967
0.6421441792846708
0.624457831979926
0.6186282791250091
0.6503886333435256
0.6252255607259101
0.6912673765732037
0.6437748703864414
0.6696137703932394
0.6476470844341046
0.6946692263885219
0.679410834300163
0.6858115645926871
0.704361718778627
0.7013151749664279
0.6930602007357872
0.7305344371218223
0.6931368508779885
0.7181806951158349
0.6665088970188973
0.6845535763705959
0.7078173463979033
0.671425357211001
0.6921088338190802
0.6669802901820556
0.6308912460002294
0.7098634880743133
0.7098635801465603
0.6257824256771407
0.7063179284367304
0.6876257249890335
0.6692151702185338
0.6666739661906423
0.6209855685401738
0.6449938501620922
0.667742188463407
0.684125559072468
0.6196475428657419
0.7049836515517481
0.7331900250982339
0.6705640519068791
0.653329734079379
0.640538569175317
0.6295871976498805
0.6663691452650103
0.6416541727116797
0.6819738268859277
0.6821162403489742
0.6088907983320513
0.6707720848894275
0.6713224706790045
0.6394618353688357
0.6863137959764279
0.6807795887337119
0.6268147538919026
0.6407340643105024
0.6558116000691859
0.6288362522342856
0.6893957762560687
0.6668680996442474
0.6545635134221848
0.6960697139122748
0.6391355568490733
0.6614387581204513
0.645757858870639
0.6636352289421311
0.6947665928878375
0.6792213918314768
0.628547107759391
0.6306988129451969
0.6678264450479318
0.6845319631315934
0.6632711953962265
0.6813101297323386
0.7004871278788726
0.6428075985276818
0.6599490378134667
0.6504802327773939
0.6737886863595004
0.6575591575009289
0.668757556480276
0.7041038220911751
0.6625773974921009
0.702377935246719
0.6598187076658506
0.6879923196394986
0.7303237068333875
0.6989432039505618
0.7063675045236735
0.6524420637861753
0.6472450569987982
0.6642547281302233
0.6747344098248963
0.6287510894407513
0.6581040097537337
0.6930245569645838
0.6282912634370517
0.6717924110076996
0.6623690164359002
0.6960790244686468
0.6832948935886087
0.6733685593027565
0.6339105415607499
0.7006941985020279
0.6686665497933149
0.7148949451234707
0.6387212335996896
0.6836205245773903
0.7329090541614435
0.685463120484369
0.713296892352261
0.6154503019233616
0.6595572771692286
0.6704903834533444
0.6928786384847184
0.6779450368581385
0.6667691741689395
0.6678054247051142
0.659885073506653
0.6472452821198631
0.7148496996103139
0.724535638779746
0.66481250924113
0.7109244782803116
0.7227556325989656
0.6758823064478406
0.7097670303490445
0.6615312632237127
0.7208672210705774
0.7236318167756329
0.6685876766690941
0.6365251957341884
0.70628042300762
0.6883422741836064
0.7010415244069413
0.6616509091765823
0.700225622113431
0.7223240132350316
0.6886828284189541
0.6858783961511361
0.6523918870595746
0.6760194622452291
0.7097613030137033
0.6770638300805515
0.7070628569197398
0.7433274205318136
0.7326868333591399
0.6593071962376691
0.717577846423319
0.706334512273295
0.6729863834736937
0.7230395506351667
0.7235767825085131
0.6934721637763777
0.7321354320954192
0.697082337669448
0.67836196649122
0.70532576188753
0.6927106490336932
0.6590606605139218
0.6597606225305667
0.6937130099824318
0.7193813618673629
0.6965628501667944
0.6760583860694535
0.6822140338928767
0.6861042805463198
0.6804819660689667
0.6418849812053176
0.6774999356891181
0.7158029245655034
0.6823719900088251
0.7115774350450282
0.7029930509826909
0.692703702606958
0.716953777398349
0.6763760282648831
0.7250884175830509
0.7208763736435019
0.7137143455275452
0.7134734754756845
0.739214760726147
0.6667959046984248
0.7076550433438448
0.7145544157848149
0.6668021051102467
0.6689487309183613
0.6941222199503486
0.7162201025669874
0.6698554236822614
0.6782727407585981
0.645543826360277
0.6863917731740987
0.6654656195122333
0.6795858636915464
0.7033769136945908
0.6987548843755967
0.6640943831944617
0.6404982723640782
0.7072777442264777
0.6728300091920696
0.7035522368539809
0.6756441156975493
0.6914494088070232
0.699567067857916
0.6848751578473163
0.6844613886898347
0.6706587955534836
0.6765360580048391
0.6297609163388906
0.6841100874182173
0.686170342749038
0.6928672180323692
0.6633444985400222
0.7250596097404012
0.71011909539831
0.7005483956666144
0.6664992963994157
0.7134507835125401
0.6766021348156038
0.6847337951896897
0.704143371353702
0.6792028141511426
0.7032509731467801
0.6608695434628632
0.6513378354105084
0.6933944753856506
0.6554056133178011
0.6897672626564983
0.6910290158623315
0.6662175212695097
0.7212718524551384
0.7361127928953876
0.6946953206960175
0.6787943907910288
0.6881761752227682
0.6336602294617896
0.7061165858931323
0.7015688348854465
0.6661874667145115
0.6629120917498034
0.6703113710755064
0.7305076963126994
0.7085138275969837
0.6913683437285264
0.6918999787922574
0.7146129289636158
0.6960487032844717
0.722711703977941
0.7247649560021967
0.6523133927187359
0.6812145911119803
0.7099872818481586
0.7152391535989173
0.7238846877595927
0.6856270691816623
0.6852564357753661
0.6911130085295148
0.6908763427753875
0.6613803969676636
0.689125554519112
0.7117616888870854
0.6575380299768135
0.6852514445364861
0.682154843859932
0.722090934782015
0.6797123972230211
0.7012836369405853
0.665913949564606
0.6766595859262367
0.6673158514886726
0.7038611061139116
0.6725183120998826
0.708523732471792
0.7134163574218427
0.6924784307673972
0.7076870500559126
0.6910165001684028
0.7008537132314362
0.6947099582577241
0.7142742956012231
0.7204298068894758
0.657485527671267
0.6920186296156873
0.6873732841685505
0.6658633441030294
0.6883630348408355
0.7098542338970264
0.7011664997144144
0.6075823991874936
0.6136866075538664
0.6035886068270176
0.7268057805536389
0.7318775298066591
0.6415688816391687
0.6781710119613602
0.6916509949562443
0.772608907761574
0.7194619262929939
0.7409346838000429
0.6715989556562941
0.6926574308681029
0.7166273548684907
0.7191354691381481
0.7140167902480541
0.6989599858089018
0.688807185100719
0.706531552983871
0.7349614038940052
0.7062354845517314
0.6994928894053313
0.7142441677664234
0.67218127206767
0.6900577265167784
0.7312498445688557
0.692695689984623
0.693051311274862
0.6769542935573422
0.6987957131278013
0.7076480986271967
0.7278086300736124
0.7157000099433685
0.7050974957788679
0.6991770969696348
0.6892680346654964
0.7143369820206629
0.658844546390557
0.7307587282828844
0.7032098318266468
0.6906964124181201
0.6945696248991411
0.7120475524250682
0.6951968664113998
0.636419820635175
0.6969722086395208
0.6836242470372388
0.6934486008101949
0.6831896323719556
0.6236384933087072
0.6836035782059432
0.7296552520870301
0.6639563543916558
0.7048447671610931
0.7011336994429755
0.6818942363181592
0.6936516639219724
0.6722183060886988
0.6936747726075417
0.7160706120480539
0.6852968560420023
0.6453078670864763
0.6819562725457101
0.707993662423187
0.6858477684732042
0.6690335193874525
0.6914681828021023
0.7249057368993748
0.6796311417565821
0.6618479907422996
0.7024407976271281
0.6915979051553165
0.6625826124500105
0.6857704611942396
0.7145413812564881
0.6742244454363286
0.6696619657015596
0.7072824969327928
0.7357901103087897
0.6906815029862512
0.6898918680411897
0.7064828286379192
0.7195590142776161
0.6755203113065531
0.6652634214646519
0.7024278361385636
0.6957656623184593
0.7073232927989263
0.6804385204847813
0.6556270266715543
0.6924883756420428
0.7478602938219426
0.7269899821171585
0.7363562453529603
0.7520241138537282
0.7181991304890459
0.7308885302355753
0.7045275071887476
0.676409512310994
0.6515066293790117
0.7111259755317731
0.7122932643882816
0.7035213685894142
0.7003753727788269
0.6567002800851424
0.706127220857955
0.7112445102062507
0.7153690258663762
0.6968227677529006
0.7186473967273024
0.7229061344557479
0.7178921898263843
0.725906988229696
0.7179732375776527
0.7496169605736065
0.6960223000778563
0.7278393657447554
0.6820591297714265
0.710315961462496
0.6631952866528736
0.7609133325014075
0.7285191942471064
0.7270197726795712
0.747039516965373
0.7458352665784044
0.737590790593715
0.7518791883299855
0.7549967938850206
0.7526405558572506
0.7281854190930089
0.7032405179306769
0.7578561675665757
0.7618453031006012
0.7296698134549408
0.7233985503290536
0.7040655053130099
0.6453172853625815
0.723560373027741
0.707525424735312
0.7250720841551461
0.714719579611571
0.7145061398619893
0.7183194832536339
0.7070631779563415
0.7258553686929866
0.6812633150479889
0.7020437762305942
0.7022546978367327
0.7259363952534971
0.7407408666797239
0.7235734036721784
0.692238596571946
0.701542138857686
0.7445596996096467
0.6833773349545468
0.7229174815523164
0.7278343131604438
0.6733857520832558
0.7024093093185498
0.713331610396365
0.7135121367065883
0.7181030545672549
0.6866343447794869
0.7075099519245266
0.729388186205939
0.7052087959825313
0.7059367200960722
0.7015574902110404
0.7202574689877269
0.6882178935567774
0.7049105183414935
0.7391776047675365
0.7202353586375335
0.7555857980737906
0.6920228996352281
0.7533971408906739
0.682950376815104
0.7289971127212442
0.7381414859933653
0.7392984258381624
0.6646072015428542
0.7289714543542886
0.6698441215439124
0.7321313479653774
0.6613338303438255
0.7161061795803176
0.7404920044864785
0.6925855911418347
0.7148423845494752
0.6586468540882428
0.6884930888634138
0.7139288118750637
0.6803595034586437
0.7229127435705877
0.7017342303854497
0.7226573909521247
0.7075833552225546
0.6963900683159185
0.7063298421229388
0.7359626563756713
0.7224565336942214
0.7593710517704196
0.751412545649071
0.7222848799652916
0.7028932523039494
0.7368590374474062
0.722085089999643
0.7629843990923272
0.7618860189017064
0.7444408367661397
0.6870650044391359
0.7691009245313415
0.7502770009616826
0.7354694884443004
0.6376032660958818
0.7780494172207376
0.6530277559875394
0.7654444590795788
0.7420997437476103
0.7500026316411996
0.6842390463629849
0.7202935150164008
0.7320228487601798
0.7238610969478341
0.7136712840242037
0.718885726805871
0.620323217699213
0.7490011011016331
0.7132502603811419
0.6865882560711026
0.6747315560364813
0.7417893676852281
0.668060360660364
0.7356305588559895
0.6671667345135728
0.6458081794868832
0.7614699512918829
0.7801418555401418
0.7683950338141289
0.7464105893217896
0.7122130396357249
0.6357903594889462
0.783335174139087
0.6850507810683912
0.650082035072825
0.7365310389152512
0.7205585288699887
0.7130658059096998
0.7549527485478286
0.7060081602501108
0.7572263392576069
0.7066939396867744
0.6533125687230201
0.731106180958978
0.6709608123876413
0.7479292204277629
0.7692105016402173
0.7123897058023438
0.6528794108761986
0.6873563785066378
0.6902746707011964
0.7391439919066992
0.7247030472756221
0.6970204575582606
0.6687157954043337
0.7229898830841385
0.712621039983056
0.6752047269864285
0.6701612211640116
0.6607980271188265
0.6843574345215879
0.7005354398921083
0.6338616016104296
0.7383537823517597
0.6529300603341247
0.6609891636559286
0.6674549370255685
0.7286944255484586
0.708573982414456
0.6717491003181402
0.7277413620398847
0.7293212080540652
0.6962315649571613
0.6386170178872963
0.6636593666513637
0.6638187642622967
0.6435508284462996
0.6760178870972531
0.6648763809328652
0.631691747355568
0.7005837144084406
0.6812236888734
0.6602983391393691
0.6685937597328747
0.7258501862600271
0.7024715883775564
0.6753552931232016
0.6601639730728225
0.6712186390503526
0.7237779101497295
0.7196592574084187
0.6657353814723798
0.6786127991957348
0.7114433129507155
0.7666151938776719
0.6822953388796603
0.74607653805558
0.7021047492289034
0.7280750448457425
0.7353442878203321
0.7141829539201083
0.7194029688130025
0.6397549385902487
0.6854799219325177
0.6848289381084075
0.6543326520023018
0.6575694643859702
0.7112075140896761
0.6599742014532297
0.6983247577305697
0.6863049865109666
0.6763391509161519
0.6397549385902487
0.6812195552641657
0.6885371522948606
0.6801887626099546
0.6809886200736956
0.6900906289079108
0.6477204941759793
0.7165177297477351
0.6958275748951329
0.7167166672884244
0.7284486017702235
0.658187299875252
0.7291692964329779
0.6292530182948363
0.6652002999925225
0.6463799099584386
0.6548117558832007
0.6272467655419287
0.6499283331817494
0.627530778442298
0.6603498289350618
0.6657296876547584
0.6566593607585887
0.6539514027451607
0.669957823572467
0.6596986105950691
0.6646703779887921
0.6714564001187813
0.658873372802438
0.6660034106232613
0.6667259979336845
0.7218855649433531
0.6713353883491247
0.7050585442710838
0.7049303322726311
0.689431661935293
0.6456727565655854
0.6805911275747785
0.6294817549992759
0.6895801876393209
0.6778087582113275
0.6844290781588684
0.6592405491034737
0.6748877959551481
0.6988512855188046
0.6726636053288347
0.7071363520299739
0.7089737340598183
0.7198670685128117
0.7345119526389269
0.7370054986372131
0.7013369738266109
0.6985129902626968
0.7091067441762821
0.7196890733887784
0.703407990804375
0.6308638615284634
0.6742911117022367
0.6732464425198207
0.6904427642359815
0.7106576958530025
0.7317611921164646
0.6953224332850564
0.7222769476309627
0.7282174957514838
0.722455537837192
0.7374931386721383
0.701929773261875
0.6685298783540186
0.6556805532967092
0.676970182178769
0.6905271427234486
0.6965719488705729
0.7111714720971387
0.6826244386594333
0.716104813732723
0.6986170063600455
0.7156278495549322
0.7298411247734302
0.7320877380550707
0.7024707824930531
0.6853087666045331
0.6691594088374561
0.695488099958199
0.6759412094752306
0.6866758724417442
0.7010688649797565
0.6847985137919472
0.7287666343852183
0.7402660741359977
0.6929061127496061
0.7102408002447763
0.7183313920970287
0.7486703091266066
0.7219355936037666
0.7313063878990949
0.7624669037859482
0.7254989764936831
0.7221989397676555
0.7645972342165427
0.6969318733978845
0.7160961092902424
0.713671529399508
0.6793827023502282
0.7034559182355333
0.7262024538830748
0.7018588381540268
0.7164882762696875
0.7102723673271286
0.7178824752986211
0.7175416108921814
0.742725446588578
0.6935452574403633
0.7375287557196094
0.7384021374191403
0.7377403192078996
0.7430518210675991
0.7183128695714786
0.75673845935246
0.682772761987696
0.7276845315582823
0.710622016319889
0.716169894861347
0.7379703511827705
0.7454337120648615
0.7337444199439912
0.7292504036304985
0.6843574345215879
0.7689304045190971
0.7027919455210158
0.713587172603051
0.7073588447162704
0.7075054478147133
0.6609022323404413
0.684930463762549
0.7234003316662668
0.7283333369594142
0.745556837362139
0.7256906799482847
0.722299212168998
0.7022425048733694
0.6520241842270388
0.709126544598822
0.6847469461108021
0.6934075715520717
0.6804005390665909
0.6529722945766164
0.6749816828199809
0.6686372598336311
0.6779581260451956
0.6871960193565356
0.6596725338430636
0.6487945213778364
0.715302451832272
0.7317789759631894
0.7305241200039778
0.7182788980054889
0.6813133530401617
0.6983353091653683
0.6835162511457815
0.6699551486210159
0.7390577901548663
0.6803723577297641
0.6687022022684566
0.7154320796241377
0.729024430394736
0.68410659532169
0.6770409766505893
0.6710516605074888
0.6819789199283168
0.6542744526767781
0.6662516712724768
0.6988370278578885
0.7065338505205799
0.6471376432651087
0.6971574012948224
0.6808895223365122
0.7014626355041218
0.6682220365778236
0.6694271629883104
0.6603899336788362
0.6931173971185064
0.6616895934331953
0.6981385932676257
0.6900530391988595
0.6822198677181782
0.6607458385536374
0.6780092680359416
0.7074506255397954
0.7165148915415607
0.7029956800893274
0.6904658027800442
0.7254973888305569
0.6879697460936559
0.7135577415860457
0.6749359855122254
0.672570339923403
0.686440701728628
0.705673859254097
0.6615642754915512
0.7165543127417278
0.7287876402452773
0.6972568375638567
0.6883155975625252
0.7268096450114946
0.7236639856533246
0.7233615811035726
0.6877743747012196
0.6875148610598038
0.7214947262964062
0.6972696442493301
0.7238842839871167
0.7279221405372295
0.7171118772578937
0.6953742123445726
0.7112611535509408
0.6932671614601902
0.7078943741815007
0.6816802174327705
0.6802715794515521
0.6693817147216056
0.6593385261539072
0.6815715521352083
0.6556496694918774
0.6579996578133163
0.6667783138132886
0.6849204483949195
0.6633782538273331
0.634164942793591
0.7167876038724925
0.6963367417312565
0.6367658468203605
0.6412694870181568
0.6510506214711341
0.6630705788012622
0.6386470962889818
0.6653099643638302
0.6451214876177678
0.7053903636511144
0.6454062966183264
0.6624941949173845
0.6465783618763051
0.6645941219768381
0.6336246765090708
0.6769780235378422
0.6995665526639491
0.6504886291525436
0.6707077049735101
0.6868985633413971
0.6283865226241969
0.6592036637687297
0.6565452970056087
0.6868985633413971
0.6639492308420054
0.6896222057072594
0.6783110543274772
0.6382166946066566
0.6433140441881207
0.678716372777045
0.6290246356727665
0.6766768924232943
0.6851100208913898
0.6639380938432405
0.6575144236735805
0.6773504722876774
0.7118975748368855
0.6447443373839017
0.6496650871510612
0.6611607598630922
0.6981858028673945
0.6454159322415787
0.6845296583880643
0.6983515204415167
0.714749999888812
0.6406751375325989
0.6767494937252804
0.6621787652483169
0.6828151751410428
0.68263246473324
0.6577273094343957
0.7261851218649787
0.7212379028407919
0.6962569436376502
0.7091525876781247
0.6554830982346502
0.6587847056159287
0.6903354516507708
0.6499120679279534
0.6951734137122216
0.6782492075905849
0.6723202200821214
0.668434444533578
0.7005494429289318
0.6976416864389559
0.6992118066025101
0.6976361997054533
0.6736005400271899
0.7155110304512462
0.6688511019091467
0.7001278142088305
0.7118796135604246
0.7198241074325881
0.6916456710055068
0.6797821352141
0.7239528209748436
0.6547400922169536
0.6883914198872261
0.6522526501714562
0.6377304814276054
0.6661944057371768
0.6800424091881713
0.6864127892227548
0.7333374857718958
0.7297772528813093
0.686013158834024
0.6911197553210773
0.7053944550113957
0.7133716229589597
0.7038930228353343
0.6662510289910661
0.7072536787886381
0.6947888392344539
0.6335414527713235
0.6988930024575116
0.7158481183943499
0.6245682328732879
0.7406094524402914
0.7217086464096722
0.7169960123208455
0.6739792431563246
0.6352782509319318
0.6790386871678223
0.648142307678288
0.7074062429674045
0.6701279345614441
0.6978301048073012
0.6564602723240958
0.7187225067735049
0.7016800570599332
0.6176059189853393
0.7094848707503569
0.7263363288155832
0.6696262126469885
0.6393055999905992
0.6836215709919616
0.6899464687541279
0.6334013431305486
0.7389200042803187
0.6955896656947743
0.71122071537324
0.7152170501037721
0.7191973201930403
0.673458400936661
0.6623457266659872
0.6756195058089749
0.6535751552512689
0.6882887043596443
0.6722375930299108
0.6046440021268978
0.6899680499262248
0.5923888402981868
0.6683124375533697
0.6766604260284306
0.6425176240477612
0.6374387430997122
0.6905646266370401
0.712265731434818
0.6801467660270076
0.6459358860548458
0.687126130085574
0.6875930673216201
0.6782939548995962
0.6606365950739482
0.6811764622825038
0.6908011564567912
0.7290449395420837
0.7120636010282491
0.6878075477004558
0.6668024057243508
0.7146075824063776
0.73133838781723
0.7467302986195776
0.6852293325690735
0.6787527283436922
0.719036254169145
0.6777398554146379
0.6671258302963008
0.7221504882279887
0.6945923645873188
0.724881170473989
0.6775317602013421
0.6974371864475081
0.7014865247330775
0.6789999870811809
0.7174464870761621
0.6844842182300802
0.7068604937754743
0.6983856998398033
0.6939027564239609
0.6571652086358529
0.7066435822931103
0.6497303620533451
0.6764600997720759
0.7395397234411496
0.6914024710876632
0.744176935334847
0.7178439391652578
0.7356374812811769
0.7151185499739007
0.7130140740071375
0.7216233907730525
0.6773352688315223
0.7266278025432247
0.7338129651757033
0.6785115497109478
0.7274627068313336
0.6423896639096408
0.7191954570383176
0.6904452235361622
0.6865869157542178
0.6784640067474879
0.6384377109753586
0.7071034464724221
0.6728163331664575
0.6835161222949204
0.699627977961515
0.6482757597800125
0.6725317410900882
0.7292367464366326
0.7080102313674608
0.746288356364557
0.7356275510692187
0.7446558268896476
0.7379866373958267
0.670753980036841
0.7448935613404223
0.7139836364906896
0.7362162154833625
0.7150873553731479
0.6958357455488448
0.6842008445763021
0.692515635903316
0.7248988074633219
0.7216700216236636
0.7069083552670333
0.6706113869539201
0.6626231466108254
0.661946770482358
0.6859245992256052
0.7000945676587953
0.7232563681652157
0.6976853569402623
0.7246208180407744
0.7321414045303496
0.7270621329186011
0.7078640752852311
0.6910881970636058
0.6484662145855823
0.7139458685588219
0.6848581685496489
0.6545016368763541
0.6748391352661539
0.7191895348401856
0.6906799651342888
0.7242332501015201
0.7153446620683469
0.7234815478862511
0.69193768040109
0.6991562820967288
0.7199756600748414
0.7200148106783543
0.6274577246852703
0.6614012521790577
0.6624084694325998
0.7127903227283789
0.7404881137151073
0.7164944393496258
0.6879813835746226
0.7275824376775093
0.6908203105066189
0.6839545375195524
0.691463688890173
0.7106656461307018
0.6878331136737882
0.6969382052244721
0.6975383286125124
0.6442213594451082
0.6729861839805544
0.6929894056271367
0.7074066884237032
0.6825807007490905
0.676464696571254
0.6811867177696725
0.6737328606973031
0.7128098622955251
0.7298535798929311
0.6733908581419994
0.6830651531693113
0.7060058224768185
0.6688024083699821
0.7061600885407695
0.7466571508695401
0.6505189058684556
0.7051899983912017
0.6813478267801506
0.6393659361558692
0.6946442946930449
0.685130014757971
0.7157862824661201
0.7418433205880532
0.6578372881126231
0.6210148008540423
0.6453237210211942
0.6572272322298224
0.7107475479060772
0.63989554349028
0.656243341484665
0.6803211438106761
0.6301282602473286
0.6604851717799918
0.6670615668398049
0.6981990793249218
0.643706675203758
0.6982884445975241
0.644549066388653
0.6741802544648499
0.6785966547675211
0.6303121061821437
0.6993473455444696
0.639462337173558
0.695261596445666
0.663895917289199
0.7195852462596676
0.6892513648268465
0.6811434454488142
0.658434546770565
0.6863009641108759
0.7060851991535795
0.7080101617880721
0.713136074151719
0.6973789833663178
0.6786812553413661
0.6938315731195043
0.718898416955767
0.69911765046651
0.6759060764448099
0.6758588224139893
0.6309335905171545
0.7100718112008272
0.7422841979945738
0.7179020730414707
0.6914201268912487
0.7456854538198411
0.6950374910616708
0.7460550203912395
0.6986448716876045
0.7137160371270299
0.7114054417603208
0.6961869794292186
0.7263297504519165
0.7438319069184639
0.7412055715761913
0.6926971238418302
0.7020932301130347
0.7242902749437279
0.690596934627648
0.7013409140250553
0.6858529697803081
0.7356787926031711
0.7380625849962053
0.7237217744580751
0.6561794122887599
0.6789001058894368
0.7143393912139469
0.7008991353085658
0.7202472271851282
0.6801802926884023
0.6998974289898099
0.7380960380808474
0.7000315089061119
0.7135026197070777
0.6680705240397978
0.6734415712330483
0.6523401906176829
0.6672618313590822
0.6713233875689529
0.6635429468348382
0.6624399661519067
0.6938088046174173
0.6789953654040571
0.6251806212231007
0.683636718903744
0.7064486773637163
0.6715994915217915
0.6640096640924611
0.6651798920816793
0.699026430157914
0.6709344706417175
0.7024410366610275
0.6700766321478412
0.6914324911440236
0.6188531033904554
0.6813492915031435
0.6996810281189184
0.6799799931922876
0.6908485038186519
0.699353876742926
0.6761748918182939
0.666226338395522
0.6411939427216241
0.6683853708153916
0.6822971416044019
0.6772915609155266
0.6744459186123121
0.69616304375212
0.6657491755872011
0.6752473524614686
0.6679950252626389
0.6585545981818096
0.6641662186137355
0.6867755262342834
0.7027004930200932
0.6832411671328065
0.7112335633091132
0.7053203187776245
0.6869006417052984
0.6648161193173652
0.6744670441502487
0.6604081844855483
0.6436274799832056
0.638854573246777
0.6531434987233399
0.6823104329730583
0.6847595909754101
0.6466467174459465
0.6706113265188556
0.6756127280651809
0.6877791421529916
0.6586216423784313
0.6784335681470473
0.7095460574211333
0.679174452548306
0.6838030112185058
0.6836077756743036
0.7146653379571946
0.6677236030148227
0.727322263683439
0.7323052023479467
0.6526500783432014
0.6994333559478272
0.6996555083636984
0.7178481230956507
0.7261530737756132
0.694705236391629
0.6935041297664629
0.7084244340113235
0.6844862992098283
0.6546574948885072
0.6803273521481357
0.6859036568150735
0.653469149380996
0.6718944197555493
0.6894221105030449
0.692147211071204
0.7333927408231476
0.6518611855880374
0.6374386153327107
0.7094078156055976
0.6937592398700708
0.6962658777075068
0.7327640641225239
0.6722250213712332
0.671885478997764
0.6623252764872009
0.6353167940980274
0.6700441071482447
0.6680718452135089
0.6673309949673916
0.6410637461207086
0.6312685343025405
0.6886563800446516
0.6750434762213403
0.6432378024222454
0.6883523100096693
0.6642279899935299
0.6644065619013857
0.711713785285916
0.6714257634451974
0.6640096446228076
0.6771329734841649
0.6637689260776364
0.6645106788859824
0.7123935645668149
0.6430984389302186
0.6831688323374376
0.7025653337103658
0.6872508925946335
0.7098506232969481
0.6507034236456717
0.6564193602381242
0.6631038779769144
0.6558302343496143
0.6761273553122548
0.668511434648194
0.6390562785717143
0.6950220311957538
0.666162604007845
0.6448548494913507
0.6365700496666441
0.6693913309439903
0.6126606596326178
0.6239484894169398
0.6850354051261855
0.6646743521459187
0.6900397222319095
0.7032822661972691
0.6649246797430178
0.6539356571958569
0.6559092873054303
0.6704360776637082
0.6375883233157706
0.7049318592634072
0.6981879005647978
0.6567073620005665
0.6751797903025369
0.6696477345199008
0.655304656258391
0.7387587742468592
0.6897929494586763
0.671043008256914
0.6780457099742143
0.701696638396222
0.6600437810453654
0.7125373495832714
0.7092960970943442
0.7313828092997159
0.6523001421532966
0.6912967229885696
0.7171783121613058
0.6850990559580161
0.7230925823653155
0.6595804741206803
0.6338164956567497
0.6867491843754501
0.6787351910179938
0.6648312249905366
0.6295752856935906
0.6854266256166567
0.6715269013939178
0.6958232272980269
0.684118730852856
0.7229190613818316
0.6636128952462954
0.6845685329926433
0.6874951251485422
0.6769853469377096
0.7201158648224718
0.6835597313854836
0.7021710389023321
0.7054373195641568
0.6846928887190334
0.6577641788883496
0.6620703245496834
0.6401781394423652
0.6819090739399224
0.6941587330354158
0.6681323289720035
0.6216260226445283
0.6507205883071777
0.6534925457958036
0.649012472663769
0.6965593034948365
0.7012905982608101
0.6749179382241168
0.6513076978395476
0.6625195276707517
0.6654280829715864
0.6622647560219307
0.6620669423241067
0.736342516251941
0.6622952355364757
0.7380101902649686
0.6955352772241148
0.6939297078339148
0.7314432530618884
0.6912085699228476
0.6756931058866527
0.6738169382372388
0.6763396458614648
0.6664764676919414
0.6644259811591805
0.6661141219810642
0.63480479800516
0.6511024564282264
0.6650374001548356
0.6868119568822951
0.7202672146838633
0.708732762436601
0.6729867426446499
0.6966985192512037
0.664068503829187
0.698263144057754
0.6635232021991956
0.6608689763262791
0.7035333346572616
0.6573830959516022
0.6767732793808016
0.7491274931529195
0.6521740281453635
0.7425523340241201
0.6945227029315412
0.6980371194272531
0.737216268632288
0.6959608705754173
0.7214994809604888
0.6895861670106013
0.6911503157025926
0.7159448283356492
0.7125456958042227
0.7139409203519
0.6750905976971329
0.7139454458549476
0.701462957740245
0.6641883354725759
0.7080397787727722
0.6824090247667305
0.7225668705592435
0.693883996155269
0.7016410745368561
0.6740297542348224
0.6503336928674243
0.6845429238369154
0.666552786860945
0.6636161584493824
0.6737566550373624
0.65221237169547
0.6643034845890627
0.6803933565525895
0.6566693464243663
0.6599490378134667
0.6621420179883402
0.7077379827691411
0.7254777600637633
0.6644710611221701
0.6631317640772469
0.70744249275762
0.727908675935345
0.7004870751571223
0.6517019959442608
0.7237923761807347
0.6962118280392431
0.6624289842699241
0.6761777064216141
0.6577393980610291
0.6660073125824468
0.6574716379980962
0.7113226132028855
0.6983485863141334
0.6450356633866222
0.6721302534288707
0.6726620362605007
0.6572896666448081
0.6518400996585586
0.6904938905110392
0.61173506267198
0.6484397601248527
0.6689600167865549
0.6551223760138752
0.6887279575274334
0.6359008282226519
0.6025045062474895
0.6296897373224908
0.6801385357352454
0.6833218787019362
0.7035255893304001
0.6601334142784033
0.7245186081445085
0.6586683069482586
0.6920701162945783
0.6788210895730654
0.6669748764044485
0.6552343001995438
0.6656223372982496
0.6605914175209153
0.6436247775682136
0.6082829123048015
0.6819862164235767
0.6915307467129949
0.6871841073725882
0.6357242196102687
0.6524812519840085
0.7139571619193796
0.6704719580212842
0.6805258821896822
0.7027476894123001
0.7284649012511849
0.7028893603483195
0.6920128982640159
0.7073513110796927
0.679845669078532
0.7021832386735548
0.7061634271701123
0.6888006574748566
0.6332848436867277
0.6804166777103312
0.6462129380714737
0.7199195199039641
0.679112606687819
0.7234671701888811
0.6785434951483
0.6395459721262509
0.7078078940637463
0.6799196113084891
0.6745697742869136
0.7077777172146673
0.6794950130282795
0.7332469269091214
0.717862334493452
0.6855978540844883
0.66779408512379
0.6965134122676109
0.6630755094960741
0.6826789531180104
0.7122657025835327
0.7315300729820144
0.7273986549202058
0.6881583233472208
0.6977434829038374
0.6602917562487309
0.6573382902469228
0.6767296596937946
0.6913312442248811
0.6952694156863041
0.7160555220527767
0.7124275246036806
0.6903114651899013
0.655976396954146
0.6945958846315504
0.651583807579198
0.7246188673863566
0.7112123385284225
0.7361348134584266
0.6746907625840137
0.747399735124068
0.7280335904688845
0.6876996978168959
0.6971409454479456
0.6923220576412382
0.7076625108515819
0.6390469992478349
0.7109254005478873
0.7340462474858785
0.6981066279847199
0.722946257350925
0.7001476625173658
0.684416558758819
0.7180847298207484
0.701856047472323
0.70377486039822
0.672195435229942
0.6990402007963216
0.6864457528868685
0.7484432591912458
0.6525205303255233
0.7263604580814768
0.7152792990813265
0.7241069289458546
0.676425595573654
0.6776678917367336
0.7067074050120653
0.7178621724415062
0.6998425405294931
0.6607470736676763
0.6765176741172508
0.6928245068662
0.6797958275497593
0.6417803736287141
0.6941190405269325
0.6740423368284085
0.6866668358304485
0.7246918474213453
0.700536927371507
0.6560522574004386
0.7325168651741535
0.6627866486769804
0.6946413570566279
0.7278546612188173
0.709665313850184
0.6947325022972566
0.7267602516386779
0.6782300065194496
0.6885293191787437
0.6967568912385471
0.7004402647103551
0.6553682414636688
0.6899439985812216
0.6991574807903452
0.6990150563546798
0.6971651812829246
0.7152754151644632
0.7180195774427178
0.7157464965929039
0.677117582950621
0.6802500972045085
0.6858599644675258
0.6906130849583135
0.6682254432196496
0.6558415530390124
0.6802500972045085
0.6476468158618466
0.5951503854782587
0.728107851078
0.6799490195181366
0.7023505855599276
0.6644144876923733
0.6523927853764453
0.6954185439500618
0.6381952518647043
0.6765437245408812
0.638499208096794
0.6875911169847435
0.6225237212767568
0.6237414815142193
0.6684889346489742
0.6855540496257863
0.6889100676859745
0.6887951259495787
0.6815479400276082
0.6467188480173335
0.6175678310864406
0.6657237458731428
0.6881944463483314
0.6663469695904817
0.670949805177903
0.7344821082851998
0.7204135267876969
0.6727724304774086
0.6700334978381407
0.6727581684511333
0.6880888830744838
0.714150040860669
0.7008250441793739
0.6787936027907738
0.6914526240507036
0.728868054849588
0.7074078906850017
0.6795196286148676
0.6452503930826947
0.6797672521582099
0.6782448265716757
0.6404104691335911
0.7479358518169624
0.686300107233542
0.6643714065799886
0.6886033492958767
0.689899054038023
0.6614304072451571
0.6303925155010006
0.7011795494249816
0.6511062531504133
0.6936947659561049
0.6651121017887309
0.6840053008834425
0.7077905874490261
0.6717985781561379
0.7632708770345058
0.7272957815460119
0.6688186327079862
0.688513692589417
0.731269687497136
0.7658047562789082
0.7104113317724918
0.6442266750505969
0.7035947655658078
0.6542217635402834
0.620755849459322
0.6975952095130935
0.7710679984989338
0.6822862943768099
0.6623578435568088
0.6843245827113604
0.7386320418809813
0.7354210640936306
0.7001418272736745
0.6794095644921403
0.7294660399582726
0.6747690353079203
0.7159282924267818
0.7362325461674085
0.7046342718146676
0.659288146193733
0.7256148319568437
0.6990117563288315
0.6673930680546146
0.6976212511406749
0.628780703021747
0.7206912389693083
0.6457923996399081
0.6360086341643761
0.6974710559252967
0.7032222090647239
0.6635287333336367
0.6992587762489875
0.6932239264545564
0.669111915658553
0.7375716428626505
0.6556969307870476
0.7356955850276155
0.6807412048049043
0.7075308762238756
0.6994959536488302
0.7080171429906654
0.697533139405382
0.6301436320170658
0.6622347702655315
0.6632833456222825
0.6406045815878804
0.6714093061803137
0.6933703357756243
0.6524754967590878
0.6711887219945043
0.6601387589387346
0.6547279944471476
0.698635575785451
0.6571745710977243
0.6736128800335228
0.6790096394114876
0.6636048564762214
0.6733292075095694
0.6651254865596348
0.7038288619590133
0.6970176779304001
0.6937088193487515
0.6799940182742988
0.6595922096426268
0.6563256892832383
0.6754533789214869
0.7570035713806912
0.7504079444341736
0.7211480984155627
0.7500373525370398
0.6942431972261107
0.7133234036175818
0.7073320215734048
0.708613668305256
0.7298044194913279
0.6831712258460326
0.6787701745007202
0.6988904165536858
0.7130167006856795
0.7092960970943442
0.7313828092997159
0.6601516432180559
0.6709110634045803
0.7127929183184876
0.7041010645207395
0.7189496056700116
0.6595804741206803
0.6517511968360965
0.6713685996440351
0.6648312249905366
0.6298975893159237
0.6304317783588658
0.7195825927470579
0.7612292543015672
0.6812437183468746
0.685035739017618
0.7148298678150395
0.6992438080780327
0.6839131879319839
0.7118030662983769
0.660102994814891
0.7062748201657323
0.6446066900989559
0.6685636838172472
0.6422123066073511
0.6626359225188223
0.6446066900989559
0.6685636838172472
0.6422123066073511
0.689061878350204
0.7078105273355745
0.6658100949119105
0.6368867882439208
0.6375083458971239
0.643208935480647