0.6237317533684582
0.6629347462024755
0.6245062621382828
0.6370166972472583
0.6486893732810655
0.6421893526789239
0.6090839795605282
0.6592056201695567
0.6243897348418177
0.6274214253853384
0.6538270690853379
0.6150938743141511
0.6256001515453319
0.5884453285122426
0.7242787590156605
0.6562516669649774
0.6551187871216392
0.6526591908841741
0.6591927120281637
0.6217400464982011
0.6664253919823101
0.6982065048640134
0.6766494962018503
0.6614082466389668
0.674914032500749
0.677503197141835
0.6590639152075045
0.6658781719518975
0.6762586361972581
0.6490779122687947
0.6879947111081455
0.6749972603283625
0.6388408764844142
0.6640110388403856
0.6343923334092307
0.6415530098317482
0.6206808793299329
0.6326863294662539
0.6236012339534074
0.6522584498065335
0.6615136974316141
0.6050284015521468
0.703095042126167
0.6541583958235448
0.6479776441077952
0.695914343743888
0.6662988173090488
0.6543793346616825
0.6500840347208475
0.6411973737672626
0.6548575268678924
0.6902558775546749
0.6297517224688371
0.6300971434251279
0.6690765946908539
0.7055843552277091
0.6854534525686659
0.7466641843218808
0.7583147819599793
0.6784131625178619
0.6665301389129973
0.6881409710216289
0.6884693628497774
0.6829465392179999
0.668777737329605
0.6717541575737929
0.6043246408450244
0.6507158298377467
0.6252250242594988
0.5763792500805879
0.6336814206019664
0.5925396390516016
0.619761457871517
0.5925368091536686
0.5904654920602006
0.6615143854059216
0.6475861206988234
0.6527956235078773
0.7444180119911569
0.6363201963805051
0.6352148209829783
0.6469915566036109
0.6214661611285051
0.5905694067552176
0.6123942471834962
0.5998873179939606
0.6111669159459531
0.6116214648485679
0.5912650434409237
0.5969946932859581
0.7078452267784029
0.7001888351075958
0.6934141299050502
0.7044708614223507
0.6540389505562905
0.6831196882985798
0.7397416111269528
0.6919219082754404
0.6254373652621016
0.6603548611072355
0.6381461140675071
0.6695078603568526
0.6506666978201009
0.649856041731527
0.6821153521711915
0.5887648936104448
0.5954855635165992
0.6468813851345399
0.6947810754879528
0.6841101783622405
0.6540095988990579
0.7177456661218741
0.7118743766028728
0.6390536305575832
0.7085392221556294
0.6009997986026385
0.6435406843001579
0.6099560421213189
0.6645177394659133
0.6883194636232774
0.6456764740711564
0.6541844728049935
0.638783873496357
0.6444354074179937
0.6876771496303908
0.7270309156014715
0.668023776742788
0.6656845476501826
0.6954277572675012
0.6406537801833102
0.676065558243756
0.6056858234256831
0.7175946106444483
0.6986130379793654
0.6812573362206572
0.6761878425695249
0.7197094655749185
0.704919972981999
0.6680128035593986
0.670440483840512
0.6599072060229092
0.7549815205720937
0.6649291574486822
0.6916594881970348
0.6186690184046036
0.6648595452373824
0.684925248949598
0.7122761682095378
0.7120760629059657
0.7280297319747215
0.6765783482164116
0.7022666357803627
0.6921806748566436
0.687446369977351
0.6778120406018553
0.6919604917395565
0.6855350173599843
0.6307541509497381
0.6674155432365771
0.6683002650251195
0.7187942168168061
0.7068309727443953
0.6715678238177704
0.6418762053699795
0.6664390317115568
0.6509941216720215
0.661337852761511
0.7672407857224623
0.6367694785902525
0.64650064021094
0.6721602546079144
0.7298387582225587
0.6345302647435931
0.7109149357275022
0.7307485392424542
0.6800452177371505
0.6787664238539023
0.669135334900568
0.6562625473008755
0.654061558835984
0.6762934465226147
0.6739529490411936
0.6664808415898886
0.708478428250345
0.6548775565155474
0.6617466060880681
0.6635710620099835
0.687199640376421
0.6873144840721556
0.6852152256329949
0.6759352156851994
0.6496390789643376
0.661748115867974
0.6159625949542402
0.5785658330666227
0.5948284050531476
0.7088405814152651
0.6378064094924197
0.6689632376507271
0.6577250176515438
0.6811434836345308
0.6798042671190834
0.6636966250303561
0.6982409727116949
0.6810188508079554
0.6603830776294688
0.6238393944942024
0.6821747033506229
0.672671553649898
0.61729505052457
0.6842783917273488
0.6803023355712307
0.6114224623424803
0.6102483901332679
0.7042091315443243
0.6522633709878599
0.6636583210391732
0.6917028493167608
0.6943227962334836
0.6756571999430998
0.6662956303447842
0.6537619679725833
0.6639464839345921
0.7026473720050759
0.6783843184102274
0.6706266469942571
0.6646589858410223
0.6906449284639227
0.6369123585937461
0.6117139406806922
0.7130649245048154
0.634486441548702
0.7167881056292876
0.7239850334985969
0.7031675243475864
0.6744703481534777
0.700253236494879
0.6673147764124993
0.6662044954695522
0.6814622297862509
0.6828694765922302
0.6904297895122887
0.7272874148283179
0.6575994264683034
0.6879257006861595
0.6673036402832727
0.7624110320306124
0.6799811252165344
0.6900351680433779
0.7039527369912619
0.7099170071244997
0.6954105672058264
0.722049053403076
0.7417484576588036
0.709528203151914
0.7584697126117238
0.6926370168628706
0.7278447686134245
0.7059450170792398
0.6625487464256226
0.7356117520918027
0.6895514568067285
0.6364161546928773
0.6487235687603983
0.7504926285100131
0.7643798885412355
0.7099322539951658
0.7077923538774544
0.6905272746716488
0.6421121394039123
0.6730353772041556
0.6810805815242525
0.6228954422832289
0.6355226100737397
0.6760144294235563
0.6834814147848337
0.6510705896577159
0.681335991772818
0.6887832355734109
0.7013779355611327
0.6766148621811174
0.7110007396887957
0.6852699522749754
0.6840927165109583
0.6516867729403459
0.6647879527379781
0.7138690119489425
0.6526619090769347
0.6630152558855089
0.6970509346940856
0.6572440602578283
0.6903692594321903
0.7044841956901767
0.6521516932131425
0.6449377123409903
0.6447730526949174
0.6482740730452042
0.6788266113160886
0.6345606753293478
0.6633582014343665
0.6413348685168171
0.682095375926422
0.6349676232749474
0.6850664582591799
0.6112242132008647
0.6532513275272137
0.6579915200087909
0.6378612295827892
0.707515834181879
0.6540838724599829
0.6572357925030949
0.636428129344007
0.6740186042374084
0.6327762255900649
0.6835520420667387
0.6607028901899423
0.629338855248942
0.6539733384350042
0.706403895914961
0.6457284490734255
0.6406121738302264
0.6705109388349427
0.7674257894186245
0.7382019044064492
0.693174195739913
0.695817256765108
0.6975089289263648
0.6680775923429961
0.671535591370313
0.7091567246563086
0.6420157195240028
0.7210194285191944
0.6847117195717894
0.6538415569928285
0.7043742879447284
0.7303533612097847
0.6831976833733892
0.6451041996569535
0.7485766980849001
0.7223858395017271
0.6829486447644948
0.6637420981918278
0.7008791185501426
0.6621929343812646
0.7017173439709574
0.6844624682442298
0.6907707991138261
0.700771465742172
0.7041688874507975
0.6649204281443419
0.6345080149398686
0.7126380522118954
0.7042013146720727
0.6892326413106765
0.6565586078423103
0.6821955921282289
0.6919364159039318
0.6610386333239047
0.7102056418455225
0.6784562949505345
0.7242798597443824
0.6832799530662919
0.6955115483190015
0.6876187339956937
0.7015462106803101
0.6776558445280071
0.710447613443327
0.6921015705696812
0.7002344546752963
0.6849160757789674
0.6596136022619862
0.7232598941208191
0.6644089697815251
0.6542159694475373
0.6914404175732748
0.6933028174293095
0.6721727537431198
0.6304015522353897
0.6607432169947226
0.694893318154744
0.6532373583414757
0.6685271028696897
0.6644656058500795
0.6896168108013953
0.7015529252415924
0.6904898132698623
0.7215896861877182
0.6921656481800189
0.6726253600093489
0.6747657929462435
0.6730263658481849
0.7233137473137404
0.6342845896882536
0.6951356713977509
0.6809794046039783
0.6860918378508123
0.6745152234850317
0.6691696496654201
0.6606593163207897
0.7016884129766612
0.6905002858498873
0.6898480511409524
0.6321942189061563
0.6769144527515475
0.6923021133231961
0.6666172713489469
0.6582759502660803
0.6591416133778111
0.6691787076488714
0.6567275613548407
0.6681337842338115
0.677722951498985
0.6661615125514845
0.6740294120020256
0.6783231874377055
0.6842395813000035
0.6593195972318989
0.7320010423295926
0.7469586866740351
0.706568410114325
0.708261932318313
0.6919285672317095
0.6835291431842715
0.6595602176243683
0.6713919061118522
0.6778375224805835
0.6861518892114508
0.651076406108018
0.6949773970925083
0.6561107600502495
0.677451983425629
0.748371180831603
0.7250958892079488
0.7433024043878007
0.7608568412204249
0.703942727444739
0.6832679198222761
0.685912149173506
0.6499972900281125
0.7049119215626143
0.6721753697413053
0.6826794431775278
0.6612188599797628
0.6918802447312142
0.6598352244070967
0.6798149211311905
0.6752634295157465
0.6512091977447774
0.6882680919703165
0.6514481373337266
0.6156355288973927
0.6904455807518092
0.675744064323504
0.6274215212783196
0.6120184864443513
0.6621189002502472
0.6232703257794713
0.6703879392832603
0.6889282391213216
0.6907775315543132
0.6724504633757779
0.6151105041695534
0.6781004836472089
0.6941995343406205
0.6696636021798302
0.6622739425137799
0.6856291969186015
0.6416530034209759
0.6809910457952475
0.6719157700773039
0.6779103570198332
0.7135732845776366
0.693685921716226
0.6548526093054786
0.6817413320501813
0.6626608862235583
0.7117089476253601
0.6353555921921717
0.6324886645192106
0.7025593694862403
0.6536656877323683
0.6648066043316607
0.6469180544541615
0.6800301870464772
0.6858806811089384
0.7049653933740683
0.6935778590981925
0.6597066329924944
0.6975764374049498
0.6721189253538798
0.6653267780577674
0.6483422215943637
0.6724318276961219
0.7353108575830796
0.7113343980598675
0.7242139469053879
0.6992577659051923
0.710868674318227
0.6882227118086098
0.661246892641869
0.6586183738668722
0.693772734265969
0.7034428346820751
0.6670166387724158
0.6773345415921873
0.693607250512774
0.720570790386
0.5906303152303128
0.647199879275561
0.5934913349620324
0.7013688522574472
0.6736861214272063
0.6909317785519461
0.6598697144365796
0.6523015379444242
0.6944531137202066
0.6841478068417631
0.6541904588875976
0.686623081225291
0.6349757572186946
0.7200991044099633
0.7150016283056432
0.6679148153491659
0.689867768237424
0.6808620433628079
0.6105485220307996
0.6960923578096235
0.6244278038410839
0.6338413664463469
0.7320224189526843
0.7137475542915183
0.6987620359698266
0.6533697954570399
0.7208721941871602
0.617625498870563
0.6909700825800312
0.610723495766219
0.6453712596321659
0.6891081586748412
0.6728881650032732
0.6973620187298871
0.6817281733680357
0.7047172509098116
0.6956511250532068
0.7039304643933038
0.645681912952734
0.6968885924149926
0.6869408115328893
0.6642072377232012
0.7091272529199854
0.6763411407566625
0.6659361174959393
0.638208918206716
0.7049702454350022
0.6748623835065511
0.7049272011807304
0.6748084345190055
0.6726649605750751
0.6313357571095236
0.6685797197126376
0.6746179617639873
0.6579439896805576
0.6695651761912295
0.6575242805256678
0.6952342781688372
0.6651529494167248
0.6823304155043179
0.6937529518317658
0.7298890156483868
0.6846357178638497
0.6997572021780042
0.7075974662365904
0.754994887286147
0.6974613847830811
0.6734419147959652
0.7031509396453992
0.6251540377774563
0.6241020488962019
0.667307141349837
0.6066783530064779
0.6655498007274732
0.7353185153121686
0.6915938685070334
0.7141620419930191
0.689146018978853
0.6805028518112768
0.644284180778851
0.6432644340602844
0.6762634906644925
0.6851819122323823
0.6596650625043898
0.7283518827511278
0.6815313894604696
0.6687113118425553
0.6560812546927256
0.6638654097934512
0.680343705219725
0.7007970710477431
0.6489015035365877
0.6802947947349589
0.7112088208291475
0.7028031849981614
0.6920708830211202
0.7224979749394944
0.6774205151581072
0.6341678904533392
0.7048126458876939
0.6749520710090102
0.6903440701089119
0.6384482525048959
0.6594913672897508
0.6403311686999165
0.6563126312046162
0.6498223912852636
0.691563973026398
0.6341678904533392
0.6937539131440489
0.6840419676612757
0.7059831264937751
0.666614129758844
0.6965270723205743
0.6727685638870747
0.6754687036378588
0.6765719639614679
0.6802714997579093
0.655222531752244
0.6749870388647369
0.6899418047559559
0.6476578793278442
0.7074404783045808
0.6573562770990431
0.7535778351877742
0.6203655843465418
0.6639797678617241
0.6140630047627355
0.6599338596860892
0.6268369637626522
0.6778352014972786
0.6659395033197361
0.6505135150182301
0.7167237802829777
0.6999677485351214
0.6787058397242148
0.662715934041626
0.7442050003888326
0.6924995806949101
0.6763697964376489
0.6345833292416104
0.6856619954883302
0.6510823890375198
0.6950091256351719
0.6635108457503927
0.6531192374910193
0.6822733053534273
0.6582897133210246
0.6643916682335267
0.6187974993902585
0.6802514867847042
0.6682221629577861
0.6685840733068049
0.6695397847436924
0.6640812944235833
0.6605632291663011
0.6732329953841213
0.7332029170791375
0.6633469045913096
0.7054645077310525
0.6864119203052382
0.689734029014762
0.6805236923432538
0.6377467597260741
0.6555132337067557
0.7039139182414708
0.7042189432646868
0.6941113989728375
0.6846364287174034
0.6776885210656589
0.65530194281441
0.6779980635923271
0.6566169584388915
0.6568500060884744
0.6429670603450353
0.6602305968022771
0.674255032352583
0.6859339642017328
0.665525223423033
0.6438142190168167
0.675433687690298
0.6886690132559188
0.6700001006269244
0.7087437833305111
0.6808647193325511
0.7102544298658955
0.6872559815452364
0.6994003516614862
0.6364384165655627
0.6433849383168544
0.6321887780383918
0.6725987483613403
0.6797018867929243
0.6737979923977255
0.6481839835135373
0.6739203653268016
0.6634451417475313
0.7067943616840172
0.6348144385006946
0.6698566963778829
0.6631911287013348
0.6862175491512598
0.7022635980751366
0.6815578580618289
0.677113834515697
0.7163284913916022
0.6527538450609248
0.6625398996682412
0.6214581199778055
0.6617303108073153
0.6870014470483847
0.6881256940027193
0.6916812957112792
0.6720699897113671
0.6624497043373436
0.6789031936204449
0.6465282377482885
0.7121163040018968
0.6978638546946737
0.685261185283249
0.6437595152255984
0.6696663169405385
0.7239890800262033
0.6890301194424202
0.6487796895019374
0.6789683978633101
0.6993513197686412
0.6739245132794484
0.6617549401942654
0.6742914945437266
0.6819952258317235
0.6597662792976362
0.7075323923205087
0.6822397143412421
0.6720499807261863
0.6575242805256678
0.6575265095826364
0.7007570547136861
0.6511785184106356
0.6838472367406931
0.6330264793537518
0.624523982919478
0.6181145957816709
0.6848739243623446
0.6521454451353799
0.6841157339082021
0.6753442049369459
0.6898784247574803
0.6447979050008231
0.6026864348692054
0.6735034478976022
0.6561225775728197
0.6416001852661136
0.6367403370318913
0.6020803532344692
0.6124554268538593
0.6819464639001783
0.7340506446975548
0.7049154270405112
0.6400342103237647
0.5995330797448627
0.6871746367104657
0.6940505535359123
0.6591485906590425
0.6728847208574084
0.6750229714695667
0.6827628048609014
0.6887094473492273
0.6636474311262811
0.6674187380100484
0.682049396803475
0.6745729385480822
0.7015989133213943
0.7326423787001745
0.6576564473848704
0.6429251009259475
0.6110131325586935
0.6512977093652332
0.6437392485907428
0.6354625630378314
0.6050305226997365
0.6764703009680139
0.6255909343447715
0.6523948684071454
0.6625922326559461
0.6939006325477974
0.6419120319335131
0.6367649012919891
0.614402991968208
0.6696772848014434
0.7027358741718879
0.7453512910806318
0.738875687814415
0.7001316407415445
0.6429945347484229
0.6290446043746358
0.6353257949344658
0.6617177559591316
0.6706142648678547
0.6649956047257677
0.6811860616943027
0.6569854226574204
0.6765797814839846
0.6832772944927976
0.5988621666969581
0.6580567687336861
0.6837235698795133
0.6245861540016355
0.6768353457187268
0.7198296051041013
0.7125015706333928
0.6724909424755715
0.7176027667668233
0.6857448318444441
0.6732776552275286
0.6804015687892506
0.6493890741386379
0.6682610732850245
0.6745869179084923
0.6819968986409553
0.6856037608544449
0.6467894886923673
0.6800373418801009
0.7117453897252852
0.6751615884562243
0.6892152007185457
0.6853664514336528
0.6646341733723126
0.6199373417299496
0.632820573216174
0.6719227868603235
0.663937177792433
0.6690851818832297
0.6528140694744052
0.6740037463350462
0.6769043582215274
0.664164852349409
0.6590685073971927
0.7052033592689935
0.6221003347805791
0.6549115678957812
0.637625722088879
0.642000250616731
0.657240049776917
0.6708960712033737
0.6410081804812365
0.632334809487743
0.6367897771074782
0.6715757362993665
0.6235653893377848
0.6344810511316851
0.6269047204501795
0.686440914703241
0.6625144789834719
0.6212410454770606
0.6844623035741023
0.6617845069827493
0.6228099176027817
0.6776315006500995
0.6517642922355057
0.6617845069827493
0.6182136728737341
0.6348948621467452
0.6242639208632748
0.7151840752022736
0.7316783295236972
0.700142618539493
0.701491372435815
0.6856449933488176
0.6529456871484446
0.685230152468259
0.6274244526727843
0.6801698685820937
0.6712263843438555
0.6420041582349927
0.6584394923759654
0.6305120306551285
0.6543096586606434
0.6255457558851365
0.6398095769103367
0.6723331149464862
0.679605792419755
0.6508904199496812
0.6362497994776481
0.6448855648031728
0.6366382869133094
0.6501899313837629
0.6270504269197649
0.6823590134481868
0.6687627182459331
0.647555138771361
0.6981580357811223
0.6039254138385998
0.6726447298827309
0.6631846885845925
0.6984967794081568
0.6749086235325223
0.711954568517701
0.6394435117118679
0.6586389158009703
0.6601764652874805
0.6865077681768289
0.6695287337605487
0.6538929719528419
0.6726069617705879
0.6737266748154332
0.6578677908534732
0.6457491179583575
0.6652962807124296
0.6779244539124205
0.6719696217411021
0.6595297964954461
0.6868482061614029
0.6553344888423503
0.6535286955531023
0.6030359822816703
0.6099189911595411
0.6430401771676648
0.6308433465545101
0.659273103108672
0.7019663083341806
0.6884481583891948
0.6862057197027286
0.6432235389995065
0.6719254634551163
0.6817368429282352
0.6748277555640461
0.67758128526317
0.7216149937514775
0.6829347827116335
0.5964697074646006
0.6923049835279578
0.6827801239033193
0.6363551015185618
0.6781087024791932
0.6926372044591025
0.664024662764832
0.6698267375931255
0.6647866454583671
0.6448458822061911
0.6194386422395082
0.6618390818586268
0.637068202021017
0.6911502761242062
0.6213110593973735
0.7005168031196007
0.6925360619871914
0.5675269038680522
0.6723912763824709
0.6950102205552419
0.6963017975134409
0.6520488558284471
0.6904828849346932
0.6595079651111936
0.5920198792632249
0.7184434823073348
0.6319290309115695
0.661598977889832
0.6661890535065499
0.7109986261470248
0.6652762626677061
0.6784580536475119
0.6648752467760031
0.6266191944120917
0.665386271069685
0.6541729814079154
0.6410576226403564
0.7037717818300747
0.6346398610388075
0.6440240359281737
0.6635630079123231
0.6137681540428153
0.6162873342063152
0.6335783747128915
0.6617075296288617
0.6634387291478501
0.6533765758062396
0.667030530748863
0.6552187334088116
0.630001762687866
0.6692103027021629
0.632988716895246
0.6485330847684287
0.6930023943061395
0.6370528507697053
0.6258774210159074
0.6298740860887595
0.6623963335639023
0.6554880847859149
0.689328475693034
0.620306869202495
0.6460440946108602
0.7002166392561429
0.6305817211418291
0.6144745887431824
0.7166304585394849
0.6849702503915569
0.7201265587493298
0.6445400541714115
0.6842272850386686
0.7187995040588733
0.6970368908198697
0.700358390216667
0.7085711270312017
0.6645571554382119
0.6912116584559724
0.6587715763590435
0.6843779909375609
0.7048488414289072
0.6245422902903109
0.6797923419753182
0.738259524892242
0.7440241681637164
0.7169570964035066
0.7091724039162562
0.727199870419746
0.7018190542952998
0.7194531685845946
0.7302645648526797
0.6438002323184022
0.7176615442979732
0.6740336447416717
0.7028859160868501
0.7061637198432941
0.5942713204696323
0.6849807952505771
0.644143510442456
0.6509466869466516
0.6648443304876893
0.6018731325806347
0.6712763194713082
0.787313742698673
0.637339843614543
0.6935870885330626
0.6602982032916728
0.6574181929885629
0.6719237866110591
0.6750268814142354
0.6865670805615464
0.6754718857136862
0.6723510036025745
0.6796058928019736
0.6539908034194347
0.677718882499472
0.6426237683057996
0.7024814243872471
0.6609844562513773
0.6391888057119216
0.7328425763336568
0.7264671675096462
0.6671158032141683
0.6495998955292568
0.7065046650118068
0.6415768750929713
0.6798711690637971
0.6521174679706259
0.6391022660045943
0.6804449966833284
0.6929905321462879
0.6446202782663065
0.6902368186126506
0.6903409823923053
0.7065909957406256
0.6618460310028167
0.6663402290843434
0.6675823269566757
0.6885993188219541
0.6745063795881845
0.6448242294160992
0.6591504866791359
0.6413106165721041
0.6710017619004252
0.6577417378988143
0.6944719186916228
0.6622944317480997
0.7114668319636794
0.6412784979402448
0.6775516287775165
0.671764580969525
0.5984453049336897
0.6065888765955639
0.6877090392422329
0.6842502489422566
0.6660207312056551
0.697402812850873
0.6527336200927496
0.6392330459573077
0.7406078652543443
0.735931400063188
0.7206825927784891
0.7064177975148519
0.6895317693083854
0.7328856864083657
0.7355578401483414
0.6927925129162605
0.6953234056904455
0.698755055796404
0.6966630775082299
0.6659824682157424
0.7156119541135945
0.7256884269653116
0.700396454871249
0.7688352050368371
0.6964830641121863
0.6752676066559152
0.6823036414303925
0.7200340954572835
0.7029343117336477
0.6856934599793778
0.7370905299573153
0.6670923704874906
0.69208610287446
0.743421548320492
0.6759377060937873
0.7339554413806774
0.6609729612191187
0.6415532921158797
0.7276073832049352
0.6832280857631976
0.6402240264530871
0.6678688347593127
0.6222845225581634
0.6921384672026185
0.6397910106749412
0.6700523113028583
0.7184980030047566
0.6720182761489621
0.6708508091946939
0.6963221268797376
0.7251990062712276
0.6512814393721877
0.7046118942840598
0.6295312544672386
0.6895791792231214
0.6601024990973048
0.6622282362239237
0.6958797277402219
0.6301045687746657
0.6923539329375599
0.6985933035704639
0.7063807151426204
0.6430675086169696
0.6836914141538579
0.7012613977916203
0.6733000849224744
0.7516449380328608
0.6920237246642325
0.6926402475364994
0.6836380375409963
0.7437724823365448
0.6829327981681131
0.7293896372585186
0.7077688243879285
0.6809022063731409
0.6632773811223212
0.6282051114997235
0.7358127979009943
0.676531425315693
0.7446692099025128
0.6434285719180853
0.7231260132631241
0.6575504920922703
0.7109213172517982
0.6664356304589946
0.7044598882128261
0.7184538697412323
0.7247094890999107
0.7068014361408219
0.7497176868488615
0.728361296748965
0.7318131350098472
0.7045224142560552
0.6934179551103609
0.6747951336241532
0.6328070412690626
0.6745489239037871
0.6866010162266738
0.6971600669414242
0.7267759657007952
0.6748746105266102
0.6972404697727547
0.6595659902018836
0.6935880282127066
0.7151480006373462
0.6912399677946357
0.6726663247467592
0.7032440012792629
0.6951937722794357
0.7265471895830932
0.7074453719183948
0.7075727467895319
0.6871850471938751
0.6903532219967756
0.6560334588764846
0.6735329324509001
0.6701708145751034
0.7062538681102252
0.6656382699596477
0.6273113682685555
0.6593128033531879
0.6424963357322572
0.64614758031428
0.679629588998935
0.6197597522831971
0.6729489557385447
0.6362199670976871
0.6917945593349204
0.6825216896976298
0.608483183281257
0.64152975830948
0.64237821480079
0.6777120982974817
0.6812782326178896
0.668301153607357
0.632680984852527
0.6552000275906313
0.6845837526738535
0.6122739231882259
0.6308889042339408
0.6594467613679107
0.6584107987808668
0.6710560222688781
0.6541637658512405
0.6531465425573123
0.6850332937710231
0.6923952412983952
0.6552180407846541
0.6624582645129716
0.6793916426945937
0.6577215027836408
0.6680751727172536
0.6920640042218553
0.6894492808335684
0.6463573661664292
0.6521129419661577
0.710867555751255
0.6324258431954418
0.6566085286985178
0.6680327432052633
0.6905491861082531
0.6431908687315441
0.7043760807654991
0.6424969574443771
0.6746100620018511
0.712113193288786
0.7271718424909192
0.6566851512036355
0.6188316323973321
0.6530341129122588
0.6491029342475981
0.6731630212793845
0.709439910934436
0.6652125122687177
0.6437573346728623
0.6743815000179972
0.7002383303438066
0.5945674771929529
0.6405723673208764
0.6348677905854401
0.7388378050219959
0.6900481414960692
0.7095657254041889
0.7123992556438734
0.7140430241880082
0.7031998609838317
0.7140102248660619
0.7395300894364504
0.7375401993721944
0.699343433138533
0.703044686203413
0.7532302924790192
0.7287231127651886
0.7240775998364222
0.6759547565880599
0.6551914638975951
0.686052421596186
0.6839072153062783
0.672332750589848
0.6893603603826409
0.6458816330175837
0.6925873755396935
0.7230662700028897
0.5956138164050467
0.652478997644254
0.6347378183163311
0.6354922462498608
0.6458187939602914
0.667358237969497
0.7068576635417044
0.7270931942439275
0.6235118508148269
0.656874004557903
0.6520876839020593
0.6347629399619173
0.6512728123198014
0.6603013643491487
0.6510691418122583
0.6732438485062532
0.6715433913468346
0.6915798093494929
0.6722142918055823
0.6159170151087733
0.6550170603421331
0.6621888237974749
0.6071515961373251
0.620794628439704
0.7269931587061772
0.7361924278545757
0.7365046019644872
0.735359080485344
0.763527136834244
0.7293796512502047
0.7382960863707393
0.7528767754829211
0.747498723317016
0.7086519042242224
0.7297504799302988
0.7250649437431526
0.7118145155738841
0.7709754504616952
0.7688020484373205
0.7376543784524937
0.7615944258823341
0.6799874430160112
0.7479788348554536
0.7113470038261495
0.7616383404746508
0.7402570617869031
0.7450850134823267
0.7127579047119724
0.7253996035788874
0.7638166717876824
0.7623947533119201
0.7672200754183529
0.6661342121378951
0.6641315534716725
0.6578754774368123
0.7588538469791106
0.7467463848463892
0.6776771794300902
0.671245494956002
0.6604020392336355
0.6235524234237432
0.6670020207784964
0.7107756547354579
0.7198824960340076
0.7116437827863462
0.646333869373555
0.7142126878732004
0.8303502808700833
0.8412818422369145
0.7518996825066462
0.7601449719010142
0.7050932659374839
0.8079390626932808
0.7723715067592608
0.7720014305867438
0.7212116976306019
0.7328999168742116
0.7797790553927715
0.5860829174714497
0.7718024619976841
0.7104322764613386
0.784657420945674
0.7479263576577887
0.7719318310146388
0.7477512806255532
0.7638070861296641
0.681502218126621
0.6797150425186927
0.6449199540338474
0.7044995911338857
0.7376250302450634
0.7117694930929183
0.7411001527793237
0.6920797105333089
0.6155173715550091
0.7297399392541737
0.6547463427384886
0.6861396302067732
0.6975821128175312
0.6026483253297675
0.7046070973939799
0.7105212883747218
0.7333296875536192
0.7794145115900402
0.7340878796250707
0.6656254791377268
0.7269371812788678
0.7845354969758782
0.6884137164630715
0.7390805211089221
0.7461865861000329
0.716285241245219
0.6913006451689884
0.7014013102965555
0.6814991928747545
0.6844261779654536
0.6794897605080458
0.6807164774420992
0.6310598613227038
0.6586031177000892
0.6742017653285259
0.6754171545644228
0.6679613060650126
0.6864323874360021
0.6900910708575866
0.6512963789899158
0.6887866438409737
0.7182952908676389
0.6399515165652855
0.6627997595100827
0.6683103133990657
0.6372762183166797
0.690001362725657
0.6609024851342766
0.6929224904278437
0.7541647408481729
0.6794245118290047
0.7145396987405743
0.6967248933697557
0.6398482784372611
0.6732158351373793
0.6511281207473593
0.6829596207842541
0.7010705126893061
0.6850574966916525
0.6917878989348115
0.6273372200113182
0.6534085530396506
0.6021723238129361
0.5624279675234534
0.6482796011180016
0.6533728780877298
0.6660050597650636
0.6773096773809626
0.6893169266975857
0.6535554650812656
0.6155391208883071
0.6899691834098461
0.6031566610053218
0.6354056018976307
0.633611661769388
0.6044757711406719
0.6138952983197115
0.6521352221988328
0.6091079133270887
0.6352148209829783
0.610499561189378
0.7087654807715279
0.7064777671048904
0.6359349175163588
0.6115656269982338
0.7225450863225694
0.7005125014801015
0.7019580790980351
0.6244715883972082
0.6754267573091375
0.6473882629878529
0.6011984235034955
0.6527894761371001
0.6187135749624328
0.6373544249715988
0.62797569121747
0.6720646358107027
0.6454100948402438
0.6312985820647862
0.6471818317666577
0.6523353452047572
0.6549935229362811
0.6312507921451211
0.6476476775913887
0.6067578264552551
0.590545757019646
0.6355257084939039
0.6003506773923535
0.6358711254844283
0.5661835952231523
0.5681101923867728
0.6102247180238137
0.6457364093475578
0.6369034514981048
0.6509735058129688
0.6460604437759712
0.6571763735626972
0.5966229253031223
0.6286671100425734
0.6396610029909183
0.5978355835600341
0.6205563707629602
0.6045001945822438
0.638829275468621
0.6133270734798859
0.607953388460426
0.6273777485285803
0.5941394611205074
0.6419746024285244
0.6415033155816298
0.6208927464831137
0.6533011265255951
0.6010712186398903
0.6407524304827698
0.6311518083468677
0.6422016582387188
0.6312905830208797
0.6277993454235817
0.6604610221297997
0.6292348552474047
0.6316378172783779
0.6390674872192854
0.6792403485308958
0.6101329137781049
0.638145939589989
0.5997666100016071
0.6972432742169413
0.6252361784609838
0.6551543706427035
0.6779438278797184
0.601313928341451
0.6153816942104685
0.6149212741682613
0.6062944939891491
0.6240311331637939
0.6143605569923587
0.6926149453456265
0.6742372726298368
0.6838510438744094
0.6678009128880451
0.7045437777782951
0.6577259290762981
0.610108236715959
0.6729298480592514
0.7118816748705666
0.7265760146911272
0.6676785050103938
0.6711862711733625
0.5767397991652349
0.6432563207365379
0.6715642941694587
0.691820304275507
0.5931189621717223
0.6441869767266691
0.5968979578854904
0.6229715156507853
0.587495703950734
0.5747633108862904
0.5932328950692516
0.6566507220194803
0.6518025993479484
0.6869784061358271
0.5903637725125898
0.6495515137874222
0.6263796468045503
0.5951250565426951
0.7105235563456489
0.7251901032041751
0.604910794955339
0.5999465483764759
0.6008343088058022
0.6494228665605951
0.6391350303433135
0.6710326672948804
0.5836569925754375
0.5734452346344705
0.6712365277761887
0.5942721986674757
0.6408301582204418
0.6548251161039623
0.6370324400025512
0.6082973749567158
0.693479542088469
0.6154694204795126
0.6338566910413828
0.6089977874073097
0.6425874451712585
0.6174636751377734
0.6270407389890731
0.6486905381735324
0.6277873516396743
0.637383768256156
0.6016681563760776
0.6306523771429534
0.5875358527990118
0.6489786236240291
0.5831942945418124
0.6167256604314515
0.6514337586355577
0.5836892132664757
0.6288815700188516
0.6039027083357282
0.5752889807511362
0.6951809632439696
0.6705988321257454
0.6296540405741633
0.6932135849044145
0.6579861769784884
0.6638725059470649
0.6853800297029186
0.6881047483417656
0.6543817121299593
0.6774648612554726
0.719126082739929
0.7379229123464519
0.7100188792633338
0.7106491680598619
0.7056406835998202
0.61522992183312
0.6398437226676333
0.696642720556016
0.7172585828741682
0.6735714214891244
0.6719920510548237
0.7056757466590126
0.6772029041967849
0.6666941387515297
0.6735560918262582
0.6719920510548237
0.6008026934418166
0.6370632958919147
0.698313515895783
0.6719058518203146
0.6964895812233448
0.6060659525008228
0.6090268677783524
0.688991343828337
0.614185722368144
0.649594264258786
0.6160994094393218
0.6588799909573121
0.6183999295097753
0.6162699834694094
0.7255161605478159
0.6518532410380311
0.6296623511403626
0.6411687964166681
0.6810038808527932
0.6180091400027032
0.5792607700642755
0.6247301392349099
0.6437018352432265
0.6216453982191484
0.6224406619558335
0.672530104727111
0.6362917492133744
0.6556972560627172
0.6369394590140586
0.6317409153195851
0.6623010560116984
0.6868510808851066
0.6706170409317239
0.6495729921740345
0.6193461964495508
0.7072040515981977
0.7220294560087392
0.6558907850292642
0.6178002315129495
0.622024546328797
0.6286222080883902
0.6208729698235033
0.6735025464129957
0.6528535561430148
0.6127867069091872
0.6321934087362583
0.6454330496932681
0.6281108934607071
0.6123109863043489
0.617725223573332
0.6421815802604887
0.6067631200711068
0.6132832791136582
0.6737553728338609
0.7103383884783921
0.6726575621712613
0.7420646911893278
0.6829787116869427
0.6585303365374912
0.659904249485561
0.669497944885917
0.7100248645491772
0.6836911112533804
0.6208503178568184
0.6460296132992905
0.6207252965344238
0.6435429272398583
0.6331036734259665
0.7223707585398274
0.7256673536178181
0.6418140449473948
0.6878622373447296
0.7199441095825645
0.7750774863908726
0.6455603195704781
0.6583234280178003
0.6227995990534738
0.6091740939264979
0.6513810142917569
0.7127812013273594
0.7335984466287656
0.5797552413568848
0.6503354778651677
0.6964267454675184
0.6946157738237688
0.7308215571624934
0.628681450344938
0.7086801977995059
0.6484828398271294
0.6354920618741241
0.6930633189501654
0.7069423545543742
0.6519438935522793
0.683120509930334
0.6807870432976352
0.6427501001412615
0.7287879527772532
0.7022958401694327
0.7561839015052172
0.6491795785112515
0.6676084237467618
0.6157418526720172
0.671858973779543
0.6756243684885326
0.6105087041748879
0.6482312853663847
0.660246472891857
0.6235906733359087
0.6321373822152039
0.7124858549495132
0.6094884702895961
0.6305713611566478
0.5908160102897573
0.6400276710524351
0.689752788076214
0.640075915931837
0.6745129983370225
0.6283614052359174
0.6472675984776458
0.6715121041202985
0.6852899852955698
0.6967443102013616
0.6975030416186816
0.6826569672487446
0.6326687598788312
0.6599731336116658
0.6317905872334064
0.6576384005256282
0.7487226110778678
0.7370154136033922
0.7145551431035196
0.764564973754616
0.684944149928828
0.6955514777130593
0.6762654258374396
0.7065991665752792
0.7117903262298295
0.7555831010001542
0.7389893814361613
0.7026189863702761
0.6635066305146418
0.6235524234237432
0.6670020207784964
0.6427142604533398
0.7287178469336338
0.7239716271130784
0.6553357251653054
0.7063241692565203
0.8303502808700833
0.841393446953131
0.7741724278199903
0.7050932659374839
0.8074132884324733
0.7504784596407136
0.7706231834147553
0.7392256956704041
0.6674714365870663
0.7436794177493878
0.8346259197614547
0.7603295260250156
0.7105380107104549
0.7576534315217078
0.6304160592696784
0.6706099557106515
0.6469677225870426
0.6372208865877919
0.6691962576152101
0.6694188652294742
0.6469677225870426
0.6372208865877919
0.6691962576152101
0.6894803352555704
0.6370023862630219
0.6461018215276427
0.6130860730533417
0.6131695885015338
0.6931267517347243