0.6266417756710775
0.6464198098287509
0.6799349476144909
0.6749186721345745
0.6963545098684418
0.6964914706990833
0.6350000979740124
0.6140487065155475
0.6785460016074564
0.6742166977137894
0.6854160552276999
0.6740514145345357
0.6736747670377067
0.6694198389190801
0.677927359933935
0.6952136036583807
0.6550002456074263
0.6899803365123511
0.6890516818330065
0.6349297723864369
0.686336575143305
0.672313562856782
0.667929158428652
0.6733899947758265
0.6656161942375196
0.6735545919818061
0.6614126405398183
0.6452316280945816
0.6853001944573148
0.6714797359423034
0.6755708832125538
0.7121830802190796
0.6779177862152355
0.6930367894141478
0.6254662853316401
0.6577700504062097
0.6838313816734236
0.6989595493058959
0.7193230394012454
0.7294569783103284
0.6845706645607134
0.6551653450792478
0.6608455501766076
0.6804546689796094
0.7071004872450422
0.6352058851859838
0.6258550517201592
0.6157611810037295
0.6996020509284849
0.7211804259389312
0.6544985605919048
0.6685558910696076
0.628504236066646
0.6480802445865108
0.6280440230792983
0.6203569200763357
0.6921466812310525
0.64061191550771
0.6500287243732981
0.6915043069463949
0.7407374195706996
0.6128225791329345
0.6657650438104221
0.6549097160520865
0.6764125885383188
0.7048875248052145
0.6430204607300823
0.6470316365186265
0.635804907527965
0.6188690254543767
0.652393544587823
0.6707781053337902
0.6457060657013591
0.6465389391280858
0.6592707144001211
0.6478418213182773
0.641102762145944
0.6440728576442668
0.7244219170457618
0.6562685187135966
0.6773197474075533
0.6684825954474704
0.6951262173386284
0.6496991626665207
0.6452500863403161
0.6388399535278081
0.6405935837665085
0.6662791167863074
0.5872641060067673
0.6154417003295299
0.7323139551519084
0.6895323370720221
0.6956684493513582
0.6602635910515324
0.6552855709707326
0.7159334592354004
0.6917349129752147
0.638617832377218
0.6354851286518094
0.660062010186784
0.6512685390200006
0.6907118453575922
0.6555659971870063
0.6773511124613553
0.6863993679374005
0.6487795137960778
0.6590652971785637
0.6676860864087715
0.7279109955980249
0.7176511845193174
0.6606965696031589
0.7031882194836683
0.735798451458496
0.6667034098221698
0.7028682982260614
0.6211985191052181
0.6481369700919347
0.599480618766272
0.6863115319991709
0.6746277889464406
0.6484854362571008
0.6628477648703595
0.6602326700351466
0.658287518561446
0.652684865290078
0.6828899909651857
0.6688709197973829
0.6364621119453074
0.6685668753285057
0.6718965841607445
0.6806408402383611
0.6373086692747582
0.7342174642141814
0.6978333838262051
0.6746347228716262
0.6689859153607619
0.7043243853577896
0.6783323624317015
0.6565033496589164
0.6591420760635555
0.6506794266622743
0.716697946924596
0.6359836904944471
0.655186091250822
0.6220251945883357
0.6540450207748197
0.6889176002400497
0.6944976953923383
0.6894677186354387
0.6817848691428364
0.7140594756121968
0.6499452528922052
0.7064875383368608
0.6798663037895324
0.6750126474651602
0.69736238965482
0.6995825599519653
0.6744736426344454
0.6795862856171938
0.6766148309743338
0.7125280090608994
0.7139629111658418
0.652336761830078
0.6748860921464087
0.6637068703523887
0.6963415173094778
0.721728906756675
0.7585520406218557
0.7003715413449391
0.6523664078617546
0.6822459536466079
0.6674724387524015
0.7111059197505399
0.7695526581713187
0.7718245011615471
0.7884057459558237
0.7431402026389101
0.6912550433206177
0.6770187195726564
0.6804512585055436
0.6586331951927605
0.70703063344448
0.6935610069102578
0.7000924266100947
0.6984323562629651
0.6862210497478741
0.6760696806755753
0.6770335335744198
0.7249607542512364
0.6469029327966407
0.6427990687214984
0.6917631715384412
0.7034901028350276
0.6818878432760903
0.7026271812459317
0.6986326758808167
0.7355822926556836
0.6948733830193726
0.6668483556869387
0.7489952139902839
0.7613791716497094
0.6708981414127709
0.7523355025180877
0.7002208179894955
0.6934301963911489
0.7106701586629519
0.7589943836353865
0.7343911638701597
0.7348870984219205
0.6590348404172421
0.6977592862116876
0.7437263043614905
0.6674982812491207
0.6597338368690092
0.7351685508790416
0.6800856503562874
0.6594364310893351
0.6876250078637051
0.7238754596329229
0.6950416299965014
0.696526142191522
0.6614653077007601
0.7020123383883078
0.6623256876373184
0.6866728306761583
0.6778556406821432
0.6433104835285819
0.7199369356316949
0.6462950674069449
0.6288257015597949
0.7161962506126798
0.7154891435112537
0.7231768739388341
0.771398070888512
0.6765466600914464
0.7230369539581102
0.7298559804953167
0.6925261358183418
0.6601436766258173
0.6977086874297658
0.6630319840966874
0.7294543312599516
0.7080547017421926
0.7274614835527546
0.6708587407714923
0.697109372599632
0.7274824137211404
0.6797327890313672
0.6829615926567084
0.6814033798304765
0.6845655626345198
0.7005762885519761
0.7130024258418171
0.7124482429476889
0.7223145491728014
0.7333178731600302
0.7252883564416703
0.6946009422853723
0.7542384897669019
0.6311992092025688
0.6971143000787995
0.6710816331489641
0.670625356800703
0.6555285248943833
0.6992551462960038
0.7171272678012595
0.7528182079701318
0.7551965066214856
0.6873824455163962
0.678898275837086
0.7198220563962646
0.6840607170293376
0.688853375283891
0.7031887370640215
0.6770620790962387
0.6780063347727513
0.6897945124625573
0.7435772895512592
0.7400701662012623
0.6692187152001754
0.6833220767443644
0.6609527460250122
0.7016598433235444
0.6712286141824167
0.7092097232541552
0.7170341061899869
0.6425944294350018
0.6411375631867425
0.6692029463346163
0.667204947930698
0.702561426923786
0.6875676818862628
0.6959079827382989
0.6538364084982888
0.5940484796538588
0.6043171258048691
0.7930621468084117
0.7901531809018841
0.7340816547103577
0.7116224995774567
0.7295664134517204
0.7452796329584607
0.7304359905252792
0.7351426709819395
0.7947114980157071
0.8174533550244499
0.716982374808061
0.7051134770616491
0.7073737253723456
0.6846790986342773
0.7180666274011973
0.6471085372354815
0.6928538826808162
0.6758736342666334
0.6785411589902408
0.6889784541229341
0.6641873735319226
0.684485651581857
0.7311484880452586
0.695089485094174
0.711697902879931
0.6687213209102695
0.7094012475033209
0.6984567946319774
0.6824052634998031
0.7179873183718185
0.6939851277467166
0.6739474013481324
0.6613338474844003
0.6774492249853529
0.6856588267391059
0.7112928889550827
0.6577829006631417
0.6841605826666637
0.708286274921358
0.7239512556723643
0.7133465083736988
0.6430488088029709
0.7182293383495925
0.7174407105069032
0.6946327714449824
0.6736960261567824
0.6359616502755555
0.6383545020074413
0.7085524947150321
0.6455860783966532
0.6847700735531114
0.7216383173054305
0.7328057044491278
0.6615917194685567
0.6140615965535811
0.7036132248257981
0.7414793132394949
0.6594161346267347
0.6679466223018669
0.6797204221777968
0.6997085027458062
0.6699176897238641
0.697664645710098
0.6809891116087958
0.7269447001899243
0.6916533678931002
0.686814500637657
0.7470223088007595
0.7115700399851835
0.666096660084269
0.7083628967630831
0.6895792825284258
0.6607462061628553
0.6679104430181763
0.6860201961073807
0.7131580334252979
0.7076142369208694
0.6776169274875121
0.6860615957912842
0.7519623333438453
0.7479266201487809
0.7006244740999998
0.7152338381710907
0.7297331006533709
0.743847703319625
0.7511668196626164
0.754091632275685
0.699104588440285
0.7490165776947202
0.723933769071564
0.7402081390525128
0.7199158202366971
0.7035669938631629
0.7264810661324882
0.6483231764660652
0.6388503089288532
0.6215280705714302
0.694428700947653
0.6942221792848704
0.6868980101689773
0.6772653562869997
0.678998758660543
0.692629943401466
0.6936936360233336
0.7025295508136826
0.7349303392725131
0.6857950665247723
0.709210467643537
0.6826276685985605
0.695854272629525
0.6968283420219599
0.7188856478707973
0.6607712663142825
0.661646631437645
0.6491650195179677
0.6675299329906639
0.6831979584709956
0.6714098388000036
0.6607929134093964
0.6965753135206163
0.6348464231547646
0.7248418848572283
0.7197323406491554
0.7119715690784914
0.7009794100075325
0.6723296916732535
0.6567942166893708
0.6572151318662951
0.7056507115412797
0.7105084062875726
0.7476427505148182
0.6692101385033616
0.6977460210181583
0.6476462147931895
0.6931465625160811
0.6994452977157023
0.6725921261231667
0.7209825621934397
0.687580862800482
0.7124705718070972
0.7093476416515134
0.7515476908234565
0.6701872069260237
0.7004505004939098
0.6955362706100866
0.6911315445248472
0.6838323962593301
0.6543414985471897
0.6630295127669174
0.6748730197303732
0.6648979503109632
0.6511425617636266
0.7087702396352109
0.7198019319175835
0.6738031346794336
0.6984778086954321
0.7125201504584561
0.6744165174065415
0.6300763075299121
0.6808241632153865
0.6516190490994187
0.6979149487086843
0.7307504552268596
0.7257959225627952
0.7287836300178244
0.6799419465069398
0.6859492185034545
0.7005065242831778
0.713575678473168
0.6993721456572108
0.7103872248173871
0.6308682026700144
0.673028406925195
0.7126666617455186
0.7051615689102025
0.7059655285821107
0.7050206261733795
0.6610482027721528
0.6758551300003355
0.6543382450276696
0.705579350131032
0.6323789833622282
0.6448162846121229
0.6929504499125784
0.6680185266226225
0.6766246740827493
0.6986279824734051
0.7017661343632611
0.7011253816532927
0.7144860742383796
0.7351293904826705
0.6881632492918319
0.7285616587956085
0.6940169293439291
0.6879702124124191
0.6935633920617801
0.7017599404510119
0.701588034244326
0.7006268540387476
0.7183422354378677
0.7042482044828429
0.6820240751004326
0.6926512480884647
0.6892316926550902
0.6846977683504372
0.7086328809827068
0.7307188993134188
0.6802427037838398
0.6729221934108294
0.6732626213778901
0.7089626214067846
0.6485612575883798
0.6644844109147752
0.6324965978698385
0.7235560422664249
0.6951386603741438
0.7023511176892233
0.6748126189907829
0.6681563614650189
0.7180905888666725
0.671666248842627
0.6742715883722721
0.6941687934206384
0.6351619173471625
0.7109096750782403
0.7129095718871239
0.6925916131231262
0.6728901008983117
0.6794887301788327
0.6431708904937655
0.681214387440552
0.6815141796032944
0.6636669189262524
0.7182822329850574
0.6852745688374484
0.7093302855163791
0.6727808215353263
0.6954045965717739
0.6519518424831516
0.6814792378952333
0.6379017381329688
0.6597054886375471
0.6812123081452627
0.68043410047462
0.6946974783736103
0.6892033956828507
0.6908385443478863
0.696588548560207
0.7094060412226063
0.6662997006220266
0.7193560516982146
0.6538516252828496
0.670839975758687
0.709711066240775
0.6586951774607355
0.6938249968487326
0.6382198095792698
0.6590102137608956
0.6657599863957689
0.7027760966834267
0.6895823983332035
0.6468308905569823
0.6462622619946807
0.6543401720659255
0.6854558732375935
0.6905740713922568
0.6938342878715402
0.6427652407750271
0.6623127669961137
0.6767566723073517
0.6975253926166751
0.6829126761771931
0.6672255403810439
0.7180892396300219
0.6840877260355273
0.7083065328983439
0.7281883950000754
0.6936188091236752
0.6618769639244608
0.6847729816133621
0.6395864878274056
0.6766596665936401
0.6609983174181577
0.6517494123126656
0.6942035079024301
0.6737766907412424
0.639826615318712
0.7185910151040528
0.6971215165466949
0.6759820864786156
0.7042976547017716
0.6869898193791801
0.6731695663702719
0.6623981288553719
0.6476659476869095
0.668246851116995
0.6909675973343331
0.667963538695402
0.6600059970358602
0.6523550023205829
0.682532591491444
0.7004597268015584
0.6437866336620613
0.746409308225821
0.687386401490583
0.7172946676422369
0.7167608809282703
0.725764569041664
0.6864592291255102
0.6381521216542719
0.6922909030351124
0.6806780742680196
0.6745345809926495
0.6804790723580587
0.6860663471993929
0.6735129094098525
0.688292720987624
0.6837833365050473
0.6705976379968027
0.6381521216542719
0.6975680469176528
0.6859705845356288
0.6875475779816785
0.6746040243300603
0.6600952677656072
0.7177669770202424
0.6747328829062799
0.6946964331573147
0.70626313564711
0.7288911208432292
0.6956451915370246
0.7291030726152454
0.6362269238903728
0.747183265252674
0.6936369167965465
0.7177853075156803
0.6610883592978805
0.6945352641806245
0.666222843147688
0.7926039417493466
0.7511550850882683
0.7369898630931726
0.7424880475460118
0.7178843097584724
0.6881983151621611
0.6907635299672135
0.6998602103828956
0.6900259865662826
0.6953076997597271
0.7048348335634801
0.757706083085681
0.697053620284393
0.8238319164174707
0.7530755999313046
0.7671603368069004
0.6701515082874904
0.6934604470397283
0.6694670046616706
0.6847726453808051
0.6749679522171094
0.7367076151170265
0.6818202959344384
0.6850439055097141
0.6625287268936171
0.6815966628333572
0.6860689508146172
0.7124576714686559
0.7075667773259531
0.7359709467326145
0.7318467347843972
0.6843660560408733
0.6925074601209626
0.6989126275121442
0.7695298149930759
0.6912892728472257
0.6399853901512805
0.6985121105347486
0.7012421183145862
0.7101090317907398
0.7051237303604668
0.7587326461976858
0.7089687518186194
0.7758612022602613
0.740847542125292
0.7592305680416809
0.7097656797682746
0.7490020459759108
0.7034949614428638
0.6922774313809903
0.6669185154305716
0.7228565966628989
0.7323432360301474
0.737197086952723
0.7191002262338004
0.6994088809009847
0.696511189775451
0.7291243095648678
0.7156508064383771
0.7303606273347057
0.6627529223008718
0.6623400640250133
0.6601899337288883
0.7142244512348934
0.6994329540662636
0.7021934328756755
0.6449775190887357
0.720181970274232
0.6976637011094723
0.6881264705816912
0.6621736067290809
0.6796914774967179
0.7941126017102402
0.7429527902104562
0.718975008137497
0.7002583040001781
0.7130214990537248
0.7132290388357949
0.7028786699071462
0.7259764430574428
0.6242042754812345
0.6847385864343001
0.7063507026018497
0.6926351274861784
0.7279254524158062
0.7184263412335136
0.7109708384684353
0.7171078261009115
0.6695604570740097
0.732739236985118
0.7296620868605842
0.7289735689223024
0.7158566534981241
0.7004025367168368
0.7266472437292784
0.7066526706931795
0.6918925320471577
0.7548038810815264
0.7110197986210853
0.7239573258981431
0.6989580809038909
0.6803139498791151
0.693294711670316
0.6924640256831992
0.728098005537845
0.6956177476816493
0.7257021989168012
0.6427652407750271
0.6915517801084656
0.6888988380913246
0.6839061821371286
0.70147614843277
0.6941987177101895
0.6894527865058159
0.6504825652903793
0.7199789589247928
0.7119314858465904
0.7681890493803585
0.7581731679889515
0.7245228485006625
0.7045514155383552
0.6288729102943097
0.6890573644297943
0.700802492378765
0.6917449634066921
0.7095315351541063
0.6375192745173327
0.7043418976317424
0.7006027983512584
0.7243078118972577
0.657405623579141
0.6988489468830823
0.6913448198151146
0.7232312725927641
0.739460533532612
0.6964800194254435
0.712634915798022
0.7087483390842266
0.6940768227632134
0.7329136286659595
0.6723701806420304
0.7181974026444752
0.7557701158151712
0.7196993427782272
0.6865645613362288
0.7339214321046064
0.7470224314054965
0.7110961705499113
0.699516092897962
0.7063123596043482
0.6940219920152306
0.6893501937429818
0.7260684681327858
0.7257739352235703
0.7385852444681256
0.7028496613015156
0.6898724110337872
0.741760616210065
0.7463562280949616
0.7149137114175249
0.6955664321464113
0.735477596738947
0.7537974482374142
0.7862464104494358
0.815643330941619
0.706992039940635
0.699188719960538
0.7008217290379897
0.7200498951210754
0.7192221657276062
0.7682884635647367
0.7320238714103157
0.7623172847767374
0.7729524352518137
0.8024458037446578
0.7834868923696254
0.7089345417091321
0.7535907131948025
0.7630742654868873
0.6667843794227867
0.7372016485224331
0.7401833293353752
0.7443000583213685
0.6852516541149513
0.7741709659637821
0.7380843646245815
0.7453668594906118
0.7296419510102651
0.7453941448389948
0.7498716245848165
0.7524689945906351
0.7377901870406465
0.7568768344715743
0.7475435771704658
0.7585163032100392
0.7261780352837218
0.7112435445808094
0.7142081545854538
0.7215213266323701
0.7057914738887124
0.7859022759540123
0.7976297887568071
0.7689944341584456
0.7564299299677019
0.7295051918464933
0.7705438841117922
0.7539179733531497
0.7424033853004469
0.7221453578470318
0.7338888942517072
0.7768209663202382
0.7507778561977302
0.7455187720062646
0.7520087770090859
0.7689718578841613
0.7076307986098067
0.7708555892618197
0.7353882472402701
0.7151678574336576
0.7548935252555753
0.700175669147544
0.6518740015318454
0.7425131052221147
0.7071944772007278
0.7684931245034281
0.7676643542186689
0.7493802193683715
0.7675465400741668
0.7209396011448763
0.7131618395773512
0.7462385819730015
0.7227498495963098
0.7209396011448763
0.7342499479143698
0.7712555251011718
0.6367614055081602
0.7278983741200907
0.7386945294769497
0.6666581419108975
0.7113314651574782
0.7699274160817378
0.7553639978313015
0.7746075335243453
0.7177515173971319
0.7602953234850999
0.7939831740798305
0.7650835279956537
0.7209486203809284
0.7308400065422722
0.7620456909469979
0.7571154435928794
0.7951391626918395
0.6577051512319718
0.7568939007466228
0.704002324839841
0.761517949267655
0.7216701328536597
0.7717798171662441
0.7633890089807461
0.7710995341456979
0.7759807834113907
0.7528563342950322
0.7095416113800634
0.7974274278685077
0.6478607414881171
0.7387703072443043
0.7727678300170067
0.7300875237060206
0.7390583671220133
0.733420256379135
0.7331390969674454
0.7582546614938481
0.7383966570154151
0.7452242887695353
0.7245655257472792
0.766240821274695
0.6905146935434844
0.664016788790041
0.6767995725905036
0.7565581862309788
0.7259903711466428
0.7276668719951357
0.7293335423829272
0.7109996514502145
0.7585405053566607
0.7156215440639218
0.6924014762488145
0.6638376626868393
0.6306004030971938
0.6907598013876259
0.7228399841535071
0.7068986761209224
0.7425888419444796
0.7524183076391682
0.729228286979622
0.7240468145968711
0.7019975491153856
0.7143953183710972
0.71143316273746
0.7503394155983307
0.7345133112107932
0.7324336443325792
0.6685484456037125
0.7293832312013823
0.7764206826953483
0.7562327823064491
0.7718558543443814
0.747612078578534
0.7609458807215113
0.7629535238571217
0.7281043888415768
0.7417583460253193
0.7428229207852854
0.7170599981640688
0.6283716390530949
0.7596457307476575
0.6622513021928256
0.7454130716291798
0.7672350965599997
0.6230366338738803
0.7559824900438573
0.7518897119333552
0.7403091440164663
0.7231970675453694
0.732559060625053
0.7521277390048194
0.6577623995074
0.7716695484363626
0.6597208479690148
0.707564905170604
0.744608522211255
0.6971733640619497
0.6633153038332462
0.6607416392656741
0.689254324630358
0.6688287734463674
0.7035611621204579
0.7157760575520232
0.7035938486547924
0.7280606506839598
0.7011491005639079
0.7403734988297511
0.7180751699894746
0.5932302551031157
0.718433325848537
0.6765050146651832
0.7688092656541882
0.7464847104021493
0.7393787194018496
0.762760245219272
0.7682255508497248
0.7414734024605879
0.7558330820950946
0.6779166868545746
0.7599642550991401
0.7367182722937481
0.6932496800480423
0.7393746891387177
0.7594589373920452
0.7155738794963512
0.7454331330480672
0.6828503592277392
0.6897088102617781
0.734774099167866
0.6934298946256153
0.6595989441538456
0.6527311838596384
0.6963713658327526
0.7029268751523507
0.7130978067290399
0.6998485278574288
0.7198701413841813
0.7150791126504451
0.6927645737093239
0.7165214727720504
0.694964119970586
0.6858515835771615
0.6969565091436692
0.6598959910842197
0.6924320123801988
0.6751003598475833
0.6296901229039994
0.6751702323316359
0.6972883158225189
0.69508914035569
0.6936622646484237
0.7062097008319982
0.7232562076399185
0.6726695013717795
0.6908374188839479
0.6998211181716154
0.61903240359368
0.7052238690181748
0.6787455247699655
0.6775132600891856
0.6755551529003948
0.6446392465396827
0.6970559712995916
0.6874791330308174
0.679342622819014
0.6915712804667373
0.648430305436483
0.6613133576408471
0.6730870991762663
0.660202479829538
0.6724661407196948
0.673010296004547
0.712210574717647
0.6662633816390038
0.6655638805769458
0.6940441261135484
0.6890752084316841
0.7250208846845565
0.7185307458899913
0.6664573808727868
0.7146346623767811
0.6965446710480773
0.7109766830413284
0.732392997381922
0.6995323727346199
0.7021247823248369
0.7219766108822636
0.7320702356545902
0.6995058312238831
0.7053565926066756
0.7263130138172129
0.6712787522169821
0.6398587123524436
0.6282996233896453
0.6820781654023002
0.7657735006055267
0.6266083660491517
0.6749125129977652
0.7033775492847468
0.7174196388647244
0.6573550074703707
0.7588157281451292
0.7391722126454058
0.7427533970480722
0.7386323287920821
0.7171149678381104
0.6784034832639462
0.6926916913261795
0.6960932310146338
0.6800457333901362
0.6961002874090708
0.7224769463395644
0.6618748043722127
0.6706213104986325
0.7709164806587656
0.7336857602774105
0.6411743069434641
0.7205360823680251
0.6640056139546462
0.7049491923087292
0.7395905787518711
0.7203495899551036
0.7094892313422128
0.6977900721395067
0.6764769693777021
0.6706777077043269
0.6736479885300904
0.7188387147447471
0.7037033094135441
0.7103766787195117
0.7055266245407653
0.6108399927205432
0.6513741422617504
0.6651333865781938
0.7001635275343964
0.6601317187353273
0.6723960466547636
0.6761644600394956
0.6947178803133335
0.7597675853469003
0.6540327960498942
0.6200854001203572
0.6522770967049517
0.6849105228190735
0.663700570786178
0.6691388481353966
0.7023436950084504
0.6356009766420115
0.6991078875969436
0.6816130169597494
0.6533878454836743
0.7024633738175146
0.695658350846703
0.6489058488690758
0.7129833567006011
0.670077128178969
0.645250643915635
0.6632905298392964
0.6722695116548534
0.7389182851661177
0.6438515909680745
0.6445018840213466
0.7293545344878952
0.6686377971653997
0.6803547560338783
0.6451376420669038
0.7009656588412158
0.663859183300638
0.6644192021735466
0.6801863388665086
0.6577329678117352
0.637346105759185
0.6907520237913456
0.7063317123648354
0.6529842609326049
0.6720254185324561
0.7075466338030676
0.7069361221867044
0.6954682145206291
0.6850344558491478
0.6794577694827528
0.659796506744822
0.7116926230615488
0.7116457706876427
0.7036542360937603
0.6901822066447997
0.7088444027419758
0.6674385520960642
0.7598668167278627
0.7076215250070744
0.6866486670240058
0.6810610911047001
0.6311496598895943
0.7129314928915633
0.7018365202102719
0.6939804517072873
0.651461418643246
0.7310446408437944
0.7100260851676525
0.7125346374195618
0.6714373129842306
0.7171273887326534
0.7333997970420759
0.6906535992904816
0.7189588746333543
0.7459928250262143
0.7204665447079911
0.667639520496244
0.7085321992661124
0.7059326097975512
0.7090834365849502
0.6847963142878584
0.7141541139445597
0.7073278699226937
0.7145214106533369
0.6943747721273955
0.6609047597672109
0.7405005952992283
0.7688593606685193
0.7815637034721991
0.7586822123151347
0.6247492331659422
0.7234963006965822
0.6786442940969252
0.7671238061325863
0.7285435956632212
0.7806705601712859
0.7251543767495842
0.7184144567441559
0.6771299056855751
0.6443484462573464
0.6895271650003039
0.6798663747398417
0.7373674112304305
0.7135991265513774
0.6893844986203043
0.6894786022166735
0.7217475951654562
0.6696497307896347
0.7602510611821005
0.6866255208903551
0.7042304182295086
0.7240955939148329
0.7178187044225374
0.7528197899706566
0.627209617925882
0.6864176600386985
0.7038234880230912
0.7235129900272118
0.7258550488375461
0.7716628304186958
0.7021363985901306
0.7209286354074144
0.718184116545387
0.6937554734700312
0.7258338537454978
0.7510849492895856
0.7646305934373787
0.7584437474868779
0.7382755060274102
0.7397770774625125
0.7086227794334594
0.7425568480148377
0.6956573609490891
0.7679021702484831
0.6954950503017808
0.7396987972555155
0.734053915201864
0.7652742244334702
0.7736872898177862
0.7045307071135563
0.7301570906603946
0.7331648261609599
0.7061413596252882
0.6344274993830018
0.7106454740949677
0.7147494605290213
0.7201849491859932
0.7278937297869235
0.6901295672704547
0.7093752065329998
0.7200988647980092
0.6700463366476751
0.7247005336996597
0.7095054085602254
0.700592724599772
0.7622016546729408
0.6962670910698827
0.6710457046139833
0.6962832699412754
0.6728875363612906
0.7190471091157251
0.6861263812679603
0.6548078368644337
0.6944196645370119
0.7060442000793521
0.7420494870402494
0.6936893571215288
0.691611578834295
0.7052024553415496
0.6906003166312112
0.6819310106781522
0.7136362705139666
0.7208598608926786
0.7741668033464147
0.7500950641347064
0.7101447059265004
0.7545533185571474
0.6762744739270579
0.7398025893387373
0.6741168497238083
0.6502567642628261
0.7048237482884779
0.7141453909110348
0.6893486705910877
0.7155997993240685
0.6601372218735506
0.7125791299144936
0.6777167355439426
0.6562024658740404
0.6770258479886717
0.7144240237886555
0.6848953049002903
0.6962604385128304
0.6444569926418259
0.6900427469053669
0.7269495605952091
0.6806279508661986
0.7099898139963534
0.6804654129458262
0.6933624511914946
0.7126014325160708
0.7113655103351515
0.6895961983388279
0.7246469225237793
0.68930251832315
0.6999856675590875
0.6837536078833152
0.6493988326116472
0.6429588221505633
0.7171777834540559
0.6541059519951578
0.6745895327317399
0.6653528176932448
0.6667359666598874
0.6624600983891137
0.635270813379158
0.6487940822656216
0.6498825486799792
0.6581701125188191
0.671039861046795
0.6645447865705164
0.6560705283322082
0.6354900707092858
0.6911170273036571
0.6270626466530734
0.6538991002483957
0.6868354904590559
0.627978271169528
0.7361326283964861
0.7038099787640889
0.6500441909375483
0.6536866423492893
0.7136481771099499
0.712260262436852
0.6899020837795479
0.6812718037141491
0.6830968218991843
0.6367246030158952
0.7100414214080316
0.6735819419633469
0.7255066217432137
0.6759922557671908
0.7014455557478334
0.6782068062099201
0.6769818371790395
0.6984839639432278
0.6469314898947353
0.692323577450067
0.637102682209078
0.6820620428563604
0.6790072638151589
0.6407670854018508
0.6977269525970209
0.7403649384104114
0.7038023713108812
0.7052130837049239
0.6644728513293766
0.6885770638245546
0.7133801020722391
0.6300789984411229
0.701157792388022
0.7219515377072505
0.6643886374438128
0.6535583866210848
0.7211192614385981
0.6873960146465122
0.6062147900070922
0.7522289790360837
0.6755089494010061
0.722429145701657
0.7524330655295254
0.6752803549954544
0.6876340593672866
0.7657268356499457
0.7411426702196952
0.7533425951158057
0.7638912484096605
0.6826839893252878
0.7599595856958616
0.7852446921562615
0.7567074183821476
0.728703614553532
0.6148836567173487
0.7189557420910002
0.7484524781870664
0.7242202218892256
0.801235612198874
0.7072931690300853
0.7590352695222157
0.725843814577588
0.6973833438662868
0.6696508958941064
0.6745757307547159
0.6941068923817542
0.6930868027965873
0.72656921489239
0.6694829898360048
0.6466806161984782
0.694536170257506
0.6652221299614836
0.6779814486043284
0.67559366602099
0.676636964262365
0.6553860909730501
0.6567137818211212
0.6880816404112668
0.6622209728692683
0.6304810185747637
0.6757117641552977
0.6527491581788879
0.679625335117552
0.6880919304463902
0.7099350638264414
0.6812201344054041
0.6893933754046755
0.7132885375635584
0.655685470076693
0.6987342279707053
0.7134306854910464
0.6982308925072916
0.758697168662022
0.6867445384492283
0.6759556328414664
0.7384547568270725
0.6661736823499961
0.6728456656309564
0.7090638930861088
0.6626566374404215
0.747094027547786
0.6490534909730394
0.6792853611183226
0.6696374054875388
0.6950876332945336
0.6674780110753865
0.6336989562911102
0.6526689358407185
0.6373826158453213
0.6134177039197535
0.6784777056324907
0.6472712706447623
0.7139738251163447
0.6923980563277146
0.6490755235548655
0.6197683855497871
0.6028238284793164
0.6561278733983802
0.6679603061317579
0.6493628250781103
0.6441861336353643
0.6437015058136055
0.6534180873611161
0.6985940797162603
0.6602945460998572
0.6773197474075533
0.6611214062533197
0.6700341403947384
0.6966417187922934
0.631326743568003
0.6340882377159613
0.6782500280137272
0.7143702738903089
0.6516232753973192
0.6599531963517405
0.6853417209369275
0.6560433889233418
0.6093316847744824
0.6653674346078428
0.6714969571315094
0.6724164495201485
0.660275293668926
0.7227601967269391
0.6906400386371885
0.6407657127031908
0.6606752012994229
0.6513727757023088
0.6251445691386867
0.6222871950150901
0.6403919246217015
0.6251035977749073
0.648947390475603
0.6304892402506472
0.6276461355060707
0.655021659534594
0.623098739394136
0.6419359316167429
0.6288855598083737
0.6218727406762583
0.6353066253378565
0.6786732565097298
0.6312918761413231
0.6369422336119793
0.6065880924854147
0.6505618694047077
0.648829464486372
0.6294104855485605
0.6292596447614918
0.638911725801196
0.6712098342562716
0.6748006902131851
0.6709571962345838
0.7124975366113319
0.6834442952170476
0.6719225661122252
0.6273273045036116
0.6813798677693612
0.6601797488202987
0.6227385494937111
0.6671721474306646
0.6468026006244907
0.6581262311485911
0.6509357821122413
0.6309415622817915
0.7004206579925664
0.6400615524442598
0.6372339778830574
0.6604250664964629
0.7004067925242101
0.620966206436182
0.6630080751857041
0.6731403917038535
0.7109742539990209
0.6816240204893916
0.7062427851569887
0.6531081400238146
0.669299089916128
0.6449502156927694
0.6430401299740458
0.6433386829963342
0.6515624575630211
0.6520589425293383
0.6983219448231918
0.6869706190109388
0.661847369771346
0.6657430567995917
0.6911504759631698
0.6021355865054736
0.5994012532466252
0.6632689360044962
0.7170332801103316
0.7065309927085548
0.6475362544160663
0.6690823757378055
0.6643705145585609
0.6770891286266331
0.6939389951718719
0.6788261789743429
0.6523939304563986
0.6574998518218058
0.643040714457275
0.6718665702320963
0.6548493415131098
0.6338971147355464
0.6550019104502965
0.7084681864818663
0.684850838434352
0.6701583718205358
0.6322522621338581
0.7091507172775218
0.6616871240227743
0.6162364007512028
0.704926600783239
0.7144657201771646
0.6577926626122422
0.6504187565993733
0.6313508065941466
0.6562202921385882
0.6376109072614298
0.6656859251877832
0.6457171062240152
0.604314597684894
0.6647830292324783
0.6382409692756921
0.6321022352965343
0.6461116230146221
0.6340727862426331
0.6426538404438605
0.7150078592961441
0.6548090208450195
0.6483618674071818
0.631020901999624
0.6569344440797218
0.6522012690877529
0.6499426955169432
0.6443461667520914
0.6373357454438153
0.6249816226033595
0.6207638273723842
0.6461161821669925
0.660287494911345
0.6692890275598942
0.626696957685645
0.6452834187056199
0.6612294365686793
0.6680680213324717
0.6755671519241975
0.6583102806045061
0.6208514260243917
0.6950028489575348
0.6470204657212101
0.6686740862446184
0.6820435904243909
0.6729397314186182
0.6681685801314114
0.6879550342041613
0.6528949056424752
0.6647028480741879
0.6738144150337781
0.674644358661759
0.6959974071747244
0.7201052188111743
0.714853592188429
0.7045399926990303
0.6332630794914423
0.68184949218224
0.6673582648809139
0.6929992274578377
0.6489313650418636
0.6624094347307242
0.6612147642187829
0.6726861004702854
0.66140253409697
0.6351853915971071
0.6624094347307242
0.632559366883816
0.6036668971377771
0.6926658754905343
0.6985855231365268
0.6698830854491894
0.6509529375255445
0.6687049794392053
0.6963217747456134
0.6186166627900989
0.6709841576981315
0.6731123500615049
0.6608041364703715
0.6327575848081739
0.6158544213373063
0.6667875300589473
0.6852140773892453
0.6345160231135807
0.6611356359510396
0.672992379731528
0.6230363935745232
0.5863456948579434
0.6640280324299241
0.6399153171742297
0.6600102699551832
0.6258872324962916
0.6884960114948119
0.6973102924613909
0.6571891571165528
0.6464912419170185
0.6620250562946154
0.673622416643883
0.7001784193114503
0.7105291341310066
0.6624591706083
0.6483344666265698
0.7017251239851369
0.6991973278634378
0.6715615112917926
0.6630079605088063
0.6419070405324749
0.6130172475066447
0.66261902477225
0.6744924904111657
0.6880302472323938
0.6983227259069054
0.6631864028509932
0.6576061292108084
0.6557672804547339
0.6534857474783539
0.6586715654286999
0.6675896272812283
0.6322086817775129
0.6566314256441405
0.6233873311051505
0.7007374572992928
0.6503656366170821
0.7551399452032701
0.6997161437406619
0.7026964275254959
0.6582063107371828
0.7185798957102381
0.7486316491354615
0.694090662619902
0.6984136414845743
0.7516607345477475
0.6917327029603259
0.6813828353547183
0.686066178131679
0.7595851236393534
0.7494261509264769
0.6831023378817684
0.6910468853806581
0.7302665966362116
0.7606342745384924
0.7293569994275795
0.7376935104631063
0.7097364299738216
0.6174884097048337
0.7687429375320648
0.7362037079778025
0.7216960501027848
0.6369800647230914
0.6816901763457464
0.7076041648861403
0.689978331859867
0.7210785496725155
0.667961199078959
0.7491828349975753
0.7332584360313403
0.7218030078082353
0.7235860739160731
0.7173866259582959
0.6873417764502896
0.722867789869512
0.7343854724867809
0.704532993466437
0.7246733277653074
0.6744356328474027
0.7508182969601642
0.7771183612692507
0.8253415335098446
0.661578905300369
0.7045714720363109
0.7041479697412878
0.6403628038793321
0.6539874437130191
0.6686162790508174
0.652097116753784
0.6397350765401661
0.6920890606320251
0.6619389546756601
0.6688830950888289
0.6676657989660008
0.6741805834032955
0.6819869275227769
0.6678225015881519
0.6664714027526766
0.6929675099836636
0.6744230446091694
0.7218415587412859
0.7771290895613898
0.7208178210832293
0.7327705278569662
0.7139939334890206
0.6564726689565831
0.6482287827088752
0.6798709528231965
0.718100995055615
0.72896518192832
0.6770893617984126
0.7094952603301118
0.7128431194062849
0.7220970719564944
0.6938453465447371
0.7533809208252095
0.7358791652186036
0.7781575118052264
0.6691614369963166
0.6903217054297964
0.6810145488026056
0.6934004096764647
0.637102682209078
0.6820620428563604
0.6869250126959259
0.6365609228865647
0.7058963329899116
0.7440289879905982
0.7076407106915552
0.7052130837049239
0.6752332778448887
0.6777614118957868
0.6300789984411229
0.7032981341081865
0.6706654936971456
0.674126682579649
0.6670204301933091
0.690837141982345
0.6645661499193687
0.6919948589669875
0.6991765327358322
0.6847761881707174
0.715392253649205
0.666372735358528
0.6805569926891817
0.6582496300023262
0.6854804050577372
0.6583917801295412
0.6963995044433416
0.6582496300023262
0.6854804050577372
0.6583917801295412
0.7238618926287941
0.6656698450161699
0.6415468423215298
0.6212566568896324
0.6189048352436962
0.6640693347628781