0.6451881388080855
0.651649966035899
0.688168490067089
0.6742372128173222
0.6391332220704841
0.6668174568929082
0.6112211801806909
0.6369911015750447
0.608420561537975
0.6696361628326647
0.6756620281660871
0.6395560606875326
0.6446068264306906
0.6676328899329826
0.6458588084542388
0.6351485733467012
0.6905678662406911
0.6766351587077829
0.700577087173937
0.6244172580940823
0.6894804209136336
0.6663282732332538
0.6593911634359739
0.6764089396759424
0.6721313493575386
0.6683596399672701
0.6494227562192615
0.680968964607441
0.670221327405265
0.6353695103088725
0.6754730334222817
0.7053339215757939
0.6565505850139679
0.7039098649724014
0.6805906050435128
0.7414757342091413
0.6979930341375759
0.6513429202276076
0.6814803041575459
0.7073947363515265
0.6926788963283265
0.6489428748165222
0.6902300092718544
0.7182229506751053
0.6992823613151025
0.672695081798391
0.6913075969592855
0.681574994506077
0.6710449385253754
0.6763432693628932
0.6784283611149575
0.6769543571656931
0.6677004269264688
0.664109024650997
0.6442962001050878
0.6277080471933747
0.7352505166845326
0.6375510428116105
0.6310580676970261
0.6622118825594933
0.6870009613243457
0.6294555455817119
0.6629156800425131
0.6950043058992719
0.6672055072079913
0.6809848398261259
0.6537553639246273
0.673010566028948
0.6419395047350386
0.6213637779681138
0.638399124396723
0.6482060584322396
0.6653625584946642
0.6554632067296884
0.670379788556575
0.6888652541870726
0.6542915274134443
0.6681579134229085
0.6942199188902235
0.6436758849799198
0.6466290670851432
0.6597444508317734
0.6927267416047208
0.651814418974305
0.6758942201384507
0.6792254534544865
0.6677947899069289
0.6803719796821214
0.6898443962091522
0.6565964272782506
0.7414010932534291
0.6620745076583664
0.6808921505578098
0.6600841670508807
0.6718999150102044
0.6803820906354384
0.6853806879507962
0.6615918360170685
0.6801880900056495
0.6459431517016176
0.6616918996690268
0.6553953776701744
0.7028973714020772
0.7077058206085346
0.6989489526350585
0.6870482594340368
0.669630829502474
0.6594779451030848
0.6999867067585981
0.7006057807303155
0.6676101062909349
0.7423759592748269
0.7440501090819208
0.6351476547665988
0.7072414475180177
0.63331530992491
0.6763476733291915
0.6903280342443551
0.6721126954193145
0.7054979923121447
0.7232548808547541
0.7368500946851095
0.6822330796549317
0.6580551136814358
0.669880281142315
0.7086605805603167
0.7048013436676134
0.6459124592120564
0.6866102481700215
0.670027094960278
0.6821586715748207
0.6353224888711704
0.7368699263419491
0.6985941736783693
0.6610046803134778
0.6611406123569356
0.6927028525070746
0.6688457366515353
0.6834096009468349
0.6449279026128725
0.6821488069054004
0.7300255696631576
0.6422071666665243
0.6729951589655511
0.6450980673260791
0.660566110006137
0.6995158259809174
0.6919224632616994
0.6967804529842695
0.6949220360349028
0.7497374661389046
0.6614799588675464
0.7309806142675429
0.7206237781079958
0.6614493349102895
0.7267912884871456
0.6785515882322065
0.6845414132116321
0.714243961093587
0.7088801211807989
0.7114089578325853
0.6703458126485026
0.7025214003141449
0.6714108421834672
0.6601697508515264
0.6900435063449408
0.6836795646995028
0.726350490313011
0.6740607650704351
0.7139571985555144
0.6441591449477702
0.6641984386009238
0.677944814124863
0.7390414750065156
0.7454014592147595
0.7198556451020911
0.7432676469806657
0.6883294061479026
0.7250275255843041
0.7002197407399021
0.6686009550570611
0.7429595089873479
0.712896553903379
0.735038376119292
0.6835004555526524
0.7125116685119335
0.6541333758897258
0.6572094995172716
0.6476500646562219
0.6520742794282395
0.6696456358839419
0.6746047998326788
0.6923159136144845
0.6716080532863326
0.660531452408262
0.6432617839512002
0.7165266851952926
0.7160696548220069
0.6565572859938612
0.676282191000574
0.7316407562486817
0.6830488311980649
0.6930804601178973
0.7579604307025092
0.7066067509487274
0.6856241766427172
0.6484214649034937
0.6970661729384718
0.7142187956467407
0.6566589052154852
0.68348113817731
0.725501557393725
0.6548196398951805
0.6837614746797909
0.7320801280302304
0.6604399574986446
0.6482363472479108
0.6687688313157759
0.7104955398875382
0.7023702193744557
0.6600620360174317
0.6447121947527488
0.6700211451454092
0.6679538493765222
0.6575943933323789
0.7092213856874154
0.7292748632529955
0.7627671662554326
0.7007331990559139
0.6374171977166817
0.6898666801142532
0.6874617394873329
0.7019303904618833
0.7486621654256558
0.7075820637656511
0.6665720407530324
0.6951941765637731
0.7048350758398918
0.6621583156143903
0.6850390509104534
0.6528784764407145
0.6975343113911284
0.7309383569027224
0.7133479935383639
0.6485640894227935
0.6705114959988424
0.7818822628010375
0.6830952768921186
0.6823344444390613
0.6663861861169896
0.6957595667831057
0.7268744778078987
0.744782015895786
0.6815071086118047
0.6705573539422961
0.6886912266258741
0.7180109049303832
0.7185715184741737
0.6953529810864798
0.6122187522022107
0.6575389552332646
0.6163178984490773
0.7496710658937986
0.7327203346282883
0.7514157725552323
0.7664262764631824
0.7512217831710553
0.7071607175944842
0.7001526194716414
0.7336272469194877
0.6507172519798914
0.6620593657286339
0.6301430262271056
0.6543066701575678
0.6820856279994265
0.690277105899025
0.695434107541773
0.7382647386644997
0.7267195356071912
0.7072005016210747
0.7092568118454636
0.7289766881054628
0.7144813018854549
0.7073375512768095
0.7492210541363726
0.7660515135147293
0.7131414408809523
0.6699976110473564
0.7122930398753242
0.6892149241396183
0.7222994071053078
0.6965369241791268
0.6836336111263398
0.6548615808359547
0.6057771280227379
0.6126789669702016
0.7224300614962524
0.7551320848199394
0.6632608424542442
0.7273087809286387
0.6959522887556593
0.7180316483574142
0.6766388289665345
0.7474071006294827
0.7638043822900327
0.7460183721023866
0.7095767909977891
0.6745505582976642
0.7202887599027123
0.6829766689808014
0.6913479438378968
0.6862735061112102
0.7266476655822304
0.6711761839680381
0.7498455654316942
0.7300780773544902
0.6673408229053422
0.6971741762355098
0.7307398046759969
0.6835532549308964
0.7063783401629564
0.7253414049152178
0.6906999136950653
0.7237757648613741
0.6936641932582338
0.7260641626698721
0.7272219707541396
0.6649358481138122
0.6777908210210553
0.6972005619041631
0.6974876332119522
0.7018268148221551
0.6482979071712487
0.6888085939100241
0.6982488110125606
0.7295909992390021
0.6984285668124743
0.6578816161000555
0.7342547522958763
0.7090937903934784
0.6858505592335982
0.7275212873582954
0.6474485524506413
0.6907949918058611
0.7250353069722106
0.6362259370461042
0.7010909295834424
0.7556102669830242
0.6880556313243908
0.6943347386776794
0.6689470115100493
0.6936270508746222
0.715706612766302
0.6763131187086053
0.626548749751821
0.6825768893588251
0.7245652190605141
0.7004177672174787
0.6850929305742969
0.6679934269834292
0.7230620825689323
0.6874223221821458
0.6690583988035363
0.6777734816777566
0.7355338215961316
0.682158724751226
0.6879676141162002
0.7068609994912604
0.7258992143617207
0.6726564573655324
0.6892892583812431
0.7185142274255455
0.672159323079484
0.6588672115839378
0.7372856291284695
0.7316935927457717
0.6935977213023741
0.650583269004328
0.673862797478766
0.7125000434546952
0.7574926671771198
0.669615448912105
0.6977281112259972
0.7405704592064773
0.7389967961432512
0.7091539318642619
0.7825511991108259
0.699442837302293
0.7335663626954244
0.6959329233363077
0.6442245199433984
0.6516987171314078
0.6151078476362544
0.6866255960925638
0.6577346768259926
0.6847535424178495
0.6589297354103867
0.6883855265694365
0.6634106637571073
0.684813502507357
0.6987377896799831
0.7031812162351604
0.7153638763981424
0.6916253201139662
0.7025468731596812
0.7063830637112393
0.6919891884494718
0.7204967842767052
0.6855821988155469
0.6731617402924475
0.7019388948374027
0.6724606135477348
0.6559642230432796
0.6980980516927787
0.7070116747905294
0.7041150386847229
0.6841598490129296
0.7384523026716301
0.7415080391231965
0.7027229655619301
0.7392447257876904
0.6818245691372453
0.6806545051676535
0.6489589473415829
0.6955692349587148
0.6854244179937644
0.6906420409462783
0.6555728258489112
0.7165379752735271
0.6362320587069287
0.6956223593166799
0.7275265844956236
0.7180558056453247
0.679832706941131
0.7005132008716216
0.7337924925575592
0.692099519101122
0.7218723440703979
0.6942651526105588
0.6935281705604797
0.7097256133359521
0.7165060046139538
0.698862038593698
0.7414004052575206
0.7084588679774517
0.7212169621616663
0.6993108126995692
0.736034231161157
0.7068655891430967
0.733838997963476
0.7035820462471571
0.6885868486873346
0.6908735105062215
0.6829917803299305
0.699663120806044
0.6643074743742712
0.6675871024162444
0.7220455328849479
0.7496149694905514
0.7229300194913089
0.7225180529030184
0.6911502248163315
0.6730154416576282
0.6946364394984503
0.6968364990463756
0.6852126943984809
0.7243887360258591
0.6796350087052505
0.6798732728361316
0.7057740628564498
0.7494329783633846
0.7203165304002186
0.7458140063878061
0.651224904391699
0.6954747497565119
0.6763377870299349
0.6985476290625777
0.7056609735490901
0.6451261454899274
0.7073455949486952
0.6909896381255105
0.7248090148911129
0.6347791257235131
0.6869365093056753
0.6846062538475519
0.6675678062357117
0.6875683986934125
0.6838507915882756
0.7339702304011234
0.6990979448751118
0.6780095651968988
0.6758771529531598
0.7166624542518745
0.695977259806277
0.7030961338079544
0.7315265473650221
0.7280164473519374
0.7005740721268364
0.712156065435066
0.6811072943761056
0.6795364587581989
0.7346604585394667
0.7237653774140563
0.652179528066783
0.6865451149302915
0.7053834991544038
0.7030665695281146
0.6335502099860463
0.65744406654955
0.6125877559636752
0.7171256663944879
0.6937157301024552
0.6924331036267979
0.6781490971340095
0.6518544027335388
0.7136050427587766
0.644965103863898
0.6645003101932228
0.6654978967456506
0.6865711045782633
0.7307317992684271
0.685243472681154
0.6651770332693443
0.6859787033748488
0.6934630730151728
0.6709708324681144
0.7048288777528514
0.6250642356920078
0.6818085284276724
0.7409708000899209
0.6974628022304868
0.6926805446196517
0.6927196841222101
0.6898915134638118
0.669573257234738
0.6891734469535682
0.6590229957702882
0.6728724639616342
0.6707231105962731
0.6796285348878796
0.7143152950405579
0.6931179414475984
0.7081277596520368
0.6893439691855635
0.6862586061079178
0.7127228323346737
0.6726033486379681
0.6576244139707581
0.6540874865827895
0.701743024961741
0.7058864020667377
0.7047204737433559
0.7244533548820088
0.6792368647860866
0.6559061686473238
0.7112788010212261
0.6713053249677812
0.6967890411104197
0.6664526413834635
0.7294681659810134
0.7028886536342297
0.7112650994710207
0.7000625513658582
0.6520947563891438
0.7019487386585419
0.6724226153526455
0.6868617531090738
0.7121719576525555
0.6754959635801707
0.6807403116231138
0.7320912136529278
0.6888780240150475
0.6725443089072515
0.7364685046843644
0.6748926926132021
0.7089730573263175
0.6497294368193425
0.6816818933704835
0.6452325132732131
0.6063058620550249
0.6617743913041493
0.6375371612396374
0.6497394521733043
0.7137565374747603
0.6639454693859652
0.702933512247074
0.6654924743450865
0.7364638995892736
0.6859997785517566
0.6839940305811358
0.6548516722367522
0.651250342581632
0.6960483304663622
0.7114800044420035
0.7003825523855692
0.6758756908169326
0.6746637053808318
0.7022500378067128
0.671490378168666
0.6773316056847072
0.6857926090940681
0.716178887371168
0.7258868909080368
0.7490961084299491
0.6830397365052308
0.6962629047947
0.6979461280622755
0.6925029216528746
0.683215768290215
0.6372940275392072
0.6791481956211243
0.6493675740191603
0.6606056867681426
0.6425474574334227
0.6760643896168971
0.6962629047947
0.6786431224471207
0.6945140121622924
0.7019879051116109
0.697827381735796
0.6784807656284718
0.6838825824014807
0.7233080597767222
0.6678051778080348
0.7205993854844648
0.7335142763093347
0.6662024507982504
0.7312962914022391
0.6172549910215245
0.6430763037227072
0.6108819089932541
0.6273213033949542
0.5956083424583543
0.6407533559201013
0.6405805079515331
0.6640919708629369
0.6551210213370974
0.6683052762564797
0.6835095255905309
0.6531615699322877
0.6020344449293719
0.6382442888614486
0.6602796372146
0.6561295471386047
0.6681679170323288
0.6602679723815952
0.7314510162284694
0.685545660410127
0.6902252715399734
0.6861840721900385
0.7228677913263054
0.6638508230042521
0.650749083044756
0.636427903788698
0.663947731238949
0.6750459376831617
0.7482757241929405
0.655172513721476
0.6852890918445512
0.7174909877295329
0.6832466003389068
0.6806661054552717
0.7199458890141521
0.7528468728066304
0.7884484313930555
0.702254801783629
0.7174529390048845
0.7211128344637824
0.7356471629985819
0.7311169069081456
0.7057283194500534
0.6654632786795343
0.7151556295589608
0.7201797456988211
0.7663436159868452
0.754097573772355
0.7195493087915944
0.6791864572819003
0.7290512930407059
0.7428478805549481
0.7428305729780214
0.7174889493506232
0.7352680752827021
0.6968757292200531
0.711847445365763
0.6844345030278196
0.7233407788397582
0.7114280393064637
0.7294780739343414
0.6782786571606151
0.7177835124696045
0.7040243260714493
0.7268876065956432
0.7197279423632322
0.7556018049345786
0.7306597507646109
0.6848092821957594
0.7017555877881541
0.7328238205313106
0.693273240069748
0.6862202739089929
0.7465681460379945
0.6848172127163771
0.7792248291340558
0.748147302185192
0.6996469153651269
0.688904410442954
0.7516161118421493
0.7462841077156155
0.7463085551150749
0.7407588835308435
0.7612445981747322
0.7274759976951284
0.677734508916241
0.7570081238181867
0.671853404621883
0.7140608347649711
0.6680191202649888
0.6681535446342871
0.7228754610358589
0.7085999161048102
0.6819915523455364
0.7133063527622985
0.6903278865969161
0.7648144839843819
0.7667151756580106
0.7302797436639682
0.6934915857421562
0.7202413515038727
0.7415991443893484
0.7683942300386262
0.6931045897934247
0.7323185825656188
0.7348325708383857
0.7060378347468881
0.7488671336229372
0.710300944073637
0.7497211584417496
0.7081284458619914
0.729965308792611
0.7472775997167886
0.7362176120656089
0.6520947563891438
0.7304135557190636
0.7141228493642432
0.769895006405573
0.7739046631604038
0.7813197901517899
0.7374780833013432
0.7532128260902284
0.7129228412329133
0.7667590616096691
0.7612776761863954
0.7590401057349578
0.7442192090567317
0.7169831815594748
0.6990871076270039
0.7637707621793635
0.7415871036623644
0.8157112102860353
0.8189025027491488
0.6573459914458478
0.698065281860629
0.832228270295027
0.7743710870263073
0.7292320923678107
0.7293290703432828
0.6580210777838447
0.7473293675821684
0.7741063158313151
0.7436632624262582
0.7442111204214813
0.7383465965435548
0.6953364146625732
0.7170145568923132
0.7257309077281202
0.7283928964167514
0.6904900170263432
0.6806184082481516
0.6744130742790446
0.7240660051864344
0.6480148461273743
0.6552424037062331
0.6367504042771601
0.6781347533586941
0.6366936800199778
0.6714279569746856
0.6836200747385219
0.6706304530348122
0.6871846442920309
0.7011219302088545
0.6632748309893346
0.7768722401306106
0.6667871767046935
0.6932963021108303
0.7118517343621102
0.6896702200889698
0.6943458390556297
0.722435866296262
0.7099664055601603
0.7201010101680465
0.6309286992289856
0.7078771691164035
0.7546833598782168
0.7212183013800748
0.7412209264372014
0.7441800853579198
0.7183922887943749
0.7437765714782208
0.7280927832614458
0.7183679142732899
0.6888198809259698
0.6800116007573382
0.6829232023421119
0.6870047983593079
0.7072492873715511
0.8029095965252789
0.7244968035421929
0.6343385687857527
0.7899005917242667
0.7155118917532902
0.6885347885870386
0.7576895191868025
0.7046286639338238
0.7146730325066823
0.6918391971958985
0.6915138005788697
0.7102777110317812
0.6970685513271598
0.7153407680813721
0.7747353988810529
0.7207508949813478
0.7152328488470232
0.7011947771064004
0.6798459670894947
0.6852244401479912
0.7124178124022631
0.7115727621982132
0.693903867080412
0.7506429820222411
0.6864165104857792
0.7515915693116749
0.7270942149138123
0.7003009709198617
0.7161632968354343
0.7396510213908453
0.6595610727704004
0.6581337998746959
0.7437468731383423
0.6900953740809836
0.7214089803944553
0.7077253651950957
0.6718605385851866
0.7131088085656383
0.7394891656028457
0.7111508873073432
0.6450850040552791
0.7184112980364241
0.767147941343302
0.7153004698077214
0.7190980681075142
0.6784618157367998
0.7151668761000269
0.7064424284763705
0.657576266636332
0.7425970257317728
0.7744727119320799
0.7064424284763705
0.6666289777094666
0.7028497120516578
0.6770856393187507
0.6968155551752356
0.7576191250385248
0.7024663356083454
0.6813101263334578
0.697335700101388
0.7502337385486604
0.6984728127499565
0.6854907119316752
0.7119549042870055
0.7345429997082678
0.7386799963927894
0.6904369979596926
0.6963920273179273
0.7070045416531717
0.674464725902575
0.7192983258295199
0.7627168441539364
0.7224147707255049
0.658841483821112
0.7127011325834607
0.6876670802424988
0.7161846220740492
0.6892134771259004
0.6850994064681492
0.7873545350392688
0.7093211420534757
0.6911412689783415
0.7830863755134579
0.6443741288477122
0.749188245532498
0.691337430715342
0.7342412297701225
0.764113559016103
0.7289120672091486
0.706711612512118
0.7198019690788048
0.7122786675851043
0.7720391319001124
0.7527503301547473
0.7692493578605785
0.7188108112546352
0.7290098979418302
0.7029048582672839
0.689260921938878
0.6977811529478382
0.744785407415334
0.7215506992985771
0.71831374318704
0.7245941359916382
0.6278759211084716
0.7037810446151099
0.6425890608285885
0.6516347384259956
0.6864780976384737
0.6567116221912666
0.7191918115002128
0.7361147366008529
0.6830093233252735
0.6728733327438505
0.6482766998041919
0.693637777568774
0.7580865422716291
0.7050202046023356
0.707328276853141
0.7330672749932904
0.6806565020052179
0.6476196068707604
0.722197055068873
0.7197931006040998
0.6736336113093014
0.7278408743043094
0.7183584695336191
0.7428523519012491
0.7049313654772648
0.7224224564342406
0.6979361137921165
0.6524361134375694
0.7263680997802553
0.6184917337010171
0.7246272705233524
0.616450569037645
0.7110618946859084
0.7214320168370322
0.5899444929776114
0.7159496531983767
0.7077824033755443
0.6793186196586865
0.6723038117198513
0.7495951952611712
0.6896650791438728
0.6871414482604896
0.7563435507473655
0.6958031785679414
0.697726336562277
0.7031561919028498
0.7373475920462927
0.7205059921870942
0.6883730174712753
0.6154821967497266
0.6090719281478343
0.6790739169464362
0.6683381486638393
0.6177325537033705
0.7232415243303869
0.6233506896742763
0.6918882475793531
0.6711460417674098
0.6390309925246376
0.671419501180784
0.7662477623849153
0.7986230648362901
0.779760100510799
0.6351553476827558
0.7020307776107122
0.7109196303082626
0.6837917876583246
0.6837464245209489
0.7183616504689078
0.6804835045755016
0.7129144074706358
0.6666623853210376
0.6872295939960632
0.6502604526224534
0.7348957312908482
0.7210535452212173
0.7084102372770441
0.6390057914060502
0.692792912004754
0.6825794149523541
0.6508295981263211
0.6977758765591687
0.711066204837189
0.749177717167661
0.6956475004739799
0.6597223599866624
0.7660406251808137
0.6929512252904158
0.6768236623083324
0.7347889485539183
0.6946650864016036
0.6552322769025049
0.6741313044980185
0.707104939250755
0.6472911675206996
0.6819828554068069
0.6532735188386269
0.6980371659194436
0.7242485086535758
0.7181262628994485
0.7021683752222082
0.7378909327439509
0.7362722586189713
0.6877913484745525
0.6957716138753282
0.7055225865447077
0.673129392192279
0.6860870160197428
0.7017064031460095
0.6386293861024689
0.7376142261038456
0.6696901634690029
0.7027581924573799
0.666847207193148
0.6757268240395926
0.671432037667618
0.6584404624515544
0.7040590276883789
0.7087333401595206
0.6632490830544058
0.685453529969702
0.6522513752515648
0.7095119986033478
0.7005169503291616
0.7370552781063694
0.7432016463565668
0.7497352405981962
0.7645668304491255
0.7689488817369421
0.6953657323282217
0.7464560910560296
0.7021820632928971
0.7695058686764433
0.7066945843461355
0.7069906182900225
0.7274031393995583
0.7221898381237504
0.7241047603172259
0.7760218609456724
0.7158895814834817
0.7036931721874365
0.6773075178956197
0.6582421352845532
0.6436568283905026
0.6751607821258042
0.7287841552922084
0.6206877988430286
0.7055448060613823
0.6974859791246023
0.6871728317291401
0.6829246932136565
0.7101956666580368
0.7069903287647697
0.730867316695877
0.7022955190714376
0.6624643017909366
0.7149756989819646
0.7131261541368473
0.7015930457308274
0.6850105966075889
0.7225867439409726
0.7302663178349834
0.7294915884746139
0.6644475896074331
0.7060660834785552
0.7132719087914292
0.6240919132380867
0.6732181137925902
0.6591705228325981
0.6706723788071447
0.7722206413894045
0.7431561314623744
0.7192210835956953
0.6892143778142122
0.681238406994652
0.6831072922473783
0.692969284712683
0.7158348661733976
0.7307857924213118
0.6961155360427459
0.7240657196173215
0.6238726032059299
0.6674414941594794
0.7061625641551222
0.6709403432296791
0.6548439791491308
0.6628078360774214
0.6538139964387792
0.6724001480260239
0.7090180258974124
0.7397347205604852
0.6774993534250874
0.6864116426082135
0.7107084229996594
0.6341067403635893
0.6732512155933914
0.6925201735942775
0.6620243441697351
0.7256522261497107
0.6934485363357188
0.6666874113628694
0.7059719368256103
0.6813960048241521
0.7040203585407279
0.7072502090311883
0.6569868081767849
0.6486455399783142
0.6919133932562422
0.6898071222801007
0.6864129661370427
0.6470524386711424
0.685643838965301
0.6870516460890269
0.6592629291179114
0.6697812934435609
0.6899290206185874
0.7162810742714197
0.6744377216120452
0.7126545811915664
0.6438480459803407
0.6876425966891438
0.6809835443696997
0.6852917753539242
0.757072851570663
0.6463394868736289
0.6982881300824714
0.700007741744455
0.7186692367456998
0.6687245276640322
0.7098337498457401
0.6758929842876824
0.6751770659992552
0.7388070401251772
0.7170361192706494
0.7082599828369988
0.7247763125522705
0.7232739793750412
0.6208647189970147
0.7636724516277816
0.6979205266378508
0.6957674336866593
0.6960028166621919
0.6382577922196853
0.7444806267264401
0.6985174559179993
0.7231232468018431
0.6940103694244169
0.7790301845394526
0.7060411854741208
0.7730469688077188
0.6971903767737141
0.7393743925773406
0.7573820900968318
0.7150503528756228
0.7138296198637887
0.760569203405052
0.7435718186328766
0.710259724275487
0.7021634797409413
0.705924065592702
0.6942085936719522
0.6412473105547203
0.6719934371646972
0.7032216207744914
0.7174057735678135
0.6753453310049627
0.6918704017028455
0.6882689781570852
0.7324993429939638
0.7207862544005292
0.7453835191404948
0.6887822134898177
0.7014550785425289
0.7243502827121377
0.7150074671114702
0.7167028674789254
0.7289949868953132
0.7276907755118308
0.6774898698429902
0.7009742761129548
0.6836872920676942
0.6884872416314529
0.6586903722599383
0.6943041486818653
0.7377567259917036
0.6491105574221345
0.6907764505553735
0.734508052984396
0.723394934537759
0.7309812453951537
0.6922156092189069
0.760112324395268
0.6752244364854825
0.770113170668423
0.6990957838082713
0.7119697612714438
0.6725618662054932
0.6938963153599015
0.7215529682095257
0.7168959577147054
0.7607289838203015
0.7287293923809887
0.6910284917708915
0.6782858304020086
0.6623289525764876
0.6912299793278533
0.671872190983821
0.7060563596737879
0.6882701309023259
0.695121925117788
0.6788002900423981
0.6855691001262253
0.7269595226585465
0.7096059063303488
0.6927924445087915
0.7152777833483218
0.7305258951486442
0.7306654962753956
0.7331007978671557
0.7320925458490513
0.6927877957691977
0.6650628304063689
0.7387290129824002
0.7051542666632058
0.6921185694880537
0.6892992888148851
0.723039355534939
0.7182736701698365
0.6975344580403846
0.7207215188875384
0.688095821843994
0.6828922415792392
0.665824144788057
0.7299934300418287
0.6718809075268639
0.7207915644935714
0.7157099460826039
0.6922795712827733
0.6837327313911619
0.7212191094407545
0.6812393653343092
0.7254262459051751
0.7110110064372588
0.6236480730808114
0.6932020031323561
0.6711074701084392
0.6859242280211398
0.7461904356040934
0.7042867779201997
0.6754594019188838
0.6768454692876084
0.6784215034483884
0.7186676064621923
0.729588365376712
0.721738969527901
0.6974470456514777
0.6886176953736701
0.7283341842659908
0.7078390288343028
0.7487433787540573
0.7083911610006748
0.6887405690420605
0.6748181225094132
0.6894347506823614
0.6888928192927233
0.6980790138859727
0.6632355083718845
0.6981065874252651
0.6723916123790726
0.6566406861082248
0.7201398056363654
0.7054883812315172
0.6746328396745579
0.6552373371430527
0.6540700241801951
0.7262209841014667
0.7444008265184436
0.6710366177102622
0.6814837273674358
0.6790642621811375
0.6659246234070143
0.6805316591581336
0.7150991455873686
0.6764759610547472
0.6600668060707721
0.6925587002383196
0.6733271986670653
0.7013105667458991
0.6641344625222315
0.6537942664015152
0.693046985876418
0.683003628239282
0.6794353868187875
0.6097447688625098
0.6142042908621357
0.6673831980816375
0.6082726665088876
0.6313851308865704
0.6061511198966577
0.604376581907027
0.6684986965521992
0.6449922036058279
0.6404656428106726
0.6099677560850234
0.6789957030123583
0.6416896138302133
0.6610705215345081
0.6781756088504415
0.6296307423220835
0.6627333953840504
0.7069804108927015
0.6474769060843323
0.6534694793536087
0.6139884303818255
0.6497137700217376
0.6424528598461128
0.6573786489428072
0.6638713750900278
0.6363874220581711
0.6545680682296299
0.6617196184147637
0.7039145792833212
0.6814106733676941
0.7554738095874282
0.6808615165392845
0.6654636389764572
0.6940812487251973
0.6519558776931296
0.6933823935789185
0.6684739759651533
0.7036236981094044
0.6120207307282769
0.6713843455787616
0.6544943355586208
0.6914425313803115
0.7080038645299425
0.6655328890051523
0.6387512334522866
0.660376128358893
0.6763489527554946
0.6911398775827816
0.6442538155988907
0.7176791835958265
0.6656588325643352
0.6170667246882238
0.6579785950804404
0.6593541134518458
0.6070341100092825
0.6749708274750766
0.7053806638766889
0.7380799900853893
0.746148558508942
0.7232988419440729
0.7341782466127198
0.7499194691242319
0.6621233274546778
0.6993845147953821
0.7344086562585378
0.6297266692502786
0.6783903374923751
0.7131281875283576
0.6891876658999844
0.6390749058315589
0.6550220417684594
0.6753020830532028
0.7349349387014961
0.673606437759221
0.741861268692196
0.7150142859916941
0.7024115320922348
0.7035251686386648
0.6545507033750474
0.6441713495834966
0.6405290351048136
0.6800240609710368
0.6339547343602613
0.7127565136685395
0.6865896453679801
0.6318349655924875
0.7045522457842281
0.6485088408691662
0.6790269948594059
0.6627790183237174
0.6925807784202627
0.630877987406328
0.6577416241801111
0.6613005843539956
0.6882224062655631
0.6723368372024677
0.659348813574428
0.6744087614810926
0.6939195659181568
0.6986000760581429
0.6805462788204
0.7132203723681972
0.7436961118759136
0.749584628321139
0.6931868373048076
0.7470281637003184
0.7107808795955056
0.7004661682477188
0.7690045708705585
0.6618783360675898
0.6950227427094594
0.7371679881311882
0.6816029139890343
0.6718931843240773
0.7187346868195359
0.6342652772328659
0.7213036901627397
0.6582803243150039
0.7072614831485932
0.7285080348048076
0.7236910661973764
0.7173628479335401
0.6466111384853624
0.6387640045750095
0.6385911025585996
0.6153105347342452
0.6798891966577688
0.6691304282924353
0.6795191857644783
0.7217002450568413
0.6616827711711615
0.6875735259216973
0.6637014026772092
0.687581624015181
0.6830967255475237
0.6660222843602136
0.673236892595843
0.6620809966633064
0.6615001045082751
0.719239579844587
0.654275525121311
0.6466290670851432
0.640479937119674
0.686559368835606
0.6589058186908685
0.6624628458556069
0.6945422031276652
0.6922317005205619
0.7461812467680163
0.7007502663194528
0.638272207455679
0.7280798527537872
0.6870688424197499
0.6130857606578346
0.7003813782822401
0.6504489623775155
0.6695083481039249
0.6141923059484008
0.6984966475229993
0.6836716842709889
0.6655456084767616
0.6456124589794013
0.617480482998052
0.6563637569992005
0.6795748708983119
0.7300103001681907
0.6485183188052623
0.639818012288009
0.6650651292817056
0.6518852745820113
0.6883456466742897
0.6406287160410337
0.6309203978738502
0.6437510648367561
0.6809989048294892
0.6710405721401009
0.697669512833743
0.7150319129304067
0.6955331099145686
0.7179660561274598
0.6838737003685746
0.6899584189328898
0.6441137646921703
0.6502577758362004
0.6923068342322228
0.6184876391708197
0.6362830100395712
0.6643821793278571
0.6674746905212882
0.6682477223156715
0.6395719614424168
0.629346724012613
0.680491548931433
0.7245644245394427
0.6743005359150769
0.663004432754204
0.6705622164474193
0.694624983149868
0.6979869242418154
0.6657610640809491
0.6902898172796069
0.6811737988557397
0.7223637929503075
0.6697640673868666
0.7238419782327291
0.6296077903992796
0.7205031406203608
0.6836310090030463
0.7253728217770552
0.6479321617636632
0.6566969306148377
0.6971140277885935
0.672142206812008
0.6488494520789274
0.7042793344915695
0.6975519259336245
0.6699931261372356
0.660453446401595
0.7181187740834493
0.7070203096113709
0.6888145422738048
0.6920008226385713
0.7046011112344293
0.6722073218982625
0.6623040696411231
0.7292487225201684
0.7595703499703774
0.7465746448320362
0.710044640380272
0.7174284240560689
0.6926126842542433
0.6690994699822614
0.6577870460931287
0.70600443268902
0.6249896086261431
0.702121660258337
0.6172744964571687
0.6815452736426653
0.6024666835034053
0.6104612427567929
0.6593916983944589
0.6522149011445793
0.6929839946224954
0.6679268392832008
0.6178351849880701
0.6643512881676367
0.6430849131336033
0.6335991626853041
0.6672402308396033
0.6809370449695907
0.6669411568161872
0.6586652167096448
0.6298712068269027
0.6709766432119995
0.6744430894431382
0.6752682043324375
0.6451559994883267
0.6441754794241715
0.6802395778692997
0.6300225669775504
0.6893913975006885
0.6670766308637948
0.6866897822991194
0.6015671249012193
0.7114472454350448
0.646664607499184
0.6534121828607762
0.6518079284522406
0.6585817095585631
0.6181384931823708
0.6704562180227832
0.6453754449101728
0.6877206257325563
0.6535439702588658
0.649297969873338
0.6650966027168999
0.6025440556975101
0.7304608192313904
0.6499951099330445
0.6750189483509526
0.674848585849519
0.6155278520698583
0.656037199695725
0.6636546188283323
0.6442406378813236
0.6952390471877411
0.7298246970857111
0.6735236968414053
0.6848720649695544
0.7255271623514613
0.6959041794377843
0.7044490516316415
0.6829813795962778
0.6848463857645766
0.6846320218018995
0.7286964794954185
0.6828659849854218
0.6988962875083354
0.7065617662321348
0.6846848696695612
0.667679912759621
0.684980439242549
0.7028169940047859
0.7286044875483791
0.7212605422291228
0.7077165997992422
0.7062485679843834
0.6908223031305261
0.6957483455691853
0.7013859164983319
0.7077165997992422
0.659815885292476
0.6792147888456855
0.7449335960380656
0.7084737152419719
0.7093642732293997
0.676696884321529
0.6638069809174642
0.6905277965482598
0.6788690028388689
0.7116284231473016
0.7013865073791106
0.7090157790636431
0.654287612757356
0.6497366860787902
0.714449075905316
0.6946557699814638
0.7145875188144135
0.6837902825818006
0.7069010583397801
0.6903568589366428
0.6767999607801644
0.6782704723493949
0.6996539154786343
0.682878379558719
0.6800259259046414
0.7033212387181665
0.7071253781212918
0.6986223036482029
0.6784489475668464
0.6777869419366391
0.6976411463521626
0.7256346611560025
0.6997975567245398
0.7233482945940455
0.6913542063228963
0.7539130866185065
0.7340559384242035
0.6880497992962368
0.6803588820625295
0.6620933836825658
0.717588821485558
0.670077720105201
0.716047141637043
0.6688689229451569
0.661369808272459
0.6597559997580751
0.6858082499929674
0.7071723749021819
0.6661242744514936
0.7195018298162074
0.6712925989063251
0.6894542387669642
0.6272600919164577
0.6250220642681233
0.6894951692903117
0.6974210703488974
0.748009288474698
0.7781702196590039
0.6893640765974156
0.7529962407864224
0.6870142175864462
0.759944148510202
0.753804084331535
0.6569634574970922
0.7162678921611554
0.6541566336468916
0.7099512217636699
0.6955274012195146
0.7606518250320902
0.6988515544527321
0.6801797930307527
0.6810766833162187
0.7248949141907844
0.7343154037914055
0.6801881329224749
0.6803189731646361
0.6821073513137259
0.6216493728177614
0.675917859266944
0.7227992188822655
0.7153811464960937
0.6281969006306715
0.6496790507845596
0.6843426182729002
0.658596773461895
0.6725991589040493
0.6416203540726387
0.7497126380209331
0.7462800187455019
0.703607162875745
0.7157923964896409
0.7188708918160356
0.6726492975507684
0.7126456180130413
0.7084376311467309
0.676776825682135
0.7215713762268022
0.6776658350460691
0.7599218898185282
0.71731089572932
0.7227994947707507
0.7030014151852091
0.6970335604870271
0.6837322075763068
0.6379450154064438
0.5994704245051832
0.6449040311474693
0.6492722125905305
0.6307381416846399
0.7067749849514264
0.6852947392912148
0.6690005831404688
0.6564232600663982
0.6981467878392308
0.6941350629524211
0.6369537535289124
0.6903131030289558
0.6613175991648694
0.6609141495868124
0.6708368227903262
0.703935484110011
0.6584879092216128
0.7436287130356521
0.7405299392160868
0.6471542890963145
0.6706031682700843
0.677567860985969
0.710083594763805
0.7370636741094242
0.7087271208416778
0.7460552067584679
0.7249821274636998
0.6660518128838953
0.69012231642771
0.7165339741265879
0.6879439319337614
0.7222753117888399
0.6283666898691841
0.6906301999835562
0.6862472349649251
0.6928388805759726
0.6684739759651533
0.7036236981094044
0.6204587315350486
0.6716755513975946
0.693711205253915
0.7272760915929878
0.6871731496503127
0.6655328890051523
0.661101025393285
0.6615277236417552
0.6911398775827816
0.641320703319003
0.6470638008296551
0.7003064241266233
0.6796739982746667
0.6698287411418958
0.6326480046844852
0.697245752006961
0.6829649524121777
0.6650751679112843
0.6941344641900865
0.6740311254294111
0.6911574465938892
0.6466807257507733
0.6736190081858361
0.6249771178435406
0.6982351153980203
0.6466807257507733
0.6736190081858361
0.6249771178435406
0.7125731300667355
0.6455416018074609
0.6761568968698953
0.6481170254232965
0.6497963324612334
0.6474731497959509