0.6273045455704757
0.6102717292582052
0.6357072788912574
0.629162010726949
0.6395807311361238
0.6221462175016764
0.6011410625789728
0.6095288421433297
0.632045491297898
0.6152268024928421
0.6624915902979556
0.6024688865862893
0.6208430816710511
0.6240735609126585
0.6483612851988271
0.6654115917254353
0.6701132600976738
0.6713820586313269
0.6864456709600362
0.6523161785147579
0.7126936772988904
0.6930446953261328
0.6961427996578796
0.6621901907662748
0.7012372266118403
0.7213255910260193
0.659068322749826
0.6930796367148433
0.6638533561817495
0.625264794375204
0.6898875250231762
0.6998026847609949
0.6070407301029779
0.670449278272054
0.6570908958436211
0.6603955089941159
0.636548201887537
0.6096976120485385
0.6341626352245378
0.6513063992143225
0.6984142628494626
0.6238034007694669
0.6944433326618535
0.7088221159925014
0.6612588011843218
0.6226168649108792
0.6512623072532792
0.6013278198866303
0.660836929375707
0.6238157587551586
0.6596699276648186
0.6588433598495563
0.5986159002009865
0.6600536346504563
0.6469029488520596
0.6295015841842865
0.6737056081596033
0.6625036034184537
0.6168666604971011
0.6227430143162052
0.6265040862428848
0.6265064273862159
0.6945614951175564
0.683796002044434
0.6484556576184074
0.6938997863858529
0.6293499943418294
0.6442509172471217
0.6659719119663773
0.6587212994833265
0.6942318243741966
0.6720981734117359
0.6120604975423342
0.60474212468704
0.650759957953954
0.6773541399328059
0.6444436627340653
0.6693887475513264
0.6876143017418958
0.6258577606680654
0.6536865762391565
0.6373579678790515
0.6720887107727616
0.6577198762358184
0.6719828223870097
0.7104653770320382
0.6462273049325641
0.6948604750209211
0.6654399256793053
0.6904460744956836
0.7405388966059234
0.7202600426761218
0.7259096872316564
0.6648777640710938
0.661195347209008
0.6546624000139722
0.6643463201507583
0.6342228022298818
0.6798634580041959
0.7009353147622257
0.6371506588589573
0.6641760067287423
0.664049313483931
0.6862415812796449
0.6593457536843763
0.6836931117870452
0.6359391907068503
0.7136712667840056
0.6617344181146785
0.7156099701279975
0.6230134696343781
0.6620306636939818
0.7175647161626599
0.6952348219939674
0.7002282370391808
0.6208518438965901
0.6515098395180859
0.6745148746164393
0.7041813814796721
0.6835336541923652
0.6674414464358269
0.6703187843348251
0.663272849285426
0.6508280551095154
0.6862636828907636
0.69755434378088
0.660467477996596
0.6897789013464997
0.7006848385421014
0.6496571699460544
0.6961963368645345
0.6571675091152788
0.6928885582032105
0.7207956864823193
0.6565797169708945
0.6179733125217632
0.6926108526760499
0.6644924519906134
0.6957338913072835
0.642894579655508
0.6961706783760488
0.7274632557619598
0.6711623638580381
0.6663349567267368
0.6484676969212774
0.6602516273627458
0.7018126909886837
0.6704330232313945
0.6815987993777274
0.7257819936921093
0.7377071662147572
0.6478259144970161
0.7131049104531099
0.6897752952016806
0.6873553593247901
0.7078066161792795
0.7156331398233707
0.6929430823316876
0.7301268229041213
0.6911720691983865
0.6559560938434451
0.6594059776977357
0.6915513267877729
0.6233964051712585
0.6406949920666514
0.6588642780649289
0.6929414024658848
0.6683642586482654
0.6575289144152362
0.7242308862808119
0.6509024462029362
0.6649406081270884
0.6349741586684632
0.6434787302954177
0.6961577163082975
0.6465680784491933
0.6954909236153826
0.6800501085333799
0.6787892305916166
0.6902032661955951
0.689989587745604
0.7361159762460653
0.728769699628845
0.7315502091518693
0.6927425352066467
0.7350671610309621
0.6233008725816551
0.6633968761307348
0.6821762790788266
0.6534211560626868
0.6684900232084192
0.6529398584715193
0.679776694117409
0.6382296113335109
0.6545051290209253
0.6170778789494893
0.6548561233864043
0.6544873590611366
0.6777113264561225
0.6622571090091023
0.6863186549392719
0.645359071538204
0.6063200659992761
0.6743909356061973
0.6557742060936543
0.6969693079326092
0.6479075318397631
0.6898124078988815
0.7014392816620021
0.6530571186208938
0.680938160509753
0.6603391953177322
0.6540468002015465
0.6090137407314197
0.6653896991045758
0.6663057428791581
0.6735869040813809
0.6534300104723156
0.7195266128237595
0.7075007752527152
0.6827064469666942
0.6448814193572464
0.6925595015560575
0.6596650940425298
0.6521558412302153
0.6935837755515115
0.6735747044401208
0.6933814668584839
0.6486618527628654
0.6385808676563025
0.6566869982366706
0.6388591773786908
0.6607262202996121
0.6690756214880098
0.668709055342389
0.6963041154569418
0.7385848352428828
0.6607053081201667
0.6377187134265134
0.6693136363587306
0.6225005516610638
0.7062322395728062
0.6934851361234168
0.6726232962381691
0.641491045436513
0.6591700949986025
0.7085414568529318
0.6899014574123434
0.6555971259372619
0.6620349737562556
0.6893806750555578
0.6806968896438381
0.712024790583548
0.6994039818034332
0.6400210839203061
0.6667503997203954
0.7114074542499362
0.6849019174388361
0.6856617902802848
0.6651230586206801
0.6599324040805791
0.6809533669049516
0.686547554837779
0.6817465794152625
0.6733944006188508
0.6796079631256602
0.6613902573495255
0.6789373141920457
0.6784776767590861
0.7232524749096001
0.6638869915665561
0.6681989649914124
0.6562217199741363
0.6716332020685758
0.6760158454211952
0.6682036430489666
0.6216007562954061
0.7025656272997362
0.6941122472203832
0.685744885074204
0.7154905201233686
0.6939797068741779
0.6872042294690727
0.6655343110266086
0.6794049966504211
0.7195605169976272
0.6680561998406774
0.7075908132132368
0.6941067255147505
0.6455807348290543
0.6762344375140243
0.6974598434195435
0.6777279744579423
0.6037088042765003
0.5901535523155511
0.58661637296329
0.6839586822742891
0.7047061605895069
0.6355716647121893
0.6705336292222525
0.6517685638679652
0.7375351158298481
0.6756178957245753
0.7232140565652042
0.650913253140544
0.6679791273149621
0.6743213402498112
0.6809004793650021
0.6987855325806334
0.6600101751413806
0.6567377497619942
0.6748870542876829
0.7204191711287758
0.6661861337938048
0.6945329761356848
0.6977185791898706
0.671914714582048
0.6939587271714099
0.7112973354747846
0.6853218293400288
0.6799077872497131
0.671389442400682
0.6744523578795636
0.7025505745332001
0.7299740145777428
0.7242961975370559
0.6992040683933697
0.6673128713822833
0.6633950669759844
0.6979748299485685
0.6615270032754442
0.7087125640601283
0.6609603446594129
0.6861925743085538
0.6867254723673288
0.7088177642879152
0.6943822138053362
0.6195903356271794
0.6866066058589859
0.6733966818191177
0.6710341556732901
0.6742548747333467
0.6199691677139019
0.6653386312087994
0.713833517530013
0.6422288321315102
0.6901516761278406
0.7104293837985581
0.6902918870516284
0.7025598558272381
0.6949000159006687
0.6783026256057717
0.7069053584572123
0.6579545218346639
0.6507195124626033
0.6905838029595878
0.7199827640154588
0.7011879915287725
0.6611589197546749
0.6903715292770052
0.7413113093815155
0.6626403111159095
0.6413154338658021
0.6629112761105289
0.6842526250993206
0.6399840147903375
0.6580206374287325
0.707662236196302
0.6746729499628173
0.6391600792705684
0.7014903715787794
0.7355099559394371
0.7053794307960929
0.6500401821396269
0.7210230268577763
0.7103855858439172
0.6806679246250391
0.6318150979825521
0.6716153235122803
0.6845172393975574
0.7130601735654247
0.6708221731175837
0.6536512154652717
0.6899275068283142
0.7409236079945607
0.7301514993856256
0.727883541509457
0.7410373286254068
0.7112991505055568
0.6924257949387053
0.6761709742222525
0.6515906978361311
0.6249168131382432
0.7053372389801349
0.705698075413256
0.6838770289635157
0.7075874040210549
0.6766200144733662
0.6939653499459302
0.713716604929974
0.7224210666561997
0.6952432664264271
0.7313236962291907
0.728910209774297
0.7254056283302092
0.735189444801993
0.7169252390482463
0.7333758252635854
0.6886284628430891
0.7184592886045736
0.7063630723393806
0.7158373664421134
0.6859478112325592
0.7569702996531247
0.7250386962248117
0.7481163674727189
0.7615518794137431
0.7372812165867536
0.7371480942857707
0.7491161221127192
0.7492591230744964
0.7358670541373004
0.7184285067811421
0.7008949633278938
0.7719434528314275
0.7418376396545006
0.7106822554594658
0.7146736223663273
0.7260111594997138
0.6256902637785556
0.7041990290609682
0.7329215370845498
0.739484752147481
0.7142460753876685
0.7112488249722873
0.6985899174954753
0.6921852544924573
0.7261338326228428
0.6865737430811623
0.7066906751009263
0.6997501610448491
0.7038479612126952
0.723804527669298
0.7339231795534501
0.7015886413447849
0.704991329904543
0.7352375525187895
0.6875971795545643
0.7072085129844726
0.7305809752120573
0.678224155690541
0.6940641823347128
0.7027037807158149
0.7356843476662434
0.7253310736372791
0.7008539773577599
0.70434412478949
0.7341820673767174
0.7100714948413657
0.6983813026204314
0.6960918072504374
0.7043715117310111
0.6771045599175718
0.6988262560283452
0.7288197303401146
0.7008648326547052
0.7583041926998334
0.6890975149444195
0.7604668515059154
0.6699702600949679
0.7208700072642797
0.72843084700816
0.733421729299792
0.6507842964236117
0.7511788300532626
0.6598795392372556
0.7425715943438639
0.6923400481674848
0.7254092290872389
0.7449568819789382
0.7265671107607407
0.7295185731883486
0.6612739576710172
0.7162791598618045
0.7258039974837247
0.6896139972252084
0.7154678700471546
0.722954813094856
0.7221150407576102
0.7465587697074538
0.6937210576023143
0.7138308094998429
0.7620343501145521
0.7160377115131566
0.7690742488167571
0.7744658887826897
0.7292624547552945
0.7070519393627803
0.7587239564914563
0.7276828765440986
0.8143228876437578
0.7655015985875506
0.7471964253676914
0.6992087589667566
0.7871187972185515
0.7431118594869827
0.7379285471754353
0.653607891619976
0.7849891932007854
0.6699136861118815
0.7594832701256308
0.7472108748052033
0.7632483254195642
0.6750617442711305
0.7465039526509908
0.7496618456298602
0.7412078474226269
0.7108529577489695
0.7129024132110792
0.607342443616198
0.7575014310050806
0.71092172967875
0.6869861010777918
0.6824354887434733
0.7356177914301159
0.666102418961936
0.7499889252388213
0.6797721741633885
0.6404276703789462
0.7867317277485046
0.7929484329567156
0.7891096855806193
0.7616276096244458
0.7241949911001359
0.6311009252571224
0.795296606290812
0.7181240811164153
0.6457522126923659
0.7416085103966179
0.7037759916732161
0.7026743886417149
0.7597048554855967
0.7148587377280394
0.7645434949439938
0.7041189870133846
0.6473019084463998
0.7183264747782165
0.673051781123066
0.7448877264693993
0.7966051636049416
0.7086592476222747
0.6777584156897486
0.6934420373488236
0.6850429004904204
0.7185488518486804
0.7287377883209287
0.7219852733008985
0.6703846067002278
0.713002844617588
0.7332963436654345
0.6688853102221888
0.6856180487777725
0.6691491927260536
0.6817685284647137
0.6930202539811346
0.6630833302342777
0.7409953055078956
0.6479803713062808
0.6395770382902644
0.6503357840983301
0.7488557880393422
0.6967415660869548
0.6785235382982387
0.7478046167542979
0.6906677446976843
0.7056608968598
0.6275547361933356
0.6831811336867532
0.6497423926451388
0.6538354007994044
0.69428447420718
0.642669044133638
0.6218275222186105
0.6974063733799926
0.67998779463694
0.6958487010392975
0.6988567512792846
0.7392857687299307
0.7195392008632526
0.6923334340282808
0.6773294656907375
0.6700803681347179
0.707474048676774
0.7189803658448171
0.6557524417859815
0.6791091983650971
0.6988090793845799
0.7562021040393098
0.6864371790706962
0.7425194794658773
0.68191953922619
0.7156364503839238
0.736264546182539
0.7070001523552778
0.7086480393607655
0.6282350588755544
0.6888340423497821
0.6899490253230068
0.645668068440042
0.6664066773751258
0.7101514478358716
0.6596041676879127
0.6851333911714058
0.684342484781708
0.6644827838498928
0.6282350588755544
0.6784346556281372
0.6998449491172605
0.6693756179228341
0.6627231250300649
0.6827657589156412
0.6152156425757389
0.7247838362252934
0.6914958966724741
0.7322716758439057
0.7159687812390129
0.6438757348046107
0.7085687903418727
0.6044633633793103
0.6448092233047088
0.6129431696135186
0.6418655524892347
0.598967409861952
0.6237978669849873
0.6206827859351784
0.6470257219524541
0.6428014737805243
0.644052349247464
0.6529788965908604
0.6448843402364581
0.6376083962133408
0.6492844022256516
0.6661631057489122
0.650086991292002
0.6609521755749022
0.667845976158334
0.699057566284508
0.6797801112227824
0.6783233002135348
0.6947668916390064
0.6738011690428632
0.6324076910437098
0.6735564763575543
0.6265359767901727
0.6930468113129007
0.6672135898077802
0.7000414667697855
0.6500619012142437
0.693487235699066
0.7298621949998777
0.6546885311579751
0.6718132907990761
0.6959896416123623
0.6873213689387441
0.701425097233385
0.708273420960522
0.6862956235876535
0.6794659289223198
0.6853666066199902
0.6999967652838102
0.6826473267017703
0.599097041524651
0.650283169948416
0.6624915254815963
0.6776086985578943
0.6973488517784072
0.7011072572645073
0.6575794845071167
0.698082932970223
0.7133494524451115
0.7072855083167864
0.721769137117483
0.6889705357165696
0.6565399721601779
0.6291638403386578
0.7004963091034232
0.674558722408392
0.6844354600169404
0.6742454834643534
0.6630949402691725
0.6912394248148801
0.6797989708766715
0.708944813985078
0.7250152822783943
0.7318434605549827
0.7132796529021047
0.6627542563185344
0.6691219284365924
0.6986139182185951
0.6791461624938309
0.6937002781336059
0.706403634161648
0.667927850776014
0.7415484450045374
0.746995899831333
0.6708253795727032
0.7052700641501369
0.7147491505849947
0.7364991576177308
0.7199627513917046
0.7144363411399158
0.758482016925381
0.7252410685472634
0.7248713008125798
0.7612686793075963
0.698689512201215
0.7114308137796899
0.7084288819082599
0.681042681510422
0.7073265304516425
0.7288448110271449
0.6925294198884578
0.7032709437432991
0.6886346640439296
0.7161000003340795
0.7254813450878819
0.7320891525635437
0.6811828732928317
0.754439840081244
0.7321745701985503
0.7202512642236785
0.7549617568740551
0.7427727322597839
0.7582383544370258
0.6781010960256395
0.7217668435137565
0.7030779410648154
0.7191156031814809
0.7437810714436719
0.7429013889660991
0.7501826715500527
0.7445042780149285
0.6817685284647137
0.7688502339681885
0.7109799233834534
0.7055643910562034
0.7078056138544141
0.7208101497270218
0.6826950473342133
0.7214596196659111
0.693012766144372
0.7170130639220575
0.7540563222832768
0.7232457097001216
0.7366291035518823
0.7278779860678444
0.6538137888148322
0.6948609903946805
0.661707853090589
0.70943137576992
0.6880530129122409
0.6312847711552453
0.6791470474384642
0.674352791806038
0.6785914754817828
0.7041008422904707
0.6486451157429836
0.654298431504091
0.6743252687148287
0.7262643171720102
0.7123867043343344
0.6968485875168651
0.6503120882804222
0.670958246698315
0.6856231709545272
0.6806821366394463
0.7412757222749812
0.6850250051838663
0.6637324518577548
0.6916994241365383
0.7197800483652181
0.6615051827950658
0.6590415299844494
0.6356263420493717
0.65797982553544
0.647613055001294
0.6517936819669435
0.6626656152067972
0.6902575063138703
0.6309187228265901
0.6697017548833323
0.6402974585128518
0.7001649623530204
0.6402074685583703
0.6635701852085101
0.64369450228856
0.6677900385787151
0.6509149292699091
0.6855533670585946
0.6651311864020769
0.6626353833991331
0.6330120176907547
0.6891031509201399
0.7008499787755247
0.721262638688029
0.6916471456297306
0.6665707678410986
0.7283754341486168
0.693764511231705
0.7030841648963425
0.662936881280682
0.6751167185976212
0.6671403408272149
0.6973567701169037
0.6780028918597543
0.7099232051368864
0.7517987283904545
0.699135761707402
0.6887950368479927
0.7204559902731492
0.718688413073403
0.7196791612679638
0.7263602090931489
0.6869539946444305
0.7064501031166366
0.7131082077572256
0.7287666657722585
0.7341881657990453
0.7337535599043289
0.689568425933766
0.7165268789053152
0.7155094383763616
0.7384298356413309
0.6785039532033028
0.6653133763001344
0.6574216828347501
0.6342499591563495
0.6629676357440764
0.6390552847422541
0.6639905565273063
0.6659619340127533
0.6888635179485236
0.6702368186552153
0.6398574224982242
0.7293739896512551
0.6713864219048201
0.6202542471811808
0.6276669669745761
0.6401609690799664
0.6483314102776213
0.6337970855024838
0.6640867887125798
0.5994949031656068
0.6969961210223976
0.6334586561163517
0.6405210377616455
0.6380723219968197
0.6677469700548871
0.6631014822909846
0.6520745222391839
0.6777164774416701
0.644873408462671
0.6532879298751817
0.6957159328355338
0.6176634641698155
0.6481803863230894
0.6577235279076519
0.6957159328355338
0.6367215279906939
0.6816570727242358
0.6908701916447422
0.6317307983811171
0.6363656355001711
0.6965487796001535
0.6151075953071455
0.6758337833798548
0.6585477328523688
0.6488031166098243
0.6680755795168094
0.6773194542200747
0.7126028239531594
0.6497545762855357
0.6372846057773298
0.6727478841044076
0.6868445418295003
0.6447615468420759
0.6669801194529349
0.7506024865729398
0.7102494696169377
0.6302541713715831
0.6882821374536576
0.6448603991502025
0.6858365131901327
0.6788742605699996
0.6640571176910267
0.7281243245817923
0.7055145685105245
0.7037896253566068
0.708963375161814
0.650354057769568
0.6499080591715665
0.6907450837797029
0.6546671281551553
0.6984287184674669
0.6918634584020904
0.6806175340773055
0.6636961077709094
0.710080398215178
0.6889775143453681
0.6941992640871012
0.7154138517873073
0.6902911726695594
0.7179237279379055
0.6703940714170683
0.7138177836436349
0.7198894009674556
0.7572751705678714
0.7087338252833766
0.6992745627957685
0.7353241526050847
0.66785093758731
0.6983248307709277
0.6596949018515303
0.6625311616782563
0.656398991466704
0.6798892359646591
0.7236492748600278
0.75343143065119
0.7276567662261371
0.6932197873387275
0.7050428192692098
0.7156546495887807
0.7317008680906028
0.727798341629544
0.6872482082168485
0.7149064460139719
0.6902056162833279
0.630115590499254
0.7210564774195074
0.7227262410446059
0.6266332803919801
0.7546398053980437
0.7180948414921963
0.7140968090201936
0.6987322046568814
0.6605273642434557
0.6719383286983356
0.6408197691433054
0.6915893354398649
0.6644626876634118
0.6924770060010398
0.6511922487649592
0.7329652528012622
0.6765314268216662
0.5954732643965359
0.702433680771218
0.7002840310957966
0.6540541457949641
0.6297340201950649
0.6748292598828334
0.6864692821681886
0.6391850176251701
0.7363148837363053
0.703153142989205
0.7169621089682183
0.7291889372881928
0.7237195393797818
0.6850179849136522
0.6669920398601141
0.6582450548177006
0.6290305195744934
0.7084290733421595
0.6589553676109288
0.5881807642138425
0.686052834170679
0.5660051761564345
0.6382249342884364
0.7010117434477223
0.6499306179787279
0.6014794854366192
0.6983608360635466
0.7166364161027803
0.676271118929542
0.6430397328079468
0.6689277892679126
0.6779247964383519
0.6561411066235913
0.6716196620330563
0.7044255296009321
0.6931130447316826
0.7249502791453487
0.6823569473542994
0.6946726569506311
0.6736777441318177
0.7282726123146133
0.7366706045913584
0.7546561022023175
0.6696514026056349
0.693389034702899
0.7094238816190184
0.656204102482733
0.6665980225185878
0.7101900668608114
0.716436588769532
0.7169116837559708
0.6721434610433638
0.7233430628743017
0.6921635124077553
0.6819657452400953
0.6950486917314499
0.6804798028028497
0.6640880474578758
0.6979647189358564
0.7129682373646183
0.6685812123317648
0.6979425137927003
0.6300801862510035
0.66560653728421
0.7381264446526341
0.693212643624871
0.7434964841866307
0.7180204351614232
0.7415738846162013
0.7211605785622767
0.7105715723412905
0.7238763601095197
0.6946399937818388
0.7180445187225635
0.7271742192214569
0.666246444909718
0.7274316524035702
0.6475544383494537
0.7064417792069819
0.6771382359000062
0.669311661254532
0.6659670740341914
0.6370167653366522
0.6974325600909566
0.6524801236081509
0.6837050349200564
0.7059704696070404
0.6381257844013406
0.6856204007110062
0.7352989559946581
0.7215258744819703
0.7468999754087605
0.7264684082797273
0.7549847608002797
0.7496600681047546
0.6796652276739936
0.7419472826264691
0.6961068694460723
0.7420679332983454
0.7176235083407619
0.6964615135477881
0.7052407880053092
0.6998884634528497
0.725367952481402
0.7271434722149965
0.6993772764857418
0.6552241958522627
0.6548013411536819
0.6237163472697721
0.6565465895997964
0.6740126110042659
0.7240995208403428
0.693148052191583
0.7165679273113672
0.718854285224815
0.7309743333805561
0.693163971106083
0.6772579273489395
0.6211672468368009
0.706442231164238
0.6559209616111811
0.6340867045728873
0.690221980984208
0.6939680705160698
0.6609527662101079
0.7169208519035006
0.6932344745543606
0.7293224625578714
0.682553107859044
0.6939082431916846
0.7175757791252796
0.709429535291669
0.6328306006729981
0.6538368478431383
0.6543321795367515
0.7062805107922195
0.7440392970609371
0.7411054364305115
0.7011537078815341
0.7410257650348441
0.6593050426982368
0.6719981617394891
0.673220781364079
0.6847906993895989
0.675512103070337
0.688355771307744
0.7026568002063238
0.615351512178557
0.6446090656498669
0.6778086219860158
0.6856150179205809
0.6472806967994733
0.663030946084208
0.6603730879403914
0.6574658927862654
0.7004889808011352
0.7254682075934262
0.6614758726024828
0.6732402882652979
0.7092490908652148
0.6562696230489323
0.6869029160021942
0.7351621799425664
0.6206554552023035
0.6948751676133896
0.6584697165411507
0.6283332478818642
0.6826656845715368
0.6833391416681328
0.7164152317421805
0.7323972781775677
0.6437851622687416
0.6087423460276867
0.6467504411340942
0.6358588096453064
0.6880246016992423
0.6225257047581741
0.6518156495396585
0.687627382274693
0.6107150231325632
0.6513655216462472
0.6735919927150565
0.674668603054326
0.6591392175780025
0.699538634830425
0.6647343223267587
0.6946132642659409
0.6646500969839474
0.6393563468233026
0.7201640406472245
0.6201992978664493
0.6646890955036295
0.6356232556634631
0.6962416422425184
0.6550706617872457
0.6501721372207452
0.6237623822109878
0.6529052109863495
0.6776800384696959
0.692629343854164
0.6862540763288942
0.6935402847500319
0.6558614216457025
0.6725675624442394
0.6952833351713854
0.6752634832510922
0.6921726191019711
0.6875654199805246
0.622845553448818
0.6901164998379965
0.7009203729811175
0.7110560258788962
0.6892135454916651
0.7454329764497613
0.6663194691812605
0.7658033588110357
0.7343933183471409
0.7083297887163075
0.7350805436256128
0.6977036138452289
0.7232665918833452
0.7371305245361771
0.732859930651804
0.673535434845977
0.6903035155754387
0.7133011431012467
0.6839404663635911
0.6884826067891344
0.667617658848018
0.7383982859688745
0.7315379933089171
0.7081056712129444
0.6594077297785319
0.6641467696218064
0.7302534471176013
0.7046796113026603
0.7191693928052746
0.6589540412407393
0.7244598680279677
0.7403951434091761
0.6814585293282669
0.726225213744047
0.6524996607476524
0.677672059839206
0.6563769566598151
0.6732144017005509
0.6693281823784951
0.6380838945173256
0.6468763123496423
0.6735487218484647
0.706136787863423
0.6268372480103092
0.6627696199631221
0.7320778154333226
0.6775083655754462
0.6541926328441803
0.6794492318126456
0.7012159140402647
0.645314491976954
0.6890882279500241
0.6546633316027155
0.689879352225069
0.6051430176603022
0.676144029722357
0.7050057035986267
0.6853898703627461
0.6825821095865151
0.706486419640341
0.6743334297023857
0.6538594034822055
0.6383832806578501
0.6562105986328336
0.6619195314437959
0.655270412106604
0.6679324919404042
0.7047390915577375
0.6639363992617527
0.7004038127180748
0.669580567631099
0.6483837567604919
0.656702434943546
0.6961620437540117
0.7093792563617759
0.6833962273776296
0.7206296008916051
0.7109981385930174
0.6738129868855881
0.6618625287076131
0.676253278459766
0.6601639723703036
0.6336576009324953
0.6379255795773385
0.6642510853430035
0.7030134273238657
0.6580544743298392
0.6282404172254622
0.6686522825571624
0.6542972402254488
0.6659950714771709
0.6611470421230484
0.689606440352358
0.7125965479375554
0.6962050127493699
0.6855527909200241
0.6821048190110791
0.7157357881983962
0.657810102319325
0.7212286414970296
0.7118977852586608
0.6810893898237376
0.6810913549685322
0.7024964031124354
0.6767175804655526
0.7385199059470846
0.645907128421577
0.6774326850096435
0.662169394358401
0.6561598015271299
0.6415568816548087
0.6645422522272652
0.6662384357567505
0.659136821543531
0.6443361562927771
0.6888254158043607
0.6574481529360837
0.7219785354508373
0.6488968344601509
0.6409121491557308
0.688422093174158
0.6724237948122612
0.6805656120468744
0.7220167280841507
0.6690007069201286
0.6594065332376472
0.6544966495632488
0.6368708746811192
0.6793956187674303
0.6783212495420124
0.6755044375253456
0.6508296417355269
0.6176121375500382
0.6840228655730072
0.6730321599453624
0.6393904254503534
0.6842650850190859
0.6673117476358613
0.6492815491505942
0.6886340362624765
0.6575135944133536
0.6471651758624957
0.6775397137159834
0.6363461175720455
0.6524742511527901
0.721512201379219
0.6711132951350974
0.6561468025183069
0.7040017921780448
0.6839786182468731
0.6893452387281906
0.6391917927032812
0.6519602769767249
0.6550802352261675
0.6314718934976756
0.658178881484176
0.6499318541278883
0.6205370119378206
0.6890886029726487
0.672198704473287
0.624825060938087
0.62813612908554
0.6772611989408305
0.6205202220662942
0.6257351277865975
0.6744101281604092
0.6587256063672232
0.6580205295189295
0.6973867646686204
0.656761194562766
0.6615977661680155
0.6435845293929351
0.6607387591145023
0.6404010034692197
0.6922913985483296
0.685876421434264
0.6338853968828926
0.6685632050855547
0.6823266910945331
0.6568061776186722
0.7753031509689642
0.721918966455892
0.6818548566356186
0.6652633089889788
0.6849042193765318
0.6403438349858162
0.7082198399239148
0.7011510635452153
0.7087301403898432
0.6359197242243442
0.664284169579608
0.6918445565396122
0.6723292236775337
0.7089908234742404
0.6314568571322465
0.6040235191311403
0.6583982293051469
0.6528719078816985
0.6594818846961499
0.6102200918182606
0.686087445043315
0.6887788141091026
0.6642383184401353
0.6607520722632829
0.7027880238647959
0.6388472766432877
0.6748526911889219
0.6817456789027264
0.6672082209472544
0.7033842398659365
0.6986063086158398
0.7198973442983966
0.7129643271374094
0.6953345053679378
0.641756983419439
0.6437969963243709
0.636328184694153
0.6654507359870264
0.6902707358394382
0.6597170274318958
0.6190451147809478
0.661187714473216
0.6240422383374987
0.6480522225934763
0.6979570635361458
0.695774655824084
0.6529771522070653
0.6619555395172512
0.656146606453439
0.6618105840165909
0.6442297736553707
0.6479419968277942
0.7315339927310144
0.6616745384587895
0.7411621924560859
0.7128953777873583
0.6955357038436396
0.7536921394501443
0.6956042669742569
0.6844732695645751
0.6641382420416789
0.6780775453332728
0.6576145282107324
0.6619547830596934
0.6534401122110076
0.6372051002133869
0.6424590532239481
0.67104162689267
0.6908434707883132
0.7357596114285914
0.7038517398556143
0.670330112395624
0.6853663397180626
0.6714172171155136
0.6991701801017789
0.627152809067747
0.6815501226708855
0.7176562086192897
0.6733146415092914
0.6820748225601452
0.7385688273855446
0.6592214694248594
0.7525242145407
0.7102868513136462
0.7102897761918282
0.7564994045451633
0.6988239487197574
0.7190584886965669
0.6947886420998116
0.6980988775504298
0.7101029902979891
0.710686110852671
0.708739571342041
0.6741769312879438
0.6775063068266921
0.6965326217808732
0.6529456160768302
0.6874499598493231
0.6507419685724594
0.720517866309982
0.7006603215169918
0.6817012588451744
0.6569554867385191
0.6624032127226891
0.6739804916805817
0.6629101681230997
0.6694606583303035
0.6624573080023903
0.6533464051280448
0.656990385543808
0.6545643870008966
0.668660322871696
0.6536865762391565
0.6673646353482983
0.6927719306493186
0.6949447416438758
0.6526710416281619
0.6946562115607761
0.6893719918111304
0.7238901691901921
0.69808178478707
0.6370341700997488
0.720767576733664
0.689050988136073
0.659432686891924
0.6779078069027421
0.6698037684368809
0.655393942805489
0.6690817566570342
0.725408374362902
0.7154428176672484
0.643822125789452
0.6749490262444878
0.6800766980072653
0.6646418773565085
0.6519243110503791
0.7119887377674621
0.6060736372866798
0.6320515771501954
0.6652847052398146
0.6704865181507728
0.6832137823999591
0.6296533069243446
0.609205037465139
0.6357694609622834
0.6566567641656891
0.6265590245737825
0.6739380457203061
0.650292361256621
0.723364056676219
0.655241552897376
0.6887972723900975
0.6798571478092014
0.6876128604748553
0.6574759511303719
0.6673711398160855
0.6305025410181876
0.6384187046977535
0.6240004093689776
0.6683170617784665
0.6872187143005517
0.6702895280958954
0.6304867671155047
0.6706385133484966
0.6969600890475574
0.6780269749379473
0.6736305092603679
0.6822503930996504
0.7305524282681815
0.7109910325001423
0.7097061596489078
0.7247421666424344
0.6844812310638334
0.7353012059926894
0.7214840601979482
0.6881400178852223
0.6114935411809862
0.6860502114652501
0.6395127574042181
0.731686678814549
0.6989418419296182
0.7226771438633719
0.6977862687352357
0.629979471306911
0.7078195480434137
0.6898711875299968
0.6925997623279954
0.6767544215840845
0.6953655121899196
0.7432575293896334
0.715887522429148
0.7052088479235649
0.7097559044675441
0.7052240762591683
0.6686135211358059
0.7058886103785442
0.7367020484371397
0.7586641370640016
0.7607694367369637
0.707886993755992
0.716739909719521
0.648217145827059
0.6833316397918445
0.6855562735998696
0.6906513065051599
0.685971746802386
0.7372706477052952
0.7005031419261657
0.7093814566305183
0.6726823929371899
0.7031908737514571
0.6544158734274454
0.7394480455058591
0.7266423129353522
0.7501024616116688
0.6752353620786252
0.7597676520171487
0.7285727296477106
0.6998325003622416
0.7042001509406179
0.7067732737478707
0.7261871119579701
0.6390724999589735
0.706190701862549
0.7245420912117427
0.6974673008161616
0.7271055895091123
0.7351019610571274
0.725377138651357
0.729877502299928
0.7011491078606275
0.7015289057103927
0.6759221389228757
0.6990643437239732
0.6955275311149323
0.7600304748682843
0.650710453601731
0.7386308900048348
0.7370418759528804
0.7195726369144385
0.6882853741376745
0.6799695488461807
0.7413658643920155
0.7293874431127614
0.7254534522018204
0.6435793182315677
0.6700903657807498
0.6988108623325784
0.6735426912255351
0.652841452451703
0.6913235487198054
0.6507794815482535
0.700625391493947
0.7372725022730768
0.7030450389387296
0.6926625708047992
0.7325114901214967
0.692800091695117
0.7102360306778203
0.7073680800892647
0.731109586740388
0.7030430028230916
0.7322445476110212
0.6636935295860242
0.6756726277853227
0.6938539166256263
0.6953655894578623
0.6359258331471536
0.6882948587604999
0.6978047156145273
0.7105923043774997
0.7243616168182511
0.7189085820882997
0.7118308231224637
0.7106266736749066
0.7017678888374768
0.7245691883846331
0.6855719776053433
0.6963360796800985
0.6686191994088473
0.6766324137435255
0.7245691883846331
0.6645217934087191
0.6014503510961712
0.7568754546284361
0.6890449015441514
0.7144563370138944
0.7104032623415463
0.6578458510869962
0.6957905044280122
0.6307518985446856
0.6826406707681197
0.6593063753278355
0.6810247297016917
0.6115497027341931
0.6105862266616197
0.6765359335613249
0.710295262042383
0.7343675557042095
0.6877806269294996
0.666797342122976
0.6486686302478973
0.6434378281958467
0.668110132125708
0.6800920467002636
0.6608557701992179
0.6778630402058914
0.7509025560725173
0.7425085961435599
0.6782643631498483
0.6832461198447716
0.6609253547359393
0.6675999788020281
0.73001316774576
0.722691348029565
0.7031980207072981
0.7010392140263874
0.7359649230877758
0.6950176927475678
0.6773713497067352
0.6396635731041793
0.6771073572794972
0.6934956672583725
0.6321097583726719
0.7468144173685602
0.6896543339693878
0.6808766364631837
0.6999474497310815
0.6963401939829467
0.6912549741659654
0.6226917251838731
0.7054295436943923
0.64072587170888
0.7000126708226391
0.6643247867869221
0.6773934174837468
0.7015336544469658
0.6645111007543196
0.7563805573362155
0.7135799805187888
0.6612539829430755
0.694847230491739
0.7211529678941238
0.7611288330938238
0.6989307459669096
0.6620996159147664
0.7028090053539315
0.6644539669906379
0.6247031075333337
0.676344272701425
0.7516000832353471
0.6590487144794809
0.6764817402310365
0.6493407903802355
0.715489553785875
0.7156772640321002
0.6651417773457495
0.6643921413918474
0.6915978737678112
0.6300369163105046
0.6789656016844862
0.6996520004980257
0.6717955187268189
0.6491030483730283
0.704145147936689
0.670134918461884
0.6625109566660149
0.6840041778710787
0.6503067675824824
0.7158949146223365
0.6254636907995147
0.6176550081828693
0.7001395116432513
0.7041954999726283
0.6467843484058947
0.689625840894368
0.6727359873786075
0.6509509029999312
0.7085144830854414
0.6417448360320416
0.7332708182614973
0.6613619593385778
0.6883788229205221
0.6934469741279451
0.6833823803473236
0.680564607589032
0.6239715943935865
0.6508102450804395
0.6476932145659555
0.6349719709064147
0.653800207833847
0.6962132419192785
0.6494521002338264
0.6725068261974518
0.6575024522251176
0.6585654920257571
0.7000771018688431
0.6413280696526925
0.6700272082676187
0.6584640944760928
0.6438603892753693
0.656440720517002
0.6574642396122866
0.7068046689140601
0.6962833853279169
0.6964540134642899
0.6842881740874949
0.6649987557140304
0.652633917378721
0.6737964229338
0.7437271781379624
0.7394952234900521
0.7000236757976087
0.7437113213639899
0.7021705402603294
0.7238901351261918
0.717750571668952
0.7048447479651496
0.7343924288355221
0.6758611378467415
0.6755706821376953
0.6842535838265588
0.7069708241622724
0.7011510635452153
0.7087301403898432
0.6378572976004675
0.641696166392806
0.7012654462764126
0.6810298415786771
0.7072023427113605
0.6314568571322465
0.6168965425367589
0.6413727946357002
0.6594818846961499
0.6092754798049951
0.636408785619381
0.7278626511697155
0.757691455532004
0.6970374476442319
0.6867332775598044
0.7075800665540777
0.7210374685964008
0.6761627966701158
0.7130195518409336
0.6540006173206603
0.6926441452318095
0.6300106936713527
0.6410291882959185
0.616053689626879
0.6369687183088416
0.6300106936713527
0.6410291882959185
0.616053689626879
0.6618925958692121
0.6926180584802296
0.6647777075754587
0.6256957582959587
0.626628625649445
0.6343782067197027