0.5941573354887998
0.6404228549968931
0.6252517634522007
0.6217010019668041
0.6532949465462053
0.6634030176613512
0.6002482717207342
0.5892964669287354
0.6452807141550803
0.6291549422164316
0.6173566337231696
0.607635914239051
0.5674400754503306
0.5972206470826451
0.5665909724124896
0.5950240231622235
0.5911868965131989
0.5976047974706353
0.6456597497379637
0.5794542815184458
0.589020886225007
0.6126484999859759
0.6214788462098357
0.6003076613767789
0.6027394627767592
0.6166772736676879
0.6020644430453757
0.5930892286586044
0.6138664812191312
0.6300426062669097
0.5989074616846538
0.6137097551438702
0.6275579245426999
0.6129135365581944
0.5749780632175479
0.5416559721532256
0.60818105757733
0.6394801243402932
0.6668988175264624
0.6944903964067366
0.6175415147677757
0.5832483471967054
0.6011447234418107
0.5974034435792706
0.6563589636656129
0.6068907293018477
0.5644238187263994
0.5767315016143009
0.5965094482946837
0.6849019690184301
0.6051915641082898
0.597098397854696
0.5922672093098452
0.5936019247775356
0.570019432874605
0.5836609144129785
0.6195462648392045
0.5861747412284157
0.609921254512835
0.630519078677365
0.7181984483723
0.6183691079447265
0.6064394241522214
0.6252389989265253
0.6367305829729603
0.6394620267994601
0.6083050526857386
0.597610421895032
0.5837292416698412
0.5969160219083064
0.596339109226638
0.5852538697397992
0.6044223392500222
0.5785512500885134
0.6060840211945664
0.6014809932109054
0.5844405293862133
0.5856765013629802
0.6645678130349395
0.6138240095655433
0.6622371931784585
0.6444814848243435
0.6660342480832819
0.6170915667210249
0.629230041183655
0.6507493443286761
0.6099966065826189
0.6287843117787997
0.5659965750752635
0.582769499397466
0.6859365537644686
0.6480724358769706
0.6545358253825974
0.6093209660469938
0.595433793233771
0.6852395886814604
0.6702221849711191
0.6212856194761882
0.6339053733059966
0.6547811630294242
0.6349284268239994
0.676328864948893
0.6209164491503921
0.6502801918818543
0.6625840113946663
0.6404835753953011
0.6384525871758676
0.6599911909935996
0.6708155314094342
0.6754886656967121
0.5860905789546939
0.6296865968037525
0.6783548892523725
0.6269358404229948
0.6608232920927865
0.5848510018426685
0.6242683144420248
0.6217917209109893
0.6419429576558637
0.647434950419238
0.6490564482086323
0.6040153997018308
0.6324311400352012
0.6179304001580022
0.6173837201069274
0.6559040683672734
0.6497063439739315
0.6143268214620586
0.6213490045587012
0.6216009785197278
0.6439981466007798
0.5897652584271479
0.6715237698627018
0.6641456372195431
0.6532010169576371
0.6681229316174937
0.671528567224051
0.640417921405375
0.6263930539309771
0.610963184331102
0.6182114535529593
0.6656809963944958
0.6076518822030368
0.6171153503257554
0.5810468574827263
0.6142714877077897
0.6466115939642472
0.644696360279745
0.6421915501877753
0.6525653116258286
0.6479732483833577
0.6428606056526817
0.6498650328468771
0.6211706931121291
0.6362033284743962
0.6236883151020425
0.6535773734018631
0.6241987894289683
0.6657655787698307
0.6560896983881145
0.690934080760434
0.6355381392149996
0.6065120655779579
0.6005194146819188
0.608184671522177
0.6128252829721597
0.6574085836094935
0.6182942674950859
0.6431222314582126
0.6247450840973856
0.6257107270113023
0.6456690679458104
0.6345941879927798
0.6346808870165979
0.6281716428292486
0.6503807017013312
0.6648421273153167
0.6461975236403629
0.6371672123156406
0.6089281163269628
0.6141179423214344
0.6516436460427975
0.6533367074097653
0.6319489029548196
0.6460866690763328
0.6366533058881071
0.5843825864135023
0.6133523880299219
0.6680589370054191
0.5828674419976868
0.5845935947799202
0.6138662280314646
0.6234659010236602
0.5681532780003665
0.5984310179493891
0.5892288919975731
0.6451628303939174
0.6300422898421028
0.6321368374023806
0.68655217496642
0.6765105133659041
0.6268376204849531
0.7298954907168037
0.6475491669855534
0.6174994123101543
0.6779712348543168
0.7824039666796092
0.6416898464904326
0.6596808298545646
0.629372973561662
0.7353390207598465
0.7393088438642891
0.619907850143502
0.6017337475732878
0.6745156515056391
0.6254830562925977
0.5873844046514347
0.6167856691859167
0.6548821190862439
0.6385461995738078
0.5965739933376172
0.5901430113590855
0.6250443062753909
0.6313137660078497
0.5911914901672128
0.6283348090765377
0.5987320593628329
0.6730261446161244
0.5928291712005235
0.5976683831609035
0.6377406779974774
0.6161393184751836
0.6577853820644385
0.641529843084042
0.6014488837241412
0.6801954646333764
0.6773499627411979
0.6113238627446417
0.6054933262528216
0.6318502549637001
0.580922915310623
0.6647967103768732
0.6447535219817457
0.7089343542510049
0.5748351946646343
0.620744157658872
0.6288877864609955
0.6118405515750676
0.5948450445173527
0.60768188649562
0.6148301567373599
0.6151720478474861
0.6209185246150938
0.6385715344261277
0.6280464496167166
0.6501410330790798
0.6725553780950888
0.592517636396702
0.6198565519230809
0.592765648282027
0.6096647629262708
0.5967195437444343
0.6326336518932396
0.6078973778154568
0.6390169763785657
0.6318579177998108
0.7063929590937769
0.6740093105101871
0.611598823321172
0.6202751441616081
0.6431526329002651
0.6256725092486045
0.6052537591340581
0.6269667038244289
0.6053333838799597
0.6180905855580381
0.5902938661464737
0.6702406617808211
0.644410665883449
0.6046684370253513
0.6471640273829111
0.5749256774357486
0.641177590837396
0.6146753396968577
0.6172022418393249
0.637632234115197
0.6054418867251239
0.6205046065574031
0.5954620915910932
0.6218490173332573
0.6291790580887087
0.6374625989873596
0.6218809056702362
0.6137363112741911
0.5350403940151403
0.5464901378741407
0.7080482958091994
0.677939203983115
0.6593488065544384
0.6739627772912162
0.6375279751732009
0.6653332617919202
0.6275373117871775
0.6691519811138855
0.7232377793292285
0.77291978403253
0.6721804080089948
0.6164852577162633
0.6172492077384438
0.5737006122807684
0.6181653960961637
0.5912618678900895
0.6463772533888836
0.6498018446338705
0.6242810917841738
0.6329725537221891
0.6591849522532491
0.6535731095531717
0.6962852027093174
0.6390706344763476
0.6937712232586734
0.6332084617232259
0.636474390754869
0.6707927803231647
0.6239751023771822
0.6902130498823039
0.6438258288717985
0.6298770364387791
0.5918587891063497
0.5872501034523898
0.6045610498849637
0.6522577508705364
0.6024496275272998
0.6170911333716564
0.6472071408608142
0.6371639121751312
0.6555442038773461
0.6161730827681174
0.6342676004064925
0.6402333286364579
0.6360103259664683
0.5926255450422474
0.5974504154049382
0.596538444114954
0.6338863299777124
0.5957492336391534
0.6209711935758586
0.6684673578556022
0.6232043365629539
0.636851341611457
0.6247981960905187
0.6334055657893761
0.7090345515015264
0.6020801904919135
0.6458880512379988
0.6518845785305631
0.6515339193453848
0.65855688594099
0.6174939284814441
0.6521124477152167
0.6712235046868138
0.6204209438279917
0.6005153641238975
0.6229365208290141
0.6381328846236647
0.5882547535626823
0.6027124192451506
0.6363768898678124
0.6347720948024113
0.6102579792772258
0.6330566747280358
0.6344346781714923
0.6639819766452492
0.6655651578837418
0.6389118325238646
0.7093107584319096
0.6996994487000694
0.6764154464038978
0.6197243589725605
0.646994161104429
0.6778139635491279
0.7314127312060709
0.6913635298122717
0.657133112075046
0.6842120595584271
0.6756813542239611
0.6537821728536088
0.6169763227125471
0.6702534402990714
0.651282611760507
0.5905674561241294
0.5871461109898236
0.5650385246651703
0.6287008422961629
0.6215899686696772
0.630331572786766
0.6342060600925274
0.6175801668342359
0.665909221706238
0.6464117175522817
0.6543902160699065
0.6703816982899079
0.653602274860307
0.68428840926541
0.6352816904440357
0.6635761734417209
0.6560750385101821
0.699172415304679
0.6347257003761434
0.6412200258350568
0.5901171327923983
0.6177038432709384
0.6195523539403913
0.6267678250908985
0.6190055339418569
0.6233969517063498
0.6145360197959571
0.6205450845507666
0.6168055874614783
0.6727805505001323
0.6174198310035584
0.6250295819956301
0.6160843708399343
0.6169315672680257
0.6358655948707258
0.6098326941935647
0.6815235793635992
0.6225891592104541
0.6588047415726725
0.6094292543108344
0.64916358465152
0.6607405060918591
0.6283314090925762
0.6631915894329856
0.6532613170791094
0.6212104260917868
0.6049369068117734
0.6390757834655008
0.602387791603444
0.6528175589452152
0.6297103163881465
0.6159492643074711
0.6183376141271542
0.6385043456907067
0.6423232467127548
0.6154550582164794
0.618928368225368
0.6109732513684974
0.6701455091529319
0.6903039294849229
0.6335721994951977
0.6609955703801208
0.6837806114490982
0.6393070449522188
0.6289779708777329
0.6224730904667513
0.6378728510941437
0.671165548658074
0.6637975041083614
0.6416084233855246
0.6698417946712805
0.642986310432766
0.641937896229778
0.6492034628997381
0.672577940182043
0.6515305544144446
0.670158693640899
0.6056665281332223
0.6405916797595625
0.6503510139227505
0.6566570488498596
0.6596275687856343
0.6662453803525159
0.5774319260021681
0.6167533962874526
0.6093915402682022
0.6473728176365476
0.5921979557567086
0.6060968807214909
0.6821745724342596
0.6367590955045056
0.6593496002912156
0.6091803386100816
0.6198726578948063
0.631845606001387
0.6541303051562722
0.6795738242290271
0.6432106836732433
0.6762967657163835
0.6523966561904057
0.614947381038288
0.622338950114822
0.6422841884648207
0.6323223918423398
0.6642065005113711
0.6703920565491913
0.6577362229571384
0.627077555146846
0.6606325047531194
0.6499985685167958
0.6324108189922536
0.6528174971080989
0.6692961277952914
0.6432710513458537
0.6181956015224161
0.6314338198378066
0.6528994979733693
0.6236652714733748
0.6341384213188119
0.6078189847979523
0.6805674247002725
0.6629463188123482
0.6665161200459475
0.644283677950808
0.6352434548028294
0.6536175803322046
0.6237826023107247
0.6504323065807935
0.6393722728920319
0.6020905683615161
0.6577091415403287
0.6374379516076677
0.6467759940240534
0.5968766697578124
0.6349424910162311
0.5952531936666838
0.640941352269694
0.6209208830667824
0.6162248325723665
0.6634140075106966
0.6366047079244441
0.6591519812320311
0.6354912399098229
0.6471721826883936
0.6092939157486092
0.6290939919232893
0.6026678967926843
0.6019230059035299
0.6202370231215132
0.6179250357868588
0.6430061527137623
0.6296597532099721
0.620460984150893
0.6342227677316709
0.652986354650969
0.6133816053733454
0.6337644716041286
0.5989019525999911
0.6393640083297288
0.6581491774421395
0.6370648078139073
0.6205479267046854
0.6361537425470161
0.6037054950981032
0.6102943338211185
0.6353017704515028
0.6122666289633649
0.6101077308111199
0.6362256835971665
0.6309682844120155
0.6433442052180802
0.6489471707505864
0.6398730952892269
0.5941810574941787
0.6225584142267888
0.6133742788316425
0.6347645190799158
0.6417257342270818
0.6359050568280028
0.6537419830699495
0.6534338883781176
0.6368068276016615
0.6250283361464204
0.6621940505241858
0.5931677433479758
0.6426502184042695
0.5976116755805952
0.6443299215409769
0.6188237676483748
0.5827742583931463
0.6547134978016367
0.6055566264038998
0.5591585882115414
0.6397532696867172
0.6657561220047392
0.6437970479714386
0.6254597237758565
0.645051969277722
0.6328311579383584
0.6119572946210103
0.6199927653567389
0.6234877628632566
0.6101740714157222
0.6218041877206234
0.6180892337572488
0.6049163063195121
0.6360294233219285
0.6433639154743687
0.5847918228213828
0.6478617191289959
0.6129149848064427
0.6187920730626867
0.652011058727696
0.6343440090214775
0.6546694761225359
0.5785802339151467
0.6303057223969282
0.6419489346781129
0.6110304197262271
0.6223799556398958
0.6579939974743408
0.6292076206539239
0.6526986291001098
0.662376336157123
0.6463010108707601
0.5785802339151467
0.6334024329841333
0.6457374487831211
0.6176212472736804
0.5772128434856932
0.602591125625456
0.69440456587103
0.6189608191886636
0.6456562092847229
0.6359753083685944
0.6339979828779302
0.6236374042204272
0.6391481593443675
0.5980604150821631
0.6607729081874687
0.6525152103277065
0.6513955299224634
0.6160884260637062
0.6786903310441669
0.6203940336991364
0.6972170126599725
0.6614030575316844
0.6987147234526431
0.7371457021458893
0.6668213212295859
0.6617884049671829
0.6605425486178109
0.6584249541572829
0.6471131108580026
0.637461239922936
0.6471544886952764
0.6336887912070348
0.645413290490623
0.6839505573364325
0.6229123924675384
0.6484596299960049
0.6214909297189245
0.6294732919173862
0.6315258478112925
0.6378263668382098
0.6142015439025238
0.666610242548267
0.6639957631364164
0.6402693463898986
0.6612613332472881
0.6648501408561096
0.6263570567711357
0.6366649224161283
0.6209728634273698
0.6270888410644486
0.6161694767361076
0.5903735451660801
0.6099231877451233
0.6119380698432838
0.6908467353512955
0.6236367664427098
0.5703729969543406
0.5886206471312567
0.6547182564420421
0.614892914995944
0.6287053779373382
0.6788115637442437
0.6352550662808487
0.6742157393106155
0.6248762333392871
0.6734991456368373
0.6368201304436742
0.6600898956822511
0.6098196134378389
0.5798656596552408
0.5933652446223558
0.6532450947837958
0.712852906999579
0.6580683418229337
0.6362171403384144
0.6299496331737212
0.6491921210182656
0.6862932368564634
0.6641676399551575
0.677405312907891
0.6132693778286132
0.6553902398573831
0.6181062196938891
0.6719872535632122
0.6330926899669034
0.6273153838045185
0.6195054033127917
0.6920858956632749
0.6857959718419171
0.629836691436637
0.585273901684757
0.6055515508593601
0.7419128487227732
0.6966117514249419
0.6545955333095922
0.6536252528556269
0.6468720075048282
0.6431399566436341
0.6322955950923932
0.679299478289977
0.613288264793628
0.6410489575067679
0.6453981012123723
0.6412528087283438
0.6351602872970324
0.6292066754032143
0.6324394163087372
0.6604587744240391
0.6020937610170982
0.683425266259287
0.7014808458775658
0.6685673797426734
0.6318909487979519
0.6204293089021153
0.665457325673522
0.6529838894142588
0.6478872804910558
0.7085765803702406
0.6400910823639093
0.6557139636025641
0.6324251084785599
0.6282596394573052
0.640619109085106
0.6383564325507665
0.6731620004961771
0.6278669428468086
0.6757372068679299
0.5941810574941787
0.5986640380593212
0.6041119497337075
0.6124725099003475
0.6394027845604768
0.669792526382375
0.6583962119014268
0.6255432128670192
0.5883619719855716
0.5920466736194443
0.6622922551583168
0.6422077115120388
0.62734664465584
0.6361756382233607
0.6086733223132869
0.5996310101975455
0.6488729261462247
0.5676906306273595
0.6169077479891925
0.558728728732101
0.6466180994050129
0.6403234116350607
0.637107763403204
0.5880413811123155
0.62780312912913
0.6088026095464846
0.6461651019259755
0.6426721780977099
0.6493132797053608
0.6345563898031273
0.6171686754425415
0.6351877301555133
0.6618479253116087
0.6072389796044456
0.6275709629291739
0.6930930787651592
0.6322442635459069
0.6132176949302401
0.6955970276551783
0.7013314622695769
0.6790082604903496
0.6373956268301607
0.6957356501027236
0.6469569310871673
0.639988585273734
0.692007410369918
0.6741718058766226
0.6903493256011759
0.649472234678989
0.6145204767884666
0.7153186938422028
0.8115221708004122
0.6801319349692181
0.6499726917985655
0.6815478469625829
0.7142326999390043
0.7533611902058024
0.8086077028026568
0.6851619169951354
0.7014273647444353
0.6141430094024914
0.6702093550033243
0.6982057565326885
0.7327092720790376
0.6787093941400577
0.7651106590783825
0.7488243943512058
0.8061867615156464
0.7100169619097209
0.6641197814159866
0.6677991569831658
0.6982594711085403
0.624505272203187
0.674720125876199
0.7576450922254818
0.7654548920528825
0.7022073586006488
0.7105588618179645
0.6771918247378014
0.6649659915545892
0.6741635604651096
0.6586786368246026
0.6595338450374579
0.7115430873885648
0.680576006284836
0.6869816207419004
0.6903315075865826
0.7068166892202187
0.6686893187466072
0.6634015513800071
0.6908642448194017
0.6362154377056178
0.6364030511284715
0.7783045777904639
0.7935575738307405
0.7368777016888636
0.7252290822806139
0.701677656611499
0.734110345794934
0.7195569607290404
0.7539075565305559
0.731966324713253
0.7095206677479725
0.7196537020932575
0.7561390186411922
0.7138899577295156
0.725548650477759
0.7242975022914261
0.6867513897560289
0.713826095956845
0.7169444252304046
0.6539409762146816
0.7238206348108525
0.6107532322946043
0.5987960689071944
0.710794007567184
0.6941658418850176
0.731693604993165
0.7588439153776607
0.7271685581677693
0.715967481050947
0.6618116948257261
0.7055486080195721
0.7136984552691655
0.6673954577080269
0.6618116948257261
0.6894380849597853
0.7542591213870349
0.5862509663254716
0.6674106519863816
0.6882416517764649
0.603643467023927
0.673245852018495
0.6935570386728288
0.7360097933191131
0.7167943342855094
0.6853686453634775
0.6920333370066366
0.7432488765320636
0.7186344361181707
0.7313280985613403
0.7070238660225182
0.7484778471250196
0.7162821849944817
0.7497329704191917
0.6004399819485214
0.7191674619644538
0.6814751263438376
0.7206528782454988
0.7286632548667069
0.7022591932031297
0.7013689423644449
0.7446667114090958
0.6906337335016135
0.6879508100075873
0.7064535103436984
0.7275840995454258
0.612524834263228
0.7117584706800429
0.7441791836091403
0.7024106845201825
0.7097174904227826
0.7099781585852452
0.7089669249942059
0.7190507061121021
0.7301170162274865
0.7010611694328716
0.6895866983005793
0.7060093646463953
0.6249931214513763
0.5995278394569113
0.5885694181822838
0.6971816320246659
0.6928872464140852
0.7278034510548685
0.643769001564905
0.621522304584134
0.7630125517984884
0.7086344124749054
0.6842089139521799
0.6548153197021886
0.6405958660471859
0.6760223822333087
0.6803199204369504
0.6244409102791573
0.6853956697314384
0.7071763915817838
0.719618061207193
0.6910391352887273
0.6123152964018893
0.683445617804025
0.709781996897072
0.6733840565044974
0.666400386063011
0.7007941472751521
0.6455486954412937
0.6923679050811552
0.7350540190119631
0.6755758573399919
0.688879467008023
0.6939243890006295
0.7246203627929805
0.7137142438858205
0.6727051657643949
0.7032396561648366
0.7146534111549399
0.6661852676501946
0.5768040182169785
0.7321964400640915
0.7372761739924443
0.7416035143571071
0.6925071241641649
0.6103678877549824
0.7214303602287627
0.7297629854952277
0.7085729205276654
0.7091776117991474
0.7362335971664782
0.8005322070037753
0.6179507018613641
0.7472185991206164
0.6207880672315261
0.653466956843126
0.6547963606745271
0.6611505142671427
0.6446256280343738
0.6115035263894366
0.614429243117248
0.7217590782635966
0.6343992691728944
0.688210958400485
0.6876151032970346
0.6795551021616043
0.6973926506619635
0.6766585424600879
0.6683360298860885
0.5785951405294182
0.7002744727757221
0.6183941101255997
0.7349235792007928
0.6787067436907879
0.6953107054573534
0.7184038492234065
0.7207846036559141
0.6751022220140835
0.6990618618697693
0.6324335351044093
0.7101183676701305
0.680922177846451
0.635561155040205
0.6786200201028281
0.7009622472446765
0.6624621141009318
0.6929243322131997
0.6558805950640494
0.5993807231727072
0.7484047730835012
0.6205049865114025
0.6393909375900292
0.6302389611717532
0.6385037695386686
0.6221205372552144
0.6576222526273173
0.6219467511644302
0.643583626165371
0.6544362548945657
0.6364086753596484
0.6822756281372452
0.6231963146131616
0.6474426080820206
0.6200381862781006
0.6120323918276848
0.601844663917988
0.6241058130111099
0.582807220998801
0.6073750896774797
0.6341903830304029
0.6279664465008282
0.6321414125498851
0.6172920755877769
0.6614624574107476
0.6178452563300905
0.6455096180802444
0.6249042558206418
0.5844412856741605
0.6365051633299076
0.6507085668224206
0.6060999623010294
0.610023535643687
0.610985288271667
0.6501615685110571
0.6189974216632338
0.6007752823107427
0.6199471704629056
0.6160257876126806
0.6251148806702235
0.6024702015102286
0.6171406437969417
0.6098525018869883
0.5814383964790174
0.6547913200833396
0.6298856442791075
0.6227447147109552
0.6478478406839969
0.6309846683127451
0.6935992247115059
0.6909083034462743
0.6239134065258439
0.6582541757399113
0.6153739009564696
0.6600758145933279
0.6506238849341783
0.6261965543007565
0.6550409634039628
0.6487661710760692
0.6378798302063359
0.6297628150895511
0.6823816159165874
0.7470435855063541
0.6571823412803458
0.5908839999189271
0.6071144171582566
0.6213220090711222
0.687575134959508
0.5952601493042485
0.6626716045816662
0.6658598453898095
0.6579785620980917
0.6177644142783967
0.6794458411663725
0.7566571223056023
0.6671733497884995
0.6882760576938742
0.6116019762570077
0.6750395353988863
0.6296269344095847
0.6593765358687398
0.6717115980214603
0.6640912397125612
0.6973804522098618
0.6348197309272366
0.6441018759829149
0.7137634760680591
0.6813388751104013
0.6303681648092445
0.6646628624036778
0.6443262428779731
0.6924463564410106
0.6702035301295113
0.6882482477872024
0.6823287884239781
0.6425943075083185
0.6344994875388055
0.6199108816551133
0.6113641054725397
0.6556731144126527
0.7041904173406942
0.6508768104482949
0.6529117544900502
0.5948388216577114
0.6219031656921835
0.618093529967242
0.6270555704292099
0.6089199464332189
0.5965836084349171
0.6041085484761645
0.5960343788000775
0.6795099960822935
0.5857329721030907
0.5652571735832524
0.5905447226438201
0.6278562213140726
0.6344824122809422
0.6193051560406597
0.659992431284904
0.5924302987790322
0.64138669580731
0.6060435251626232
0.607687876378472
0.65899991836954
0.6679129445348595
0.6095858940192638
0.6595214846318058
0.6284682281555941
0.5882838373228579
0.608894685135505
0.6342049001426755
0.6739032133371782
0.6194707651750953
0.5965669855444119
0.6474690560391926
0.6012436687938277
0.644839342900595
0.5825554736276455
0.6522640775296807
0.5713187285622724
0.6040089155575243
0.6112482422249407
0.6129885714446844
0.599716444980068
0.5827273347673452
0.6450651943494073
0.6435000054550303
0.6159317037367471
0.60842493811718
0.6384077703545036
0.614662148452066
0.6417086447118743
0.5847505654677299
0.5833700135747795
0.6371230516390612
0.6225242535064481
0.6222557264696568
0.6215215457649501
0.6618154079230405
0.5920297552822906
0.6969195109036456
0.643862049279548
0.6335242141862305
0.6148071733741435
0.5845994011211738
0.6344369429542961
0.6101273008205353
0.6159598892465672
0.6185509173128082
0.6738650235569803
0.6439688142163723
0.6475137731714892
0.6287421829507567
0.6623870577307676
0.6715452137174185
0.6138878276790602
0.6437458483902319
0.6846675045797563
0.6374437266819009
0.6402629447327167
0.6703839314672414
0.6210978601786018
0.6529510832818402
0.5941683685274959
0.6199525003654742
0.6345485928713991
0.6682439268303497
0.631123027261603
0.6119095037526547
0.7154524820796215
0.7030896835562075
0.7276357937776416
0.7037888989089592
0.5810968394419795
0.7042025845146481
0.6691668718295595
0.7055825632900237
0.6725838400748955
0.750840347829091
0.6859507226959708
0.6777262051885187
0.6558541306127258
0.6397153642089176
0.6322645635629456
0.6489738397409961
0.7015696583358134
0.6840052703184897
0.6874647024226258
0.6816961512037293
0.6904386853817932
0.6322859065365125
0.6822019796385328
0.6313104928070387
0.655512568726021
0.712225294122237
0.6683571326662449
0.692794267147073
0.6051664128340695
0.6671146011936387
0.6764709831320522
0.7081205555606965
0.6885813311018826
0.6764833781050701
0.6534617473068585
0.6537585905721109
0.6898269170779406
0.6839499850205648
0.7015649837310302
0.6851347401836853
0.7103578244791328
0.6788780847416743
0.7415266437280407
0.7180542636763964
0.6913143529687792
0.7104407458898723
0.6731430377127906
0.7176723982101395
0.6702850031744082
0.7065088785848991
0.6946969240306269
0.7409872356473308
0.7368134024804972
0.6900254019716582
0.6749784918642641
0.6924079319393868
0.7055109273149915
0.6243528748700684
0.6775817014780503
0.6840373597524828
0.6777373459295281
0.7131506364186571
0.6699344336879789
0.6556653798060469
0.7032640472412409
0.6683095061640618
0.6884785523140377
0.6510023059640282
0.6525843298806931
0.6901425470142272
0.6392140721368118
0.6248909273416373
0.6998596993292635
0.6396439533071369
0.7021406197513811
0.6081775955373705
0.6045470247556082
0.6548180065831481
0.629600827954887
0.6667455577972037
0.6218316034743353
0.5969357718143468
0.6386110936997559
0.6362043469845433
0.6259879183069107
0.6571944437444577
0.6433207458800276
0.6934882843756275
0.6887630875030711
0.6132238710432824
0.669899958161954
0.6039038893040289
0.6507616757087479
0.6026975523965316
0.599067167093012
0.6745374411042007
0.6689671916387233
0.65095391341902
0.6444163666547671
0.6142966481770243
0.6450176679750802
0.6150577014588965
0.6025487887635479
0.5979242350556613
0.6276285800405532
0.6313050163515939
0.6180893750277973
0.5904303233599284
0.617544221239138
0.6542927039973975
0.6209218693258782
0.6377487552922279
0.6431763093386774
0.6271143810644594
0.6248376379795799
0.6274873832933121
0.6254307738254367
0.6510754381355974
0.6225564474675849
0.6474482521298949
0.6482292708062208
0.6200884163439928
0.6039217075723153
0.6423085485281587
0.616057423771687
0.6233555815659657
0.6117360193297412
0.6200297217261184
0.5910986941603622
0.5790874889656015
0.5979509118283246
0.6291611464403114
0.6105524017546728
0.6141159800189143
0.5891910628978629
0.5882830056499726
0.5603754133401415
0.670988768214589
0.5843510904508912
0.6279099290367912
0.6419699935426174
0.5796361885783221
0.6320555633437465
0.6237382671782579
0.5898911850690302
0.5963128419059598
0.6296568914978298
0.6514414166808283
0.6778298544988031
0.6442521584133849
0.6338865756616864
0.5961136574121565
0.6473494619495016
0.6169961211364712
0.6948422341714294
0.6445171065200888
0.6260441038280341
0.637593944430171
0.6246997812332156
0.6688762737377347
0.6350836870057346
0.6823678834983468
0.6530659912495315
0.6810400713520184
0.7110710297356501
0.5964897165697399
0.718974768907527
0.6311364016291535
0.6308801398423771
0.6021967522104434
0.5710359490255837
0.6140385059048941
0.6514383329306502
0.5787032274546628
0.6167475798107026
0.6946785764449529
0.5934504608387058
0.5858347447429172
0.6063690722744521
0.6281636513853118
0.5541085055233163
0.6856924116086196
0.622667066931497
0.6377341542043008
0.6450025054507009
0.6301395022089776
0.6369555097105962
0.7009046624601841
0.6974169293979656
0.7472592091404504
0.7465366081775114
0.5953106942295128
0.7405710188613931
0.7805462628678896
0.7495668097616787
0.6969885182671347
0.607739925892167
0.6995296220233088
0.7187007796882903
0.6809799465279205
0.7665794700182289
0.6743062095009645
0.7133208621333743
0.731300529892019
0.6955967397473017
0.6323631868081401
0.628565594698289
0.6517916647377123
0.653676104206452
0.6727629793334624
0.6379828752118604
0.6155291042087733
0.6466228857195714
0.6016177393262371
0.6281475808005521
0.6124726908289894
0.6022557551881645
0.5832765552967956
0.6208873505486796
0.6493927055355043
0.5753394875539154
0.6039402679696295
0.6239218722376282
0.6343261672960039
0.6197456655124549
0.6636367898622282
0.6666076733024602
0.6245312023581701
0.6181007788300386
0.6344930149897886
0.6178178274438839
0.6661814371217513
0.6770691833111417
0.6690821016752424
0.7217757639023039
0.6418141890388332
0.5874017012752367
0.6798214142978825
0.6282277899910571
0.6283788338291828
0.6445080841834422
0.5819058488025738
0.6953525898801095
0.6323143680512199
0.6480299569704926
0.6473471920756722
0.6339625255136457
0.6499096513060553
0.6095610545184278
0.6338677227360279
0.6311684731245757
0.5653277501869739
0.6428481253616836
0.6162684568278851
0.6453709158679325
0.6652359600338739
0.6108044379209479
0.6182428087908444
0.5877714621551992
0.6128885007531739
0.6318096518475287
0.6227214556981725
0.6336255609056896
0.6020349361525198
0.6108552517921637
0.6268359520768297
0.6203510416044609
0.6622371931784585
0.6697922642873543
0.6452245450990871
0.6563720456661303
0.6030088756353762
0.6320535615062117
0.6280638402265438
0.6232908954749229
0.6250122740535773
0.6384286674319365
0.6541428880262901
0.6193669933038264
0.5860739107110616
0.6333564229677243
0.6111709454498669
0.5828033609324678
0.6321295193691521
0.6530171713050674
0.6369269223752676
0.6152511753997463
0.6479632010344665
0.6280406699413658
0.6025633763901893
0.6045560801245918
0.6316172073204915
0.5819002227048997
0.6020276209460076
0.5983063069676992
0.5951125692707957
0.6182562245700132
0.5754444800586592
0.5838293617298912
0.5928983708322431
0.6180083860414852
0.6234640784575165
0.675325863405989
0.59277528501192
0.6037808042864767
0.602290117942387
0.6098062806574086
0.6103748506409575
0.5994210639932268
0.5940704929176335
0.5877743646417241
0.6340682099166614
0.6231679187892216
0.6153215064226959
0.6342652235770875
0.6301697892207686
0.6382342809685526
0.6207516993752228
0.6499165449655431
0.648411908632652
0.5987109347880193
0.6496102323642026
0.5976775488510581
0.635215758445613
0.6164511894613606
0.6134419388828162
0.6524059075135294
0.6369829494469855
0.6248792136834965
0.6361193040782643
0.6541593703746512
0.5864402042001258
0.6116290760289784
0.6408775968156522
0.669384882393262
0.6586654146242878
0.6682240030849278
0.6218821954693023
0.6398856004767891
0.633763807849851
0.6244504490231
0.6170174391712321
0.616697300401506
0.634249567396665
0.6412834781501991
0.6445015300171704
0.646867815505355
0.6129013163142204
0.6374818457765242
0.5601875780544148
0.554392183975893
0.6559395297688111
0.6896095845563331
0.6810269007774127
0.6176309210035331
0.6290144120183967
0.6070120953635063
0.6311686800351733
0.6156556895156707
0.621866405627347
0.6220497314605284
0.6423034668047104
0.6102404340912351
0.6131254819615839
0.5938667042164547
0.5809935344948417
0.6198758954872087
0.6555578817212395
0.6452596748444703
0.6264828822423654
0.5992401230585496
0.6563989522227095
0.6520405207302492
0.6039646750156004
0.6522164074584219
0.6749174205496868
0.6515894867710483
0.6198186830603877
0.6166529257817263
0.6114623697689623
0.6031582933102948
0.6290652743970125
0.6004369862935244
0.5812218294480093
0.6266184852820418
0.5948466331706264
0.6205126406226896
0.640725107359921
0.6376609714546074
0.6039862145362829
0.6711152771108367
0.6113787176422824
0.636798901266189
0.6256022779144723
0.6546344940762377
0.616990527938806
0.634913981707153
0.5977578324897965
0.6034739078726776
0.6036110428695859
0.5979736905659953
0.5727138949419173
0.5963203141671775
0.6333377481316058
0.6153303132595818
0.6309891294591121
0.5921688675253028
0.6049165704209345
0.6513469766721232
0.6087782862858528
0.5961993869850831
0.6420414903884301
0.6222418587507162
0.6408199712123636
0.6310133340874494
0.6405673636592984
0.6420181969932801
0.6661604517371702
0.6291963562381039
0.6180851471461475
0.6575872520917283
0.6088306487359927
0.6478000132908858
0.6253988453750086
0.6243220801416359
0.6342642350709451
0.6057264658440262
0.6485481178854146
0.6553319391071304
0.6521330814177089
0.6297682865744473
0.625103380033663
0.6109624382853708
0.6483780256890862
0.6342089610239756
0.6142572802183935
0.625103380033663
0.6037467869487899
0.5886516750893632
0.673047167073541
0.6451029202135339
0.625875403859419
0.6187700573041472
0.6622875438610225
0.6855124051670541
0.626322882220627
0.643415635490545
0.6554726435173075
0.6462465932357263
0.6366189431395047
0.6142116130442984
0.6009174056999034
0.6661411119193971
0.6273738553832064
0.6369053332939998
0.6261207473076471
0.6132816732843275
0.6073125353678439
0.6347676557589544
0.651462642787743
0.6559612119894455
0.6308738554584146
0.6664075654853695
0.6576345819892465
0.6335315154970855
0.6305829041058459
0.6283562630128948
0.6465566972069892
0.6770306911324049
0.6660832093261455
0.6440531462022112
0.6065129916559191
0.6795473766796287
0.6475739513089355
0.6447953878586167
0.629216404192674
0.6110332718754709
0.6066036266237056
0.6314962011257785
0.6535985945155104
0.6313288636911449
0.6269899860650177
0.6187911384185352
0.6378331912127891
0.6234937531012833
0.6287333829954429
0.6498344668249982
0.6274783615411567
0.635523577253211
0.6035616964772819
0.617462854203595
0.6872857024823461
0.5957126662143906
0.6811897304543663
0.6571036821977158
0.7144016868398849
0.6460283694482309
0.6686361085114251
0.6800872012685149
0.6670497267464534
0.6502922468822205
0.7051558680765131
0.682074504489118
0.6102398649103986
0.6398618181306281
0.6814964000803725
0.6743494604647995
0.6173151164039817
0.6223919352104907
0.6791719206291909
0.6619524867905077
0.6508722124695916
0.6228890799578205
0.6144924779985955
0.5990336409634534
0.633308723551569
0.6845716428333884
0.6632135442656628
0.6187301010027997
0.6943391901974246
0.6068996181334286
0.6352994089731476
0.6608183314527378
0.6747802285963621
0.7062524919754323
0.7198948636421065
0.6965230560469576
0.6765987170741606
0.6651757430062503
0.6732651052084183
0.6457478616953111
0.6535558859121997
0.6712804018188228
0.6893803777524298
0.6248429361437047
0.6952253328451591
0.7387818157950193
0.7952615493122962
0.6230658073295778
0.6636624512766371
0.6465625420465878
0.6136444608017357
0.6395905333071243
0.6252003398733106
0.6043067430914314
0.6234391828599535
0.6739833748979996
0.6368260627222765
0.6619320444012772
0.6056654107315702
0.6383465831441987
0.6528923115609093
0.6369277177892495
0.6355411056691489
0.6059532344567407
0.6270047031121684
0.6876247283513945
0.7463987120946912
0.6529092146222649
0.6629376730419618
0.6616554598047433
0.6074364210329245
0.600560452601175
0.6035281185158401
0.670092250374538
0.6524884836598089
0.6232617805691034
0.5935797695217636
0.6444692746235365
0.6542557088649551
0.639936916941123
0.6970920147557275
0.6484965217390812
0.7170297096534647
0.6302198111285297
0.6228212300647922
0.6718639514220414
0.6808990034783795
0.6530659912495315
0.6810400713520184
0.7325764292662217
0.5961677376903355
0.7142049242845442
0.6354126055820047
0.6391577822790987
0.6021967522104434
0.5932195668280514
0.6096029561952524
0.5787032274546628
0.6183039352477662
0.6098950119857671
0.6348104700476456
0.6322240856894743
0.6461229321408819
0.5971107415031803
0.6440241770412446
0.6495405434604761
0.6210033599239734
0.6473833160233932
0.624829387145381
0.629531048698719
0.6405521339668617
0.6213610132907313
0.6229507423304632
0.642949940804497
0.6405521339668617
0.6213610132907313
0.6229507423304632
0.6790799826821078
0.6334626409225587
0.6141040389944813
0.5906775637094805
0.5886194023615038
0.574079020011579