0.6380629515069165
0.6452517160526551
0.6518401811312581
0.6366931597689202
0.6643797162253954
0.6751056646596048
0.6080323941849378
0.6122725855560948
0.6223974604691035
0.644348145774234
0.6316663885439951
0.5831272630143425
0.608176826497
0.6102267724789459
0.6088874546684662
0.6602183857031169
0.6351521927633034
0.6563325629560947
0.6555316552811559
0.6125043583321655
0.6799082633638815
0.6395380389241044
0.677465233778475
0.6470824302084711
0.6807647637694801
0.68151801612994
0.6681286125480247
0.6620402216517701
0.6711566300612706
0.6432971977128026
0.6273212031011641
0.6452694203807093
0.6194975689107735
0.6553388559459481
0.6305031960284622
0.6255967160492899
0.6090940609686192
0.6317126832107351
0.6354426694429682
0.6885471877464647
0.7408582399895679
0.6251042442167196
0.6630226683618721
0.6482648103690292
0.6758104747484761
0.6117330111252656
0.6192375255585955
0.6190633054360285
0.6761351244721596
0.698632283836399
0.643052139892366
0.6441739012723429
0.6026045082643492
0.6254938820071381
0.6418365941659285
0.6136320125704274
0.6931644887803651
0.6375561604203348
0.6023572402842965
0.6476025608000717
0.7053069517076843
0.6101149036164017
0.6884073620130546
0.6747223737678752
0.6339316924349799
0.7077873346951468
0.6293352849680918
0.6243643649351093
0.6690954231343108
0.6561527644131978
0.6843255720946241
0.6748459890045135
0.6027705846333289
0.6281499165429726
0.6528438832387721
0.638547367146684
0.6114959548130295
0.6285467541965175
0.666248628751631
0.6118756026788199
0.6627335565046231
0.6467161961362574
0.6537226199435356
0.5940623997242722
0.6711941022907935
0.6781019209968511
0.6345602408233428
0.6551902687190968
0.6535007695209306
0.6587123205912385
0.7012448344154426
0.6908682124896626
0.691245605516497
0.6398562790754231
0.64242286357005
0.6796756111807114
0.6698599656260302
0.626609452894447
0.6396081786877363
0.7019093841912601
0.6395130020663904
0.6747951805776152
0.6592545875596355
0.6656030017324359
0.6678466642988596
0.6431903495768275
0.6419583399768074
0.6541308075049979
0.6829123093074001
0.686932250138098
0.6363225587249893
0.650974456971166
0.7039347113949938
0.6370537668575919
0.6714657239339062
0.610263126839157
0.6361826779376755
0.6332921350622884
0.6712131789097042
0.68617254482221
0.6931593095645334
0.6512165827538241
0.6418074838202853
0.6281056487317112
0.6391218474807808
0.663799247452111
0.651400353716344
0.6296781517731427
0.6577881224291731
0.6328283511141766
0.6726551700802609
0.5969774073785034
0.6622217257115548
0.6901201690934102
0.6492928497010928
0.6516540344615094
0.6813257829193952
0.6423470633686748
0.658100606091156
0.6295410392329108
0.6588612163583771
0.6956779831089457
0.6309500675875451
0.6199822650783902
0.6055485447775009
0.6268446460616915
0.672696404463245
0.6635500586236421
0.6638330124900084
0.7005517062430493
0.7268201060306343
0.6690828805647122
0.6999016313795143
0.750482376189786
0.6663702916993275
0.6563888784661046
0.6691992736427242
0.6316235367189085
0.6908311460650588
0.6896023830326756
0.7124093688003367
0.6434693802482467
0.678536455702965
0.6270694985111757
0.6413462637888939
0.6371871544124134
0.6529917223001929
0.6443696722084286
0.6092372763566136
0.6622518442583106
0.645644187299591
0.6741772270105938
0.6496500825637568
0.6211234837238013
0.6472782844088909
0.656652765608863
0.6593899459500179
0.6396963972719723
0.6552323263003691
0.6796577937400035
0.6205503850183953
0.6697180194426692
0.7031146300736532
0.7076589424937757
0.6793447576915558
0.6782144740431586
0.624573918431104
0.6320031398271042
0.6364617102242053
0.6647159953089695
0.6458623825445936
0.6287576441538127
0.6317498481580759
0.6088079974089994
0.5856434532955592
0.5863675017203944
0.6810180003924478
0.6412367939462772
0.6597065074638946
0.6581033766587657
0.6528845177927395
0.6122372346449262
0.6796681513774692
0.6621390809830642
0.6717886769972979
0.7040427944195303
0.6804193869381464
0.6999664942152867
0.6908053236585296
0.6699217837932808
0.6956199708786652
0.7336927314306241
0.6138475767991586
0.6054261029708806
0.6850329507371421
0.6229192649412091
0.6179210387931802
0.6540161295502945
0.6675760895996276
0.672293779395591
0.6107851500917398
0.6186159631586253
0.631685706889075
0.6510360633517469
0.6086781507952057
0.6570284709971516
0.6390105001797625
0.6927668558914962
0.6262508902970154
0.6162466476888876
0.6507778515282909
0.6582190906028428
0.6673775549190851
0.6694098873437535
0.6736621933279615
0.7012680089655844
0.7054818056619696
0.6571271764194719
0.6377762412176468
0.6462620901816613
0.6215370435043888
0.6659421046602179
0.6689459205220576
0.7084391920857461
0.6263033607965822
0.651482115494242
0.6736870452137268
0.6352855316854873
0.6295907921557957
0.6465026516007839
0.6729376714570625
0.6437286251121189
0.6658734964182672
0.6662345864744745
0.6497960394406731
0.6631318136762159
0.6974898515021412
0.6600269832949393
0.6434159253799686
0.6528634678262116
0.6643416819105332
0.648156622013114
0.6560232573545779
0.6525163958184574
0.659573250172016
0.7001207649646146
0.7034990716896813
0.6966614146481369
0.6566705154899546
0.6558423664302147
0.6745174705918408
0.6470078734165418
0.633935510281948
0.6725333938072654
0.6368778992685562
0.6658350669645312
0.5968376466798891
0.6769440666227251
0.6577838059015216
0.6632703192922261
0.6803692641979872
0.6553470569601458
0.6596820563775884
0.6627440087190116
0.6422776360759632
0.6848407500585946
0.6607107664631651
0.6727608365046225
0.6515701882650928
0.6699549099396989
0.6396790709214981
0.666064927729138
0.660905209128732
0.6778680226255775
0.6015312156428733
0.5977091246010988
0.7028410171484585
0.6703940505902432
0.6957985355387064
0.6776038342391251
0.6414527094309561
0.6681305714052779
0.6528444221494372
0.6967817229044745
0.7018340414043693
0.7283893025638045
0.6729548509094574
0.6571155507276581
0.6433241874416593
0.6254777193562955
0.6651065685377876
0.6461578169524568
0.6958790892403518
0.6746757839085591
0.7219730742004016
0.688198345704457
0.6515244489507177
0.7056273835110296
0.7245920112330995
0.6656818706774116
0.7186086146971402
0.6947468545220514
0.6788531413653723
0.6656902601092097
0.6663873255699214
0.7201865086574991
0.7202605058897449
0.6397964699697427
0.6615826251012825
0.6485803323377267
0.6562480004975424
0.6715144940432707
0.5812810171502218
0.6866793730609064
0.6908987423546125
0.7006983669097392
0.7105977586645548
0.6214020341701276
0.7021982829085709
0.677265798295487
0.6715088875623045
0.664877281981897
0.6428475628198541
0.6542980968153035
0.6838643692550619
0.595012237375806
0.6546422362471763
0.7130029670528963
0.6947024020395621
0.7094828515009646
0.717104984989064
0.6744296733463828
0.7216187021794275
0.6143464414804323
0.6615475319814564
0.7015964373088655
0.7167519487450187
0.7890444312229651
0.6590198021698598
0.7095607628148476
0.7760511507346367
0.6730411131969318
0.6636801708894788
0.6360014188426072
0.6946542852494962
0.6450504729193346
0.669085869346345
0.6745101302525577
0.635556674039433
0.6452541959515475
0.7028918210244223
0.7150708576331617
0.7136186544478632
0.7683470863260038
0.7142354047010513
0.6856735713037256
0.6841412900130706
0.6535625746253614
0.6138081990756076
0.6482266623749631
0.7026942808342008
0.7577368343109123
0.8061029889462216
0.6685748270883684
0.770577880249475
0.7241763455438567
0.7271215228361225
0.7366319384512667
0.7464750801024993
0.7124171869679939
0.6332020181555156
0.6306401017397817
0.5660754388683134
0.6562317098757077
0.6505818925079955
0.6633915545132665
0.6777798000287383
0.6770794840868077
0.658754257417582
0.6716295644639843
0.678321475630474
0.6837017599303552
0.7285853791495018
0.6861745486634351
0.6711175009932085
0.6878140831066002
0.6840679903869012
0.7407694842046537
0.6776422798809092
0.6890511325266515
0.6819630249182009
0.6777202938198669
0.6877154300502198
0.6915392465880932
0.6835972057836689
0.7083571362161933
0.7319588440863903
0.7018692562778821
0.6963884829625265
0.7126668267439302
0.7013493314098597
0.7048900779380681
0.6842556023162961
0.65488215005836
0.7067409607341472
0.6537134290883049
0.7184225100667919
0.6775759945277847
0.711427601553085
0.6245797904794546
0.7070083265075483
0.755450274036239
0.7501808050006875
0.7190306717406875
0.7129351920826053
0.7195591417340449
0.6781740796355742
0.7237631253200615
0.6487701704993551
0.6906772990662344
0.6637932605007738
0.6602467332644223
0.6502136276448521
0.7334164369718155
0.7024296635667102
0.6919107657474358
0.6788954567489233
0.7205569900895613
0.7038123095506938
0.7295892028497765
0.7031279813995338
0.6523817015912058
0.6834931232325631
0.7246154895876024
0.727535501394635
0.7050327909657829
0.6771791398468829
0.7497447059502721
0.7396283588434337
0.6877981553057407
0.7036424652038152
0.642701434990396
0.6434441975664195
0.6904496844063526
0.6923414965818877
0.7147978613887961
0.7776856438255874
0.6555440525063366
0.7134448350539695
0.6981479325891945
0.7696383179870464
0.730181823820335
0.7507690951225987
0.6172200764329813
0.6793931914156089
0.6322338904394741
0.7092605516257545
0.6362600210472626
0.6944320103173277
0.7316627962855294
0.7240429649032388
0.7086583910910015
0.6981087656245784
0.6883584164851398
0.7473497176312575
0.7023481288009121
0.7740880670111763
0.6958640604437346
0.7089290652994688
0.6974741066996674
0.6205675723870058
0.7101969202256956
0.6784640097818784
0.7241542565226479
0.7277226150696707
0.7312122016850037
0.7260395384623293
0.6827226077884723
0.7246553968349084
0.7657679304718584
0.7102713048314817
0.6979144573691115
0.7507473203172373
0.6730811265539955
0.7089154490265358
0.7145486435761731
0.7208805735840941
0.6250746667651692
0.7008014891900413
0.6249185577019482
0.7090656235396833
0.7445641372348605
0.7499395011041705
0.6603844207383616
0.7037147245062622
0.7469362645121466
0.6713330716810676
0.6969513849268504
0.7074194569117179
0.614665318544221
0.743161623941508
0.6952490472649326
0.7294413426673649
0.6888630490487668
0.7231459470008954
0.6515920719928835
0.7403225795912984
0.6991707060532193
0.6464319933696875
0.7473442992735239
0.7193489839190123
0.7334051701249331
0.7235010731337788
0.7195635392340316
0.653764971281506
0.6912072520840887
0.7000171077603118
0.6418986525676487
0.7176157231888189
0.6939064955480403
0.7142120329902362
0.699514968297897
0.7356064905260032
0.7195864334378812
0.761573510272418
0.6661383109606812
0.706560339294493
0.6693513679482986
0.676530889555984
0.7257760841519053
0.6734906545416259
0.6628111388270718
0.6944068119572401
0.6826776515636434
0.6401175696645415
0.6945039167575775
0.6936366162283735
0.6743433145142861
0.6628029359980591
0.6881079479410962
0.6743360200314148
0.6982610023923758
0.702287320767231
0.6438082814316092
0.6764136442425229
0.6799908001653742
0.6614428573190688
0.6827774348294335
0.653195238484303
0.6485539859010437
0.7003572839927612
0.6758495570019468
0.7022912001492021
0.7497140072537265
0.6292026008281485
0.7008218484443217
0.6428555075096091
0.6856839442200203
0.6496774730685194
0.642934709671016
0.6727813422820397
0.6604027040947346
0.6147599284052633
0.6879575470902916
0.6924197893717676
0.6865744755140916
0.661659869702742
0.6938853931090158
0.7295241296912339
0.657975823627557
0.6452151392979226
0.6608679990561852
0.6513651700688751
0.6914383080309292
0.648115119237528
0.6687548145500521
0.6583383782645154
0.6830824835458382
0.643510933344775
0.6839360309299494
0.6478085501249601
0.6605658469746215
0.6681392530541469
0.6864491997229817
0.7070440076111274
0.6189974070543347
0.6616307115027208
0.6782940770717508
0.6759084388799678
0.6514830162603936
0.6831423077768666
0.629994495413848
0.659050075195899
0.6918261293216156
0.6705827552263706
0.6189974070543347
0.6575815077039949
0.6858803644311879
0.6785115800886271
0.6024219759294575
0.6647116723940085
0.679617599718784
0.6934732757530467
0.6638411908618723
0.6964976283811636
0.627422476488702
0.6402433178759804
0.6226173728150486
0.6047518122801452
0.6672048608255345
0.6607841114484057
0.6446118659872822
0.6117231924492921
0.6343055046029332
0.630837232472928
0.6854404918309501
0.6321416832436394
0.6926500713460922
0.7128883478772713
0.6566191987780902
0.6672749163559181
0.6543657197860827
0.6568322716458125
0.6489680665598715
0.6673477033865911
0.652160904999062
0.6332000687539912
0.6702196418590024
0.6646050424690167
0.6990048369342287
0.698317758336227
0.6273815861481847
0.6388817751253677
0.6626654902992691
0.6598438229922072
0.653512291970257
0.6909105348822959
0.6475204896774335
0.659586782002533
0.6897096193501567
0.6670394562589519
0.6338802542560397
0.6620622124464679
0.6638757691255895
0.6906056512803701
0.660114229253063
0.6579453984543104
0.6423356815834157
0.6642390349440137
0.7051765469664155
0.6685589398196204
0.6168441182400473
0.6197606897499022
0.6686544441751191
0.6645273233908828
0.7073675330852398
0.6929836682053754
0.6602792778742478
0.6717642255922972
0.6515037257831408
0.6814520632615128
0.7037664198809225
0.6589299567622198
0.614392846768006
0.6354522712995802
0.6621499398881443
0.6778342557082853
0.7115462191982969
0.6633506016143239
0.6252153007167294
0.6751124888438643
0.7027877631769375
0.6959126045825447
0.6700904431677814
0.7138473320967376
0.6841625252538769
0.6428140833016709
0.667203270606156
0.6707441355026752
0.6659265900907229
0.676382238972641
0.6932453418453021
0.6632596111256042
0.6896763315598478
0.7107881482051936
0.6415611137166205
0.6691286951228658
0.7387370120402198
0.7242015515415515
0.7032105831876164
0.7281252413580188
0.7709808703345167
0.7017696944936183
0.7063946300317822
0.7815858515903659
0.732335754162329
0.750265447524123
0.7287690654563206
0.7393776883212164
0.7241807987099755
0.7359655315083806
0.7027303190449774
0.6709692041036283
0.6867527668209493
0.7075233480447667
0.73692872552192
0.7035879187999773
0.6932912567190748
0.7057692858057053
0.7059390029036796
0.7169192478724589
0.7324493719626675
0.7326288209297023
0.7234011322048829
0.6690482908437724
0.744278811406279
0.6621520889461296
0.7186008889186887
0.7159535648660238
0.7242998331333779
0.7009486370650744
0.722492391435241
0.6438082814316092
0.7060237127820316
0.6851772828817023
0.6523671719613799
0.679908901712416
0.719501109232025
0.708628232000737
0.7245780127964673
0.6469923805490836
0.7516299895300222
0.7101599538122414
0.6571013012019686
0.7005942532651009
0.6527301560773583
0.6463984358867915
0.6628398319772522
0.645068822879129
0.6453846076066079
0.6647400854657316
0.6189392383681387
0.6730687539094057
0.6722347297003602
0.7349698820430485
0.6873717364997518
0.6349708315888631
0.6218033303103112
0.644569860934568
0.6672712259853344
0.6682475132609726
0.6280841509779209
0.6438287365293196
0.6802831534266893
0.6874942426375352
0.6470358701988698
0.6819502332813191
0.6809925235996726
0.6239013643765238
0.6565709431087744
0.7463306288184719
0.6641625707769292
0.6691487611747559
0.5971286392268839
0.6729356645842681
0.6547726817392148
0.6308245575028116
0.6621759032252417
0.7152178017601561
0.6267204360409219
0.643083571397737
0.6046275693550353
0.6792264645033552
0.6785928977582227
0.6512159330172211
0.6416355091136292
0.673515770528492
0.7044846299796449
0.6939205317985078
0.7124778594289851
0.6716024972527742
0.6322190407982101
0.6720813160581397
0.6603123415704607
0.6749198755470236
0.696820280234123
0.6898350933798276
0.7415524041729048
0.6823692763766587
0.7111752014678084
0.6881961974570032
0.6769773641772531
0.6748778468261427
0.74197080171109
0.6733732135545949
0.6844624855867069
0.742036452121946
0.7198839094292729
0.6279931031638589
0.777345375386302
0.6948549936409869
0.7169730544526112
0.7591171619209774
0.7168830273011755
0.6874212530432068
0.7689817740935431
0.7508474719430372
0.7629290333539018
0.6938514061532954
0.7356085759061172
0.6925183595699872
0.7598539254762918
0.7411098852918633
0.682740262445673
0.6887483578753081
0.7032866983087162
0.704631059804573
0.7418629966925926
0.7461278265537172
0.7478918061017964
0.7223115205168554
0.8129176882640446
0.6868772412912338
0.6622966121815644
0.7163956162722381
0.7272103856951995
0.6779615083643671
0.6945138899233878
0.7162500246083106
0.720674868064904
0.7458561395146828
0.8000218316646122
0.6838492584058495
0.6885431691165272
0.712505745261732
0.6558856020650613
0.6433010957628402
0.7601426101382702
0.7042326695886111
0.7053151209533807
0.7513465384439035
0.6790161193806398
0.7160118780153533
0.7045640394911886
0.6675170406392904
0.7200999108323209
0.7042901099222975
0.7045640394911886
0.6642232223290373
0.7314038583940081
0.6673343685970351
0.6919314011408302
0.7126908609882538
0.6548183512441795
0.6721318450119318
0.6881144320936072
0.7034762795316937
0.7107771249146173
0.6779299611965034
0.7264342900991746
0.7353354300349695
0.7185627425779408
0.7089675590062131
0.7045338100387432
0.727559357805239
0.7036002334927519
0.6948053422380723
0.6968146346142625
0.7260412257393404
0.6551008425270255
0.7134122551831784
0.6947686162114515
0.6796951541570183
0.6865888500687444
0.6851950930630589
0.7687354000125226
0.7311773945266332
0.7153085554354142
0.7864022549166044
0.6297454062973348
0.7429676432819581
0.7782030679625005
0.727471514173951
0.7309149008054598
0.7222958378808001
0.7231565075429984
0.6990834292886761
0.8053242497246871
0.7146758217248621
0.765254867159137
0.7807135419359617
0.7039928790175111
0.7240482201194418
0.6901275161654159
0.7381087403730722
0.7547677573588668
0.803524040826685
0.7232340283825945
0.7198121562882204
0.7904225159076648
0.7486556552249131
0.7075100873610428
0.6977772680356362
0.6787555163716762
0.6784983839535165
0.7111247009269028
0.7280824269432267
0.771332784914686
0.7623492040378661
0.7683735838388067
0.7291438826805036
0.7228595540904211
0.7614840458721069
0.7728237729125281
0.8128615997731321
0.8174954276958384
0.7855250062572765
0.6483262347829407
0.8053809269939929
0.803879769129012
0.7284931565608362
0.7996695184078744
0.7213625703307165
0.7277542075887975
0.7983672336623346
0.7355710321052257
0.6808514481562274
0.7050141226730526
0.7042119935880159
0.5861500826048056
0.6953575076362138
0.6402079854444479
0.7518587683465909
0.6931102515018693
0.5912363518593282
0.7414158733132852
0.6943956998553542
0.712604213104943
0.7160527984326074
0.7645008764165743
0.6953977833263999
0.655618395980021
0.7507832110617431
0.6606468998517884
0.7216230832070122
0.6985414895773718
0.7250319581965929
0.7204555594409572
0.6527858298688158
0.6352579836505916
0.6403631996327683
0.7143287177095622
0.689410462768339
0.6634026332197587
0.6962089063644299
0.6443094009340232
0.6801178582875411
0.7424457425089198
0.6305240603526117
0.6586563666313109
0.6528412082850823
0.7184853359133343
0.6914312310750986
0.6863104761900551
0.7400690302143498
0.7343182822465016
0.6901237580004761
0.7155393128505396
0.6724233625679727
0.7237562126981841
0.6997141584081742
0.6840180798776879
0.6919578759418974
0.7374081147457516
0.7863748707903869
0.6951219132397896
0.6905566510088065
0.6623353856799895
0.6754883641544066
0.7027528918616767
0.6527335582160507
0.6624612613974997
0.6934579958396465
0.6936743849346881
0.6896480474113258
0.6498731364832322
0.7309632388205076
0.6925049398876212
0.6832698896513388
0.6974613847715088
0.6716047510942444
0.6359413384359265
0.6652476860222165
0.7309032458923594
0.6550035354359615
0.6866031392755155
0.6071342650713772
0.6503910376159137
0.68826144298531
0.6804804144290258
0.7024933003435617
0.703558419148037
0.7125528739448682
0.6503415702573141
0.7017701787266698
0.6592814480525863
0.6589974131754648
0.6901420352837933
0.7190132615917171
0.6675164536079704
0.6625824141108484
0.654656862905661
0.6853765068505423
0.6571085334093494
0.635586719883931
0.6518698687333643
0.6548159395931507
0.6592252850479238
0.6629110894201972
0.6333396884759037
0.6369582517619614
0.6113678471157822
0.6948125160306161
0.6808587024321132
0.6685922854077685
0.6915960195015657
0.6818918173109529
0.7219517562223365
0.7021972231862009
0.6486119228424007
0.7160446152025779
0.6441284728890411
0.7141724191477129
0.6942459519182559
0.6684837306313011
0.7160935175043018
0.7134723473267794
0.6591006406153613
0.7258392848815116
0.6741947567511563
0.6420487128300317
0.6450296083315218
0.6190086426584461
0.614027629549266
0.6381850331580198
0.7242690236478577
0.6098560997850263
0.7279512139559674
0.6724618292568484
0.7084571041415897
0.6734866926323085
0.6933839504725228
0.6597025872743227
0.6861730080828541
0.6943639555666428
0.645733697124688
0.7519136796455818
0.6537786310812581
0.6578220754916064
0.7126128535791485
0.7371738510026368
0.7354383465852291
0.6919904930941757
0.6905174647848085
0.7047434103223508
0.700267594207942
0.6465694166577269
0.7143552445098611
0.6623233791913617
0.6999424648168513
0.6973160177889672
0.7492149328191245
0.7139780432315511
0.7335891872055909
0.6536231632823136
0.6466293452990597
0.6296607414107258
0.6691765019453187
0.6353003437081541
0.6418043712991277
0.7008200496614231
0.5765235935022535
0.6170977071605271
0.6461701821870791
0.6349446506348221
0.6212062089530218
0.6220710437593591
0.6322076958094665
0.629484302949416
0.6740274555914189
0.650417407680458
0.6166979415461524
0.6275536797910992
0.6534839270104412
0.6046554538350565
0.6235129134978187
0.6668273657450211
0.586358290302369
0.6400964254356495
0.6328155456426776
0.601154261918179
0.6603204266533367
0.6414443826073979
0.6458464076475531
0.6565227925961522
0.6482724176382126
0.6161669227381377
0.6281048240609485
0.7269346594287864
0.6876706865900373
0.6639963625278338
0.6195366350275257
0.6702019505520002
0.6295408551739707
0.6650515584935338
0.6505134242806229
0.7027374685241883
0.6316304534923436
0.6524974870570314
0.6610729928210863
0.6620148989715147
0.5926977240599864
0.6236115124225098
0.6854794356962662
0.6262518951899966
0.6711191557434173
0.6344338750370564
0.6710056000795885
0.6243551725355521
0.6473852652233149
0.6147262813193468
0.6342617659355
0.6567873345615349
0.6766970871312978
0.6675655110787474
0.7237055199964818
0.6506749576993313
0.5927495992001155
0.7203458445995026
0.6786745840966356
0.6786553927445219
0.7000793139838035
0.651322874420103
0.7078932422991201
0.6721956646055754
0.6991049022704108
0.6405884064969437
0.7231357505330117
0.6649375743484187
0.7259810181851846
0.6867327094156096
0.7007369659807029
0.7404902611910033
0.6799181190363065
0.7141115248353365
0.7325158692509219
0.6927175483734506
0.6691148930412152
0.6995297733350819
0.6877607214653909
0.6716283234177107
0.6446594206026343
0.6407383073332692
0.7136510407880304
0.7280266031732624
0.692632263901009
0.6873593918085785
0.7219675343189709
0.7560946325839243
0.7697259894386814
0.7732775542974378
0.6742566789408434
0.7600992347852462
0.7826467162587825
0.7106310707572667
0.7228111077836932
0.703766124191309
0.702050532382807
0.6848695630161301
0.6951364533266259
0.6736543719493702
0.6547675712146087
0.6708041276240844
0.6905887765749946
0.7291375033656992
0.6645907816245203
0.7056520700812055
0.7369752396598976
0.7696109514560724
0.6746399223374574
0.7135975421385727
0.7768187451295712
0.7173099078149798
0.7030451816814618
0.6996438428674998
0.6466828169574653
0.6715860295220615
0.6787394106900035
0.7133231269272777
0.6847812643155636
0.6975872316936673
0.6703921317943256
0.6641999166850726
0.6702172093704345
0.6834312914236054
0.6995715209475872
0.6461957139381066
0.7006489944361273
0.6900125513305202
0.7065073017275307
0.6953728270134047
0.7060008572349815
0.7109248957266163
0.6980411895294324
0.6961191841559141
0.6953091523141172
0.7209664112348597
0.6934026083268222
0.7750257675926131
0.7362086730811255
0.6709837264413846
0.6907254717875717
0.6998037058025881
0.70195951663347
0.6335678115496635
0.6759799463248896
0.7197999388055291
0.8143036199991219
0.7097551200519366
0.7182221979422563
0.7977602712756251
0.7469523085993804
0.6824650546811635
0.8229478370550452
0.8458469855966183
0.8108499246731989
0.8355478364181075
0.7955335133701446
0.7136300773985921
0.6878122544001544
0.6622238101945535
0.7276561450957781
0.6764629126302022
0.6497801089214253
0.6780220641464304
0.6527545664019899
0.6887877270472933
0.7301287322298767
0.6491013134423512
0.6917365842321854
0.6628396603329163
0.6794830324215393
0.6934865135299988
0.6827039919428518
0.7149417085797137
0.6880543369918375
0.678945420280162
0.6968039790111765
0.6562473463106607
0.7229192598624766
0.6698990262095276
0.665168766011934
0.6699307818194191
0.6795877449724911
0.6774537475767834
0.6731483548437517
0.6212320239942087
0.6344987903781495
0.6287590995576288
0.6315178745514135
0.6191122856459651
0.65694557691866
0.669830689642361
0.688750352932614
0.6252548900829455
0.6869590644366633
0.6825940192585088
0.6469715217979797
0.6763519672017255
0.6604734984057806
0.6213726165388349
0.6210674537450045
0.6314675840094369
0.6465109826752673
0.6735587307199294
0.652969128275422
0.6570091675715349
0.7106602730862663
0.6356211156507318
0.640703016585838
0.6596107331689611
0.611734052431371
0.6224057584624889
0.6332143243558113
0.6420313100245398
0.655293076914339
0.6141205813416051
0.6416797663105188
0.6201682688384832
0.6214475842973463
0.6564461242966303
0.6628050785941365
0.588866595960989
0.5966877133239814
0.678185618648583
0.6291419275573822
0.6400674691795718
0.6488686040496523
0.6322970583192811
0.6487183069112069
0.6984464060228219
0.6129264727116526
0.6459193440946106
0.6489406741201447
0.6501603316917216
0.6621712586252999
0.6794982129109364
0.6673527853329565
0.6346478554737544
0.6471378780560916
0.6834964572389742
0.7089234272734338
0.6859194310955546
0.7036494014399315
0.7268498865048778
0.6200842295426588
0.6616740708320888
0.6709293672837139
0.7434715994865664
0.681661004793225
0.6807616018384951
0.6185921775916193
0.6002328066132429
0.6143832381454228
0.6042987739441746
0.6598807591030614
0.636684267395096
0.6406350447607508
0.6473254592118481
0.6629315470843686
0.6574751951451971
0.6262126515443225
0.6983198833438952
0.6740057139069179
0.6319006474449342
0.6023656271391511
0.6750465861233025
0.6091947123126518
0.6973232548250891
0.7373282047143233
0.6802175025936263
0.6591244419261422
0.6790544315497113
0.6878768862507936
0.752839369026316
0.7362177785316735
0.71526426992198
0.7043615137347129
0.6308833641715031
0.7228669851346512
0.7606601231249169
0.7239003681392016
0.685865482089198
0.6911821364743428
0.6955925098424787
0.7215542384040097
0.7134422566377254
0.7202964807352435
0.6851838942667648
0.7877136451931105
0.7344038820540452
0.6986087903167347
0.6452702910540046
0.611194272517319
0.6937001937870333
0.7115461592712051
0.7372821452747127
0.6908353242734155
0.6890718300255326
0.7354918966862964
0.6960459361337649
0.6654829511799143
0.6490794674297058
0.6319899111765694
0.6042768520192235
0.6693346383576605
0.66694194159594
0.6427614414173562
0.6499661927200339
0.6490529262356607
0.7008755148712438
0.746630978571163
0.6819235164325852
0.6710782339373311
0.7057779645195483
0.6479303855469062
0.6868346452420577
0.6636447785166084
0.6746551970210497
0.7770861315512538
0.6972310761110582
0.7209436800509242
0.6959204412196228
0.6754963804937425
0.7509982403584523
0.6901828050201245
0.6983566965525082
0.740262684271572
0.6806760655502299
0.7045220010572446
0.6484619261419446
0.6739191854960764
0.687592512843297
0.6778087364675263
0.6864102696103943
0.6760886467113408
0.6360066184152925
0.6459322111810298
0.591581259331969
0.6564153855301639
0.6673647849476659
0.6597181774479477
0.670708233730773
0.665312073014946
0.6925414098760428
0.6379556791573171
0.646933201092038
0.6523201462523385
0.6330824991519756
0.6473352788773431
0.6329628976493787
0.6472824041409613
0.6458402004513148
0.6480522210257755
0.6627335565046231
0.64474332476636
0.6736732504119153
0.6955409291995541
0.6319532709903136
0.6660767328058408
0.6626786211251043
0.6890386695730767
0.6942621696913573
0.6401336989739134
0.6960634204683381
0.7059698488214888
0.6388757753106631
0.7256149362901623
0.6551841075254579
0.677702232625555
0.6537970201850937
0.7137102033899658
0.6770300380446833
0.6954181811383823
0.6848627267765058
0.650114419186028
0.6747131453938614
0.6480382172259479
0.686268677787859
0.5704641413102773
0.6169187516611302
0.6412347898422156
0.6444951897712548
0.6575206712483105
0.5921918818942757
0.5663548576268901
0.6258025002365437
0.6553722467722871
0.6144046081460611
0.6486123972077861
0.6296499323190229
0.6884853205111922
0.599798887170572
0.6658178873929378
0.6483605267338577
0.6138834773675577
0.6203945543245335
0.7027043519373007
0.6248576510524742
0.6162755016852484
0.6247906405670436
0.6882772968696561
0.6540528890567169
0.6527781170821614
0.6307410955010104
0.7081451090835542
0.7053358284226184
0.6827838746080673
0.6743621438559252
0.6752026637375754
0.6876176338444407
0.6959335589908084
0.6826440784951782
0.7133053322277273
0.7198158919762422
0.7046249862134466
0.724530655171342
0.695265231917947
0.6315057985437573
0.7319376761420758
0.669955861913025
0.7353527193546032
0.7437291550770762
0.7284817355660708
0.7052523455398537
0.6650115519885933
0.7095448080043099
0.6771167509282277
0.6743835771245806
0.6751843750515072
0.6859962601367228
0.7173857790028907
0.6949363299351912
0.6876407724763305
0.6845856824619045
0.6611313802579887
0.6351879065542712
0.5978546816559139
0.698703896927152
0.7409206204146365
0.7413624769726158
0.688477170509734
0.6568702687523791
0.6157375671823818
0.6651986718314481
0.6714688331588601
0.6704464209927835
0.6663306089648345
0.7196128491236115
0.6791242962099714
0.7456285523634283
0.6761904199091885
0.6548839942271675
0.6596228138128802
0.7548144584566412
0.7322634464572074
0.7225998701874244
0.6711514724609089
0.7281450506399939
0.7147536617745563
0.6744659327734993
0.7054233837187811
0.7023356291637315
0.7411592257147326
0.6688438808721542
0.6725022858232721
0.7085634674674756
0.7047081967317601
0.7010784657304499
0.6661504263619472
0.6805484007510844
0.6919630261439
0.6801280256402118
0.7014052237839478
0.6563390711162932
0.7232828142084347
0.6657324932349813
0.7383422489486972
0.6558890348123926
0.7130267331172541
0.7116633246105114
0.7439346354230327
0.7268740012178122
0.7302284029998457
0.7580637535462067
0.6938199728736824
0.7723916313635363
0.673718942790323
0.6509226459746326
0.6926995260268025
0.7074645742007379
0.6624118186210814
0.7062736444382222
0.6815663227447826
0.6902104279424744
0.7401651610718782
0.6992961563711826
0.6825859664043126
0.762644370907738
0.6885854429874263
0.6932692166254745
0.684630671927696
0.7340593303399293
0.6766544528836819
0.7171610683753333
0.6735499790991877
0.7077466241157925
0.7081159586793043
0.6678286849112207
0.6629171246614775
0.68233204049794
0.6930952451909803
0.6945775854627608
0.6552536464303549
0.68011349695826
0.6837398057731345
0.6967203282791053
0.6662186624699485
0.6859581715480145
0.6635629416944181
0.6702314789630279
0.6635471157183711
0.6269278707026766
0.6859581715480145
0.6684633153951789
0.6236707664814156
0.7527419452543956
0.7040593662223665
0.6874924783017331
0.7410817864982586
0.6504660175229185
0.6680100247537403
0.6581412079501502
0.6896822606583941
0.6970396712761072
0.6983476029981626
0.6535127948118988
0.6552171782601418
0.6907896028599931
0.6949746200009492
0.7043908705428285
0.6978866822732769
0.7224170747922785
0.6411632766863868
0.6391168908599958
0.6654725496516704
0.682303611914441
0.6469943074314336
0.6607593735857592
0.7433219882326775
0.7225104772634664
0.7101609325429962
0.6761869971058746
0.6413049990592459
0.6625518451384422
0.7147586594554131
0.7182160086751084
0.7132995286725445
0.6696172058937092
0.751274580954298
0.7521919427861933
0.7285536324538378
0.660449557930768
0.6794090512837367
0.6649233842423261
0.6596637837129764
0.7082211840912962
0.6897636373093907
0.7001778157443768
0.6829701557362536
0.6770213589968144
0.681348372096209
0.6722643273118936
0.7327500528307124
0.6626525147565234
0.7214860704247146
0.6438281216794982
0.606567905566538
0.6667044804157446
0.6411097381009333
0.687896199409881
0.6727606398311071
0.6731839431692862
0.6537117286013948
0.7157764067570249
0.7214370738597359
0.6752908912976442
0.7603257627866518
0.7970475477965642
0.8037626700737384
0.6171280270792014
0.6294767607701655
0.706520014261917
0.6099981870136418
0.6242697733282881
0.6268589187054776
0.6759703518945441
0.7025319837357038
0.6414150008789546
0.6495828554709467
0.6448073797908884
0.6231029972958462
0.6390967675582575
0.6803160529448345
0.6630283512743557
0.5893068281397339
0.6776206329081526
0.6654907793088095
0.6565026068336242
0.7336825291123044
0.6958026555675857
0.7004120100416041
0.6794660201482099
0.7557282065223794
0.675009447030346
0.6928720163581426
0.6361731073617003
0.7037917176460791
0.6766257917465556
0.6535680139413911
0.6889957636593969
0.6555380656731296
0.7227300000814495
0.7016829538315482
0.731821501291324
0.6704807704266479
0.6418613443704634
0.6370939459624125
0.6572912959092457
0.6370162901472026
0.6782229800280036
0.644659300163073
0.6744595347681824
0.675995687671397
0.653911116137821
0.6881034884491563
0.6793601877384381
0.6612580800108302
0.6597913853598024
0.6394514517133311
0.6680377242777981
0.6352157400762446
0.6460549835243902
0.7161663804702445
0.7461053265025417
0.7670785211046538
0.7120255074300015
0.7066499768417963
0.6592379622725542
0.6587622801462575
0.6576436283141649
0.7334140560488028
0.7141122384623725
0.6991592223414604
0.6690330310456711
0.7005096198313845
0.6888157244770808
0.7214994545744663
0.7497857927463663
0.691927535172612
0.7395239318307818
0.6563490515039765
0.6238423506495808
0.6645896866550732
0.7540259271635463
0.681661004793225
0.6807616018384951
0.623846109727467
0.5898213389282041
0.6336277672722367
0.6201563171141167
0.6563194129566409
0.636684267395096
0.6375831841866313
0.6378767539987396
0.6574751951451971
0.6268983909389642
0.6437607450345874
0.7038496542782702
0.6909834710139385
0.7204160492231056
0.6968423412141417
0.7182238508448535
0.6940270724023752
0.6943525694406347
0.6983663700922008
0.6509654482179675
0.6836443245613073
0.6580696359804569
0.662329261035417
0.6093463539435183
0.6578765212385207
0.6580696359804569
0.662329261035417
0.6093463539435183
0.6706482553535561
0.6301949310332774
0.642341072313461
0.6223178465228034
0.6217651476290319
0.6673602500364311