0.6384623366368181
0.6446380643040447
0.6645011927194368
0.7163688025335718
0.6257961101364268
0.656060152997419
0.6589362050796247
0.639167142248601
0.630738798772847
0.6501827421397464
0.6759997835484292
0.6570277869348307
0.66145769296967
0.665129881772138
0.6981429774177705
0.6661195447564805
0.676799032309278
0.7285515672386202
0.7461571975371635
0.6593998343590215
0.6811198742015647
0.6883030333195617
0.6789548669561125
0.666144290682815
0.6642853282303794
0.6728414500881522
0.6804195737029105
0.6682467510524845
0.6858183155413349
0.6678598005833659
0.7044650836685523
0.6737151744438431
0.6761512269944363
0.7054902147494085
0.6678581841006211
0.7119106136895896
0.7009423770867723
0.6184717981056916
0.7082660781181036
0.6989005896948604
0.6807647651125285
0.6702713137597675
0.6758059678802726
0.774368450178162
0.6486428464045438
0.6797716189262056
0.7194970794946712
0.6358177662776479
0.6675203942634929
0.6705460467899089
0.6662867044725799
0.6604879197743405
0.613999432051307
0.6548445104100489
0.6091734428367178
0.6371096793653463
0.7124069561993277
0.6509136977023646
0.6592681198306002
0.6452580952754969
0.6783331943334674
0.6495560324013268
0.6744127413545825
0.7199125284269196
0.6700931021728337
0.6744074578372891
0.6367442867848785
0.6230380389033486
0.6227430291760007
0.6123792801333066
0.6615218133374032
0.6126958278891409
0.6206057118664163
0.637412157810312
0.6766047827411839
0.6815366085891742
0.645808131463035
0.6404845553462611
0.6880469415071864
0.6541352170008441
0.6107299732046562
0.6706987679462602
0.6715069756105019
0.6480468314963993
0.6410293875135444
0.662311757231916
0.6302575270846229
0.6461278954125825
0.6271463462253184
0.6190046240372148
0.7026555535064474
0.7272007455614479
0.7295176348003652
0.6654133196566351
0.6731736526906019
0.6891816618724355
0.6940721291163058
0.701034764619835
0.6542659317710714
0.6933302069533641
0.6843084112891763
0.680224387079607
0.6555333977765733
0.6916773110144611
0.6882174689112556
0.6459104635758025
0.6787999570572086
0.6742581935556538
0.6893465783775509
0.7043565546905769
0.6815474333327178
0.7198984225077721
0.7375729271697669
0.6472998473740769
0.7098468061660991
0.622904825645003
0.6465334176128845
0.6510061854511592
0.6864974813911047
0.7390450651468362
0.6778694800799658
0.680478971975708
0.6837461660581422
0.6533953186909032
0.6623981353235846
0.6853584793015309
0.6984926325270546
0.650631827174966
0.6643816442250192
0.759661042410322
0.6784119795517063
0.6432509962997446
0.7214070254000845
0.7165840936942667
0.6656439095652974
0.6530736147165253
0.703637848827179
0.6793781489845716
0.6888208007317468
0.633339916565367
0.6799978200262898
0.7022922667360382
0.6657566514468017
0.6684476038718117
0.6338423157533266
0.6331759220435622
0.7026992674867961
0.6926731455031173
0.70674804283761
0.6959233781401177
0.7212593267116733
0.6546625374170694
0.7575520315785832
0.6872360000852988
0.6713493195355458
0.7280603723849203
0.6762492468887359
0.7101746536500031
0.708701069286951
0.6589966306111298
0.658652701133986
0.6955440829868595
0.6892310049926584
0.6953018157348165
0.685268752859687
0.7004413837460496
0.7740668240166083
0.7393640061549577
0.808141411868261
0.6899378431059199
0.711200975527458
0.6774296395310228
0.7072722946929115
0.7288103051912724
0.742342434738456
0.7278922713847935
0.8308858825237561
0.7421977259213562
0.7333939766678454
0.7409923304569763
0.6730495435565347
0.7179523588351887
0.7197706278177016
0.7570607017135753
0.7075392169866633
0.7011993639119742
0.6292058796450354
0.6993624732194629
0.6738503193136204
0.6592364432324601
0.6664385941346802
0.6619674785959602
0.6979430667465284
0.6493695573834776
0.6594834762675821
0.666189073839617
0.7054941246402325
0.675595753393231
0.6603727351400819
0.6557622351870237
0.7313858957414453
0.6978511018502214
0.6305274804488523
0.6975637133207315
0.6986264693273573
0.6668418146593652
0.6870141017296049
0.6699402021930527
0.6859553559365106
0.6344367799075739
0.6961001617291522
0.6671375465290317
0.6551568871093394
0.6595542404535624
0.7020468989420445
0.6939474453650999
0.6866137248640187
0.7035777874115403
0.7342897018241511
0.7083235659126488
0.6959869029345727
0.6864036648945737
0.687109822396332
0.6706668176003985
0.6747195703387225
0.7137568286866978
0.6598027176350614
0.7269951235970646
0.6357941098508915
0.6251917696095831
0.6801232792345637
0.6542134618075656
0.6806929034257247
0.7898399020660284
0.7043293754509736
0.6804577492127853
0.7428252699448029
0.7001970742795258
0.6862765105286444
0.7249383523135444
0.6687559193049564
0.7397582239882328
0.7251401726021917
0.6892542412517131
0.664769048406332
0.6793419893172711
0.7474580565171248
0.7290117551628273
0.6847241247807477
0.7223988271901556
0.7159571406699846
0.7325522609793746
0.7311329886235111
0.6985165856815329
0.69253249309649
0.7024309805795542
0.7256339999836806
0.7097848256783809
0.7069183768146157
0.6423520342560398
0.6679769614105322
0.6823923923635995
0.6902736865524913
0.7008218919868788
0.6910059673648181
0.7197384958137377
0.7147829167610004
0.7160822438495985
0.6375058484333362
0.7121450915425568
0.6337587982301851
0.6452586010149347
0.6157181960793138
0.6226584928666461
0.6629147386288827
0.6729349856089892
0.6593340853298167
0.7195500168532054
0.704491686877255
0.7074879223150708
0.7240663966371103
0.6926361853389558
0.6993642193093564
0.686158728674854
0.6940284040754467
0.7264102613075107
0.6757726566997369
0.6423976563114884
0.6872937592524513
0.6816894497168081
0.7242852808428641
0.7007130433989583
0.6776120949267843
0.670085184167353
0.6165083797396901
0.5925272908541486
0.7044738966350177
0.748513032430862
0.6740572151309271
0.7303508976549128
0.7576262700283666
0.711227160054493
0.6986604382816102
0.7583783693119306
0.727720401954476
0.7133790158363196
0.7510150197810483
0.688683849685766
0.6897490267433797
0.6799314168670637
0.6761332344225662
0.6741588440876516
0.7256287310362557
0.6861951886378915
0.7149815914003098
0.7032616745611027
0.7029339194296388
0.6958445246724596
0.7241781061615149
0.6581939974850014
0.6837333946700094
0.6911474979827671
0.712767797884399
0.6927837471807756
0.6908549952593721
0.705301883255537
0.704210688457089
0.7193097211338346
0.6661913604524743
0.7338898614253423
0.7189926940336486
0.7474451997133842
0.685750280492804
0.7397591723619272
0.718551131131781
0.7056529273591202
0.7469163676361216
0.6295730084410311
0.750062058727174
0.7113121837244176
0.6890926341287806
0.7214676352730313
0.6298553351919169
0.6628039549217803
0.7424710072068633
0.6525687735528832
0.7274043385445481
0.7519320159633508
0.7278552729731941
0.7167796840667603
0.6601574799044803
0.7186333472916824
0.7699427977326989
0.6580932657292758
0.628725511170934
0.6743178009677259
0.7402187746570488
0.7111762968007018
0.6775432906888585
0.6844470412452776
0.7495038859669739
0.672261741229825
0.6586421489060362
0.7000103311446383
0.7091816163573945
0.6654096884682196
0.6513085283849409
0.7313348416229064
0.7034961408983976
0.6619262230820999
0.6809211713376759
0.7209463079405957
0.6702094922331974
0.6712080309964036
0.6840611139909899
0.7081695854281089
0.6584339021662636
0.6084620366680222
0.6873812273351185
0.6851849193278375
0.6979262495279467
0.6994700213880489
0.6708590885436212
0.679487158879121
0.7171166620274715
0.6793013504805337
0.7454517373488612
0.7141463059794092
0.7344788321513891
0.6981894896119528
0.6746701014486268
0.6778096196601312
0.6425740388951401
0.6839847605244909
0.7146892259739914
0.6765337554422305
0.6549828885941602
0.6873978705674889
0.6767916929309493
0.7081764483632714
0.6975432880672657
0.7155006102494574
0.6873755106177553
0.6963547196123512
0.6943822852994966
0.7080710652770822
0.6963582859279317
0.7235807754381847
0.6588469753785742
0.6588246906038493
0.6812487313965915
0.6605099286712259
0.6732800874217578
0.6887762384834758
0.6807613045615033
0.7093698310394975
0.6689722579278969
0.7246916314719491
0.7136593607998525
0.7179931879641702
0.7006692210212083
0.6645005580183266
0.6376818616213213
0.6454971863072761
0.7087855618220115
0.6887283309691049
0.7603300934455635
0.7071255365269871
0.7175664012768583
0.6710673100636124
0.6700392675685972
0.7290586467181875
0.7148165853004029
0.6913787238882151
0.6821749814731183
0.708116233462983
0.6531895899624303
0.6859793851122401
0.6725123858422529
0.7146985999285193
0.7033344109762844
0.6925242382237199
0.6847631830698993
0.6535186169483775
0.6626040548658051
0.6894961815396162
0.679478100116979
0.6738257680085475
0.7450403631504777
0.7823729037423386
0.7523590975302503
0.7101978225205466
0.7161643257634313
0.7206448173296098
0.6437108571998557
0.6696019981453963
0.6637402295810588
0.703764211108973
0.7202956568326283
0.7279767903192008
0.6990874184479859
0.6362123074010511
0.6963578645867345
0.6880400764308975
0.729854947968628
0.6912388372763781
0.7111989931315125
0.6358982137688073
0.6994771653400397
0.7216881880839464
0.7510707865647418
0.7027364106258768
0.6999968753077122
0.6674356072964117
0.7066932196842616
0.661607971653463
0.7216617208913724
0.6761189296878447
0.655027959027749
0.7585619742266037
0.677227097284503
0.7306045240730724
0.6430429772349029
0.689642675243566
0.705375937553884
0.7100089236366555
0.6955590077642642
0.6870309134713495
0.7340390192502815
0.7049705819076759
0.696131316982502
0.6752586527272504
0.7633860961357005
0.6739374091278572
0.691125163818268
0.7104135993650217
0.6945738216403393
0.7052552737406843
0.6973429022266834
0.6948565358560088
0.6953187167078144
0.7100708617053791
0.7163473217678498
0.6741352855507778
0.6914436388337993
0.6830109240241475
0.6994637909516221
0.656271190562706
0.6781707538902527
0.6379718395383844
0.7261149380797218
0.7115260910337522
0.7258018490283601
0.6634503334987745
0.6728835091452682
0.7197012153529178
0.676902919515096
0.672334812911144
0.7001761253984708
0.6776080712003621
0.7154298456244507
0.7088856068293576
0.7091976388367242
0.6732344063066966
0.6891589454251786
0.6444468141006566
0.7095085339468044
0.7223403894903969
0.6934026794721638
0.7382807706680463
0.691141073123181
0.7441439013894882
0.6835774262686644
0.6953316502740602
0.6837283194319038
0.692823380438739
0.6366611052945048
0.6808159072054225
0.6941241987681349
0.6661930257715012
0.708958165555173
0.712215135763378
0.7101392003976208
0.7097708590349341
0.6988755570708265
0.6932245175554547
0.6972182579093202
0.6728128414896544
0.6934312301200395
0.7031422273829872
0.6794759078222885
0.6876375456161358
0.6696276879381617
0.6639194047976932
0.6454689198935039
0.6877784747223876
0.6783381839569896
0.6749078176739222
0.6580461721601563
0.695487438473138
0.6948938880127273
0.732670046340488
0.706228679212067
0.6611169466859341
0.6595561578730537
0.6900336877444717
0.7003900133138424
0.6677883238638175
0.6669479390400029
0.6887755960886406
0.701894970738209
0.6642943283890683
0.6928152173595498
0.7110293743046435
0.664370887796137
0.6832874299306082
0.6274356535148057
0.7197268412942578
0.6523451566697953
0.6748055892595927
0.693462015547002
0.6594159690041549
0.6481157638895061
0.6774541642018153
0.6850347802023135
0.7022088446402669
0.7349846063564444
0.7070424569974169
0.68626289978239
0.6895584808189501
0.6831333598904691
0.6658258682468569
0.6985904440549197
0.7081741032214116
0.6559088802638592
0.6775962602031146
0.7002642705417506
0.7253628604341825
0.6490766917597481
0.6916187005201406
0.7129959177916309
0.7375464132221959
0.7310850383907379
0.6980888165759334
0.6914786799805788
0.6418562554265941
0.7008343894212309
0.717545914921806
0.6674100754395692
0.6947440933522252
0.6954919173399202
0.7144111666421729
0.7145582533544813
0.6606175253578555
0.6923165683152548
0.6418562554265941
0.7134701956436904
0.7094274471972085
0.6961245477875078
0.6978211226367903
0.688414269392973
0.6281298703640155
0.6934828419770473
0.6844913183131669
0.7173755905344009
0.7044313418523347
0.6679778533719003
0.6910196413780292
0.6538092850802479
0.6866559524948008
0.6786686572840336
0.6683976698336765
0.6778987628438617
0.6723101449115595
0.6642780991064009
0.694145958863382
0.7037888055118084
0.7029795958745881
0.7084082298216479
0.7223557111770842
0.7015337260041967
0.7159610499666489
0.7310409541242099
0.6989077141289675
0.6988165125733703
0.6986340836863674
0.7548677739683676
0.7218104238935753
0.7647895770186126
0.7146416082165702
0.7368849906367257
0.7183476454566209
0.7227180308522935
0.6878594591626063
0.7166575036835551
0.7077760652750612
0.7588937921033003
0.7116019961184685
0.7163852725958489
0.660483051421392
0.7251459890860339
0.6740790284328233
0.7159802041659699
0.6974319077024888
0.7270004624700583
0.7221996360491926
0.7174627055566262
0.7157655688948079
0.6975795163078141
0.7213274821506486
0.6992514602977155
0.6506949287379207
0.7108800092535985
0.7504060784822153
0.7070909629612844
0.7182162560751898
0.7417306631794374
0.7009767076522091
0.7582017177608458
0.7337183020167003
0.7594300476062202
0.7411642614066469
0.7778494970231798
0.7172121800265009
0.7282495177317626
0.6967399537737908
0.7399365226237918
0.7373149483973265
0.7473498642984624
0.713082325142587
0.7209434410026586
0.6907638660856447
0.7423951045440609
0.7622956151545349
0.756277305909857
0.7241501323678983
0.6795849359274654
0.7000038168925881
0.764884736454913
0.729842313883697
0.7326139335846386
0.6905961754269252
0.7382864746940142
0.7317026535672686
0.7287547529481083
0.7042151672849397
0.7386643316738557
0.7386902436410688
0.751446360812293
0.7362481871853253
0.7311259188177819
0.706584674861657
0.7306344664554799
0.6951335304034519
0.7251561518839411
0.6374729359222364
0.6795675984196846
0.6816154591291286
0.6522396331425621
0.731179700126709
0.7205639104315222
0.6764938504826422
0.7521359183465706
0.7164563059117853
0.7378486772382407
0.7547602039576398
0.7795315686853986
0.6850799839042463
0.7387519121077167
0.7660175800976871
0.732849584998094
0.6949630709880251
0.7480521597380796
0.7220118839970219
0.7242199949951806
0.7191585319048638
0.69128566416863
0.7414970817953045
0.6958485065466868
0.7019350981904717
0.7183807900782125
0.7925005806325797
0.6611169466859341
0.7150775077727362
0.7183934319761539
0.738926515222457
0.7105501809820661
0.7101712154423943
0.7462668614573892
0.718107033581896
0.6995308744681917
0.7130226367697697
0.7604168599853766
0.7197899217663504
0.717969664122249
0.7173135023072535
0.6431229509778843
0.7348371518452455
0.7219569878261547
0.7348000646464676
0.7075037151247325
0.6258809795345625
0.7085473785433871
0.7646906728336625
0.724195598172637
0.7177437399601293
0.6670165746944501
0.6858557222046228
0.747946376284525
0.7201020485777128
0.7285446844069458
0.7422273963591988
0.7252118763281695
0.7239025319547869
0.8122381942618568
0.6805359409902263
0.759462289736702
0.6630202726771006
0.6637871287832031
0.6718564600165954
0.7007286131854948
0.6448889149301804
0.6396659975535666
0.630173884578492
0.6584814581872668
0.6519241190803282
0.6493660255427133
0.6646729769454686
0.6558311110021027
0.6557177476699242
0.6774350230675709
0.654573269667021
0.7059306315189849
0.6652023008453823
0.6782203703818024
0.6290665825144326
0.6681155118408916
0.6686631258138485
0.7436035243070698
0.7317035756064597
0.6912365378992658
0.6358422670012284
0.6779393580951728
0.6649159920657509
0.6667560615555865
0.7500270944193371
0.692734967193793
0.7501572634712989
0.7940009692931833
0.7597436115956478
0.7315117037927098
0.7259532849376881
0.7071983145668104
0.6943608072544871
0.6800701553722174
0.7277601882333035
0.7915628264030031
0.7270574860065196
0.7163602080987386
0.7329054226750811
0.7113424578837159
0.7054414347162435
0.707609845159209
0.7111180894812685
0.6742908161914152
0.715679254339152
0.7144279897854369
0.7225626458779963
0.7647901848704892
0.7081239064974866
0.7230513924470744
0.6991855935847715
0.7345985112288481
0.6755449631609777
0.667248148078085
0.6667336777713122
0.6656865229692412
0.6935589794468054
0.6643207144661584
0.6717506409919757
0.695903791459487
0.6935616654275133
0.7114383928185265
0.6791243939825821
0.7215888219432156
0.7015015674150555
0.6529451629813781
0.6346945502588516
0.680830423316888
0.6822149703380512
0.6808389598337821
0.69485367008918
0.6236443222600013
0.7245626039090778
0.6501200469736201
0.6664922188151892
0.6316709352670292
0.6555376855577886
0.6896833507088285
0.6984509030091215
0.7118017229640072
0.7372765620431144
0.7320421901079736
0.7409268029247665
0.6697836677395655
0.7224501555887136
0.7061247910340173
0.7409268029247665
0.7248249248570864
0.8142953599122282
0.689067959888045
0.7133404092677114
0.7197024038266474
0.7239966360846972
0.686663820344815
0.7485134034911385
0.7232357700465589
0.7326613078872783
0.717391099092093
0.7165277852982341
0.7627472441018303
0.7162052947159933
0.7733589911719616
0.7168762118875894
0.6978301696659805
0.6534488456338169
0.7009139049278373
0.6979188995892521
0.7174388345959484
0.639341143474876
0.6665947637161289
0.6974712673273877
0.6866517168446465
0.7351720219238743
0.7132345516711037
0.7198286461117986
0.6953920306647272
0.7001194284676459
0.7373377846057855
0.6457053689421803
0.6877076450529636
0.700914698526777
0.7246982328454559
0.7221043880237706
0.7146173547388898
0.7502041352682987
0.7310948118637384
0.7229282775234214
0.7225082539703815
0.7121690165455614
0.7220999256644329
0.6927146253632552
0.7032030955214187
0.6740509452220915
0.7165055397322926
0.6990037133468863
0.7619859928155082
0.7057590010973218
0.6457301663352613
0.7322663454541328
0.6583707773550965
0.7025935183228317
0.6963241221986968
0.704842016899398
0.6683076101871217
0.6873276776078763
0.6930649342030907
0.7274043321974896
0.7171940641565494
0.6810015580624461
0.6720751196390143
0.6913637394059756
0.7278335252141367
0.7226402497257015
0.671472082120754
0.7077484288380596
0.6938364980216123
0.6649271382934198
0.7260839300953602
0.726851656076728
0.6376227552527393
0.6761422176215918
0.6886428596025785
0.719597559662948
0.6891168246322327
0.6728566622184097
0.6535933351971465
0.642868840385553
0.6771614159341496
0.6209571360945962
0.7500346876020041
0.6991074278004134
0.734065972067793
0.6832527490758623
0.6224614378288029
0.6929703182101276
0.6925392218720849
0.6907295338193343
0.6851087006123592
0.7005168255839263
0.7168308028923088
0.6598187832390396
0.7592213840867686
0.6587764932554516
0.6900295229893646
0.7185904011295632
0.7156655565104342
0.6845707270236202
0.7044981451574575
0.6344120015743197
0.6445225945678238
0.6777821558811364
0.6569089546546629
0.6032374296113487
0.6610880977219027
0.604574390010032
0.6641806327192141
0.6837185492749347
0.5917170681570372
0.6621609749883856
0.7645066416551624
0.7354846023615145
0.6708723597584211
0.6754224137070618
0.6978154617806376
0.7047135343269432
0.6444852496381819
0.7327316321589787
0.6785758997515533
0.7273349658002151
0.7398126661090593
0.6645810244371434
0.7284752397776617
0.703437608541343
0.7254598886196947
0.7163314961762859
0.7407587142427228
0.6596248077547084
0.69844864064579
0.6755945051773109
0.656044359034585
0.6485907123436867
0.6723112364863381
0.7076843015666224
0.7076366699841461
0.6529465794063474
0.698458404879357
0.6841640228693509
0.6809630241687785
0.688766944793618
0.6705166317286306
0.6516793774951539
0.6530920475753479
0.6517211170639308
0.6416771753534444
0.6807262958637861
0.7088242259650671
0.6901623723412892
0.7372049166208622
0.7135940200563142
0.7056812290100873
0.6909605901599337
0.722099445602749
0.6915090160118362
0.6741577663003977
0.7111681009325443
0.6610996022090163
0.6762138733776094
0.6859003415030946
0.648064110932188
0.6881191202191095
0.680908372637917
0.6685490918322804
0.6326110848187247
0.6458226675001617
0.6630337206318084
0.6866329750499865
0.6931331271415736
0.6834133620665903
0.6755182441314822
0.6770508154288678
0.6574323609514079
0.714753094483688
0.6844934760256167
0.7020680072678563
0.7563263986212145
0.7547346182789509
0.7780431029150047
0.758711158907595
0.7296830082202271
0.7634902926053433
0.7268532015317934
0.7620569106534337
0.7479698028217159
0.7155548092313709
0.7102485175964558
0.6853792561286765
0.7700278574751283
0.7503697630661924
0.7080580992818568
0.6962737698987441
0.6873246484574714
0.6607034757153253
0.6425307666811636
0.6531938327621497
0.7192630982373953
0.6469008043973729
0.7015461916076493
0.6692146822169474
0.6908476749504069
0.6920158684454799
0.6566947824696093
0.703516707205679
0.6960730859929443
0.6673029066402381
0.6497546440893354
0.6852461913521939
0.6805181793822749
0.6675807473286957
0.6584259500349733
0.6772129155686073
0.7009108881324154
0.6914272553075852
0.6797186202856729
0.7164021997532536
0.6904635161539504
0.6193692268258189
0.6792561846189362
0.6636028607602881
0.658352663707058
0.6986321078234091
0.7075356191018127
0.7044473552160407
0.6903802959902932
0.67201282398034
0.693125524837224
0.663746924863766
0.7109294891322938
0.6933123689357111
0.6983865189445251
0.7030354310407484
0.6312283415199911
0.6673876831506368
0.7107818453567643
0.6865521678432053
0.6660210811457974
0.6785045212340005
0.6800765854340023
0.6409564965496205
0.7260508117944744
0.692723999887502
0.6548339430115117
0.6402062239482768
0.7090199203422829
0.6569397611357451
0.6676721802998112
0.6963091623089888
0.6122288769080637
0.6821502848092533
0.6438353863284368
0.621116925606342
0.6923965081234337
0.6713477838642431
0.6904220159338667
0.7042282656957954
0.6452217986004581
0.6336701142818302
0.6279325947783485
0.6452924532988628
0.6632885384284782
0.6448972755395589
0.6522335448329644
0.7185080608670172
0.6535430853472999
0.6710766404390239
0.691353252066263
0.6716737183693732
0.6387308284891791
0.70847067572237
0.6313435212330502
0.6783726574096789
0.6381199929840289
0.6394395820590866
0.7062014067707351
0.6902091543327324
0.6692414304024129
0.690625639986729
0.6963760894907477
0.6700593627448738
0.6606249515236896
0.6704597081218606
0.6719032579554742
0.6937519733798256
0.6976947548939065
0.6671471546296573
0.6673407518935442
0.7003273176401861
0.6637821475514133
0.7187294098923789
0.6791189470354692
0.6883447532965835
0.6627212142905602
0.6230988252607813
0.717142271171574
0.6770438465215654
0.6852472681442576
0.6748473330454867
0.7327238576833202
0.6394594731762331
0.7153268985114787
0.6801133156753568
0.7219722879982862
0.7270824228401161
0.7152953968080964
0.7075737598222531
0.7143066942691694
0.7052341666657653
0.666862102611114
0.6906187650637157
0.6826319301698186
0.6836660648207468
0.6195629448089003
0.6526209594523846
0.6686341645064335
0.6825874042457026
0.6658667554265401
0.6512097412423056
0.6755854964951258
0.7327795842996787
0.7005001254213253
0.7038069063395632
0.6351987126618691
0.6944147290016882
0.7347872674600605
0.6793297869481951
0.7292144166217656
0.6935202068486908
0.6855246630639525
0.6874175907793607
0.6948586725189686
0.6923652074079504
0.6928054364646753
0.6938398294162447
0.7087360717127568
0.7324867698135464
0.6737574871324901
0.6998668282967299
0.7486273942129573
0.712264855764873
0.7225094261105078
0.6939209930880519
0.693730589644896
0.659337028199387
0.6991548774012172
0.6806745318251637
0.6753668446976786
0.6534682034845731
0.6514047979018492
0.7022952298726535
0.6667522059539781
0.6735968564657175
0.6940494672362439
0.655380571408035
0.6628537701706104
0.644141706260007
0.6643380113669676
0.6715992114891617
0.6945624492451541
0.700695703644161
0.6917184475317179
0.715592453333883
0.6866754993938169
0.6769944717198394
0.6702580139521793
0.6958140303814695
0.6955322702583668
0.6925410701106333
0.6795091120784863
0.7282899545295038
0.7040480249215766
0.6291342882624216
0.6747925941814338
0.6893810814504097
0.6444446520763204
0.6819775324043117
0.6678571389144918
0.6852439886559951
0.6631338982028395
0.674208329655322
0.6507134471275015
0.6482496766346608
0.6942660058546377
0.687717267396225
0.661871778416955
0.650082777906163
0.6808641538318893
0.6963928835830722
0.6484542647123084
0.6736942661200586
0.7048616100862869
0.6508948040530572
0.6787817270730413
0.6841052693844166
0.6958364585200312
0.6729882032099502
0.7236849862645413
0.6935793589973357
0.6794701387516151
0.6672318590597415
0.6401966785624602
0.6522616775728314
0.6879328268936765
0.6707250338773885
0.6750342081084559
0.6934525464908302
0.6842903982768177
0.67620388715754
0.6874109337473445
0.6700868478599659
0.7273685350534607
0.6341771085324612
0.6346520021269005
0.6776769729838553
0.6661610552582647
0.7061772973624096
0.7114482376922053
0.6639524970570654
0.66577206015495
0.6683881293365427
0.625633112443504
0.725154033914821
0.7009553400987841
0.7233595055848614
0.6280864158196703
0.6617118515969401
0.6882992314228958
0.7097409646725242
0.6166713404609755
0.6525839207275124
0.6480012004663008
0.6478531492612849
0.6767635735293762
0.6827869115250474
0.6494221238862893
0.6671478345112077
0.6485652963523355
0.6662787220737374
0.6668026010079537
0.6456068447904395
0.6410564443885675
0.6719306868460283
0.6540234741206187
0.651998585590831
0.6768639799107642
0.7123223822134956
0.6971906096087481
0.6701783590469844
0.6431846178101781
0.6552405306373478
0.638334586891419
0.6890982702503086
0.6831584921034414
0.6879569203419726
0.6453091572736434
0.6567221523061922
0.6370892752986892
0.6631797633776514
0.6922609849553225
0.6567625096590346
0.7082161454817462
0.6742717142443174
0.6430253321023404
0.6534871203949058
0.6918282632413799
0.6999561253081157
0.6752635080183257
0.6698063241599459
0.6789481220427525
0.6653120025371054
0.7100832989090992
0.6661338493771679
0.6778748984927525
0.7360461119650739
0.7477370967547283
0.7115936023915173
0.7082507505668652
0.7509719575634397
0.6874498350472373
0.7456531988171443
0.6940839716161499
0.7349859226763588
0.6913321704350417
0.6638857334831489
0.7154650916709548
0.6978930410205896
0.670565800613484
0.6788876219134313
0.6535515352515127
0.6754586226379444
0.7038385308125921
0.6626062402729689
0.6825992512922209
0.7131707187146941
0.6782237259155749
0.6351911267430814
0.6704981374501088
0.6738412678388874
0.5906952237857882
0.7197085022241152
0.6973968343242412
0.7441077902462232
0.7774238215824927
0.7107198845755264
0.7057561240887812
0.7235772227480415
0.6997319282256882
0.6634317852515366
0.6879273215091097
0.6452122525132712
0.7021036286975474
0.7500353211040239
0.712251961605718
0.6722141115581731
0.6615708737095783
0.6696251500780386
0.7038175605630002
0.6544041459387826
0.7445475169886524
0.636949985821895
0.6850565452164702
0.6572809660804653
0.6657805374049138
0.6832272282143327
0.6872959420115647
0.710814312675939
0.6744722776044372
0.716427958729136
0.6883894753773402
0.6769176961272276
0.6950792926334356
0.6403263046498789
0.6923236428408873
0.6820440740104602
0.6713455554617676
0.6322347163772918
0.6389301882553586
0.6979975198153826
0.6828925420625944
0.6487398490303746
0.6779282742442267
0.6652321343065234
0.6799693803526414
0.7254192788984661
0.7029973887346614
0.6907652019631615
0.680565888938109
0.7462779679141652
0.6535201229903062
0.6807587884608678
0.7174954396419808
0.7379180994997558
0.729084218996067
0.7048016702290172
0.6706803142113051
0.7233813296753429
0.6659906288109687
0.7018548188310455
0.7150087487707714
0.660069485907206
0.6883856672366183
0.6439210815999579
0.693123801229272
0.701169373450697
0.67653597193223
0.6784612784290004
0.6470163852786202
0.66568825971623
0.632962858231808
0.6128130832632886
0.6792672926593958
0.675581104535053
0.6865643694719439
0.6952459671010176
0.6497897846799127
0.6301071252323402
0.6430680580814935
0.6482175404663265
0.643747896972651
0.6513331995042667
0.6538578772584972
0.6252087581437774
0.6361335450710794
0.6678498443557381
0.6272214403753805
0.6107299732046562
0.6593156967283847
0.6562081466243117
0.6558202467694587
0.6757171271707879
0.6436494080851821
0.6766456585653777
0.6947297491595941
0.6505770038648928
0.585086427082109
0.6542559578594672
0.6457899088853791
0.5883701561418384
0.6439330015717677
0.6634467080683435
0.6769428596854226
0.6456389027143156
0.7079005755926279
0.7341603317944009
0.6321159970101271
0.6709496262697061
0.645739664147018
0.632083851475599
0.6210690620158591
0.6801423592337311
0.6482451062958671
0.6356307669251663
0.6015574097810348
0.6392886490283062
0.6172272723761831
0.5995864213954225
0.5817544317113013
0.6052991195923906
0.6144279295723254
0.6393742012976296
0.6644303909471733
0.6553663216015011
0.6875695059095993
0.6500811778220147
0.6691710334352865
0.6595423218832439
0.6511576108669866
0.5975607282254016
0.6612081959663743
0.6590751841157263
0.6956100897268088
0.6932721419800691
0.7247684096593826
0.6932976279366622
0.6822277904561186
0.6606961498388885
0.6774542649953089
0.6850953301336344
0.6579671128702919
0.708591044369356
0.6378986892902493
0.6551651673547467
0.6298044884516417
0.6296202140762667
0.6849325123443856
0.6358472457492071
0.6743071545734801
0.6483537936400624
0.6991910120449226
0.624727317916996
0.6485707396804585
0.6495812056255479
0.6828371109150936
0.6576713741246246
0.7051770200427433
0.6673555596642736
0.6571075311588414
0.6195218819509077
0.6447808464442937
0.6528383465222674
0.6343229175180161
0.6391726597709169
0.6919056955153686
0.6834804506747613
0.6832449008734102
0.665486749565576
0.6670776337028849
0.6033914175034826
0.6167241723160415
0.699483246047402
0.7051349341849361
0.7083574623552125
0.6445371898294975
0.6615155023774762
0.6799692276305357
0.664953502540186
0.6846859760188727
0.6664451391993493
0.6121418615743598
0.6480022863225443
0.6339447110263574
0.6539483860598285
0.6521045216431959
0.6292875788470433
0.671797571188294
0.7129990341468856
0.679409674502523
0.6822534757139062
0.6388593741908071
0.7144376955089122
0.6608585195546888
0.6259957620421854
0.6985455910400454
0.6939377243202322
0.6559148981988291
0.6756717629592112
0.6163998131581077
0.645080763499724
0.6266826912263842
0.6597091801910648
0.6711747924783529
0.6296441764290391
0.6847059457759839
0.609044602391144
0.6521795630547896
0.6297117167349754
0.6428310285093848
0.641874172610615
0.6629141185021741
0.6671188255012988
0.6675099047660498
0.6356200947921187
0.6434520710110568
0.5960065847202227
0.6306687581998138
0.6390487142369603
0.6375638888552261
0.6027414116005374
0.6165168600093731
0.6124395115609244
0.602152627722906
0.6527552280686117
0.6432606047874674
0.6570223883161427
0.6087657938773013
0.6116207089463919
0.6601371122416457
0.6353671202812359
0.627925784224467
0.6506378174966816
0.6360424826413631
0.6386063674787077
0.6461552386266822
0.6627353171613327
0.6581260834106235
0.6751845309362393
0.6662351129309192
0.647124120125677
0.6682990871567142
0.6861701340798928
0.6591448035809715
0.6655922921161835
0.6805813245359812
0.6652587630306362
0.621285931001705
0.6765848396228686
0.6750988532130944
0.677650124616186
0.6614960310012481
0.6814384033686429
0.6730102151575351
0.6638864719524769
0.6382682744105627
0.6771638210787022
0.6814384033686429
0.6247235147315087
0.6520609703432524
0.6893940584000259
0.646221580959744
0.6671445223543672
0.6311883074631955
0.6824124888432163
0.7148702307776118
0.6581714411938759
0.6605567088931288
0.6909992423101905
0.6595492097069907
0.6847540951070008
0.6792832000750268
0.6858790631352781
0.7203207623172497
0.6701905661449283
0.6225921879680381
0.6568328635574664
0.6500254769712521
0.6323159012938326
0.659974500590256
0.6452036788449365
0.6325305263298994
0.657564039174674
0.6792200573136052
0.6800032186290853
0.651482130956885
0.6604807002995432
0.6572145167808892
0.6722376087825398
0.68739453735403
0.6812126613486568
0.6433176718244448
0.6095756222226595
0.6942313931672097
0.6890267780837509
0.652952595463216
0.6713180231705385
0.6502892097615673
0.6451879222436381
0.6768445257321859
0.6888354477009856
0.6713781188986806
0.6957054406028355
0.6756975577327732
0.6491776748694953
0.6392701693320184
0.6723846508564368
0.6473763870437299
0.6711160643510724
0.6309813554105125
0.6348942630352864
0.6443146543788386
0.7231176576540297
0.6417837499581514
0.7256665295870318
0.7073900844466215
0.7067751033259988
0.6821601978156849
0.6816600575994437
0.7259173616531455
0.6814940871885744
0.6127475043029107
0.64512778754956
0.6054875063559438
0.7337982734517142
0.6701438019826825
0.7222731748591855
0.7186328704258498
0.6647687235722372
0.674770243969771
0.7204562278692168
0.7133014332031028
0.67809318930635
0.6673308554759584
0.7269803388228318
0.6496410465628863
0.6993955588611039
0.7142155917973922
0.7113848368099495
0.6471852589162722
0.706389240777327
0.6765386228815082
0.6596935618438461
0.6746493819410626
0.6610307565824262
0.759626197955785
0.6626650891312904
0.6398497387013345
0.688878470922882
0.7084566316751828
0.6348872082090622
0.717426263885928
0.6814039404198033
0.6606354544907934
0.7081969184939566
0.6627729361194307
0.7072113297056758
0.6613612224212125
0.7218506956944712
0.6993319753641795
0.7066408836298051
0.6769720779791353
0.688109060741984
0.6874707431041652
0.666401950599999
0.6571506958983487
0.6990331926685625
0.6986196889650509
0.6698497839827938
0.6942354328844197
0.6762304137079073
0.664999641834745
0.6954344393962855
0.706562836324602
0.6936888479331593
0.6939343902067917
0.711527527652135
0.6755668281041832
0.717090082991381
0.6963034048011335
0.7015406889743244
0.6986431098053972
0.6522045571762317
0.681946978614404
0.6657608687388342
0.6889268011492174
0.7498422598434963
0.7078832023608059
0.7419110145445872
0.7337772443535986
0.7091988009233986
0.7100483889778761
0.7390383149798461
0.6838439402161484
0.7213598344914254
0.721833695669852
0.728646090864658
0.7393262549025273
0.7433994558356908
0.6940839716161499
0.7349859226763588
0.7089730603156423
0.6441959794881659
0.7060069913854442
0.7142394398955766
0.681069007651542
0.6788876219134313
0.664979771065492
0.6963030838889076
0.6626062402729689
0.6786631640561486
0.6633901664001128
0.6831117424448818
0.6848092654151833
0.7039330945060966
0.6878331385004093
0.7146341270406571
0.7085139234805649
0.6637529418038779
0.6778550207831424
0.6993742231919355
0.6721123188060101
0.6462610510557035
0.6543237727060726
0.6295827732470178
0.6746241213185794
0.6462610510557035
0.6543237727060726
0.6295827732470178
0.7049773733829908
0.6715547217928142
0.658716973231433
0.6338932945003727
0.6362810407849209
0.6496250690396637