0.6055552029365132
0.64623974291201
0.6370213320721736
0.653836923518356
0.6488598295326405
0.6377761768741964
0.6096564493821764
0.6156584291298859
0.6192215306230124
0.6652698091470313
0.5975046358938334
0.5745704111115814
0.5918306444019846
0.634584466223875
0.6112333602530592
0.6451313617172553
0.6070951799848393
0.66347962282387
0.6706407557614444
0.6088091166920355
0.6366767340757616
0.608897065460767
0.6408901751948244
0.6287349472776171
0.6481642040449959
0.6468136125489586
0.6380411665675447
0.6139821082597635
0.6493166399007502
0.6171331519974489
0.6401082448670529
0.6417181010316807
0.5975158431801662
0.6374534477839247
0.5976186478097673
0.6102047410440168
0.6299877902007948
0.6310668856677412
0.6485158349074822
0.691954959783285
0.6440952644618514
0.625373912747912
0.628397554847817
0.6406744809774644
0.6627526750811588
0.6100053999887809
0.5942808451555937
0.6218123566017981
0.6485761949118948
0.6886247051892076
0.6450061143901978
0.6146571096527047
0.6209734794280073
0.6180322888074988
0.6056657273299272
0.5985693886522498
0.6626675675733563
0.6087902505000089
0.6238041104864082
0.6375769156931604
0.7023053101655751
0.5861217920315862
0.636708963930229
0.6526470349364513
0.6186698315531083
0.6957143035387737
0.6010640864367959
0.6138917226800638
0.6127884048671624
0.607263872134597
0.6089147408118356
0.6273285277060986
0.601484284640633
0.572226291548541
0.6006066044881226
0.6152372612811817
0.610539335132134
0.6229313281304603
0.6638905770052739
0.6133156582403998
0.6432858031821624
0.6335754996274445
0.6420185059255419
0.6057755768344664
0.6332269045693563
0.6293800010710494
0.6397051296124989
0.6314704231056179
0.6076962194183695
0.6399912464307272
0.7001485203950862
0.6553681802568248
0.6640758665913098
0.6223752851049313
0.6097262179388528
0.6797411533095176
0.6869311895869191
0.68878901757128
0.6303317766444068
0.6985191618822213
0.632642651104576
0.6728592636416267
0.6103925675087506
0.6487598066921894
0.687330231736827
0.6349251381762963
0.6316805055913359
0.6446509562733104
0.6893153995917854
0.6799793310916401
0.6455216257762572
0.6815252435966719
0.7015122317112272
0.6220058921911783
0.6665691449238341
0.5909064334028761
0.6466891902720164
0.5808132176919538
0.6465148144294001
0.6740442197025936
0.7040992872341237
0.6545536742094176
0.6260077227588019
0.6323584489416787
0.6341716420585234
0.6844838998983602
0.6747847372538993
0.637649616332419
0.6367807759468991
0.64662688992894
0.6744292782550277
0.6388807593472211
0.7087683702881709
0.6568307178913227
0.6325710197001113
0.6214951223430433
0.683142428720312
0.6395473984019991
0.6321747629129998
0.6246074091392382
0.6319856100076182
0.6663754251221486
0.6235571888766529
0.6168334463299977
0.6157866952102414
0.612039168183588
0.6398457867540596
0.6497192885982644
0.6706567601923635
0.6763711123704208
0.699165405393142
0.6422424758034163
0.6405336349605972
0.7403214275057538
0.6401947662962012
0.6576565444852864
0.6382642174946724
0.6417712709790645
0.6432953378950593
0.6421966950888709
0.6607015550302899
0.6122767754189772
0.6079794117183709
0.6175439433552099
0.6359789989893878
0.6464450419032747
0.6244409799594791
0.6556772662516982
0.6080550848797377
0.6320637349683136
0.5885560074298175
0.6398018523747585
0.5971446305325714
0.6572830821362441
0.6513109831483833
0.6537888220869446
0.64567117797423
0.632587847995924
0.6569284572259833
0.6527502176836055
0.6180314551682443
0.6567271589436463
0.6438244189565238
0.6649952146137915
0.6175137845718839
0.6325935165648555
0.6201966206253109
0.6036399117654401
0.6154236239897033
0.6088428214102197
0.669091531805444
0.6123907577461818
0.652824591152054
0.6143836824264645
0.6272600920176469
0.6140576993975787
0.686213004382716
0.6308866362050018
0.6112264314399566
0.6588942387699641
0.645128506924868
0.6087652658605809
0.6953898424399861
0.654536689450405
0.6359247962794214
0.639561619085181
0.6662906726597173
0.6475558534340327
0.6785085881524991
0.6330797489703895
0.671492722244736
0.7367331182962708
0.6181426834097634
0.6303753281882684
0.672368674801897
0.6344561656275977
0.633651730320102
0.6493268102206111
0.6724907897268815
0.672463187332168
0.6392670194966693
0.6052486576276009
0.6447761616571622
0.6284267611438286
0.6363678805795884
0.6621806483734304
0.638540491866068
0.6720017479715619
0.6244274203896265
0.5833572171594321
0.6465251743511323
0.6403593664602926
0.6703593072689609
0.6763730763912693
0.6326797534964897
0.6631331578866889
0.6772080191275043
0.631151560081314
0.6090621392663708
0.6439102547125006
0.6171269367063247
0.6573829099505637
0.6806193767941598
0.6810666430879994
0.6267259614055372
0.6607911694679574
0.6894394318490507
0.6409334328950077
0.6244839289174936
0.6364330372435743
0.6452424118291935
0.6515597671612999
0.6776010709354001
0.6514702352217514
0.6492322342510611
0.6721616719703426
0.6758187932325079
0.6581374196515661
0.6576274987885522
0.6041490223116934
0.6425966550455364
0.6168741821841639
0.6407899390210521
0.6125690688000155
0.6783630670528312
0.6602878929940078
0.6915373725302711
0.6650396257140009
0.6493999749395116
0.6091245437903686
0.6417839180130634
0.6435114939004245
0.6089712468643095
0.6511317222139994
0.6638211389442649
0.6149138007918624
0.607761644777998
0.6513384362120875
0.6469355575146237
0.615237871943745
0.650925268604977
0.6416645663332657
0.6488055295568863
0.6207151133253217
0.6380326270087807
0.6547748146666271
0.6211464156582813
0.6225648629125142
0.6451380243239988
0.6419092427717333
0.665897512434865
0.6486105933736799
0.6378630142387309
0.6400239638236246
0.5456299922405171
0.5501123512818743
0.6979516133268919
0.6698664777656282
0.6381942312504704
0.6474189319891366
0.6226736441496353
0.679379452821202
0.6424062898860506
0.6877575848781846
0.6990507409939584
0.7178602548815207
0.6632140143343452
0.6285808743000009
0.6558970572781174
0.6395472416114131
0.6403325610968882
0.6031884419106122
0.6707575362531507
0.6251759634095818
0.68233902540804
0.6458074250242566
0.6354010709833253
0.6425469515138642
0.693984749393723
0.6489973619698278
0.6612221479001891
0.6523581147561004
0.6722433614494878
0.6487421402290436
0.6458104122182664
0.6849557003023317
0.6889518576902386
0.6325442540774145
0.6174052164390796
0.6067768016055887
0.6420704501242657
0.674512278809836
0.58772005090168
0.652253777809663
0.6785958000341177
0.6712272445404742
0.6776329471427333
0.5914724778139884
0.6944453616421312
0.6928363091707347
0.6239940896371953
0.6491916528347264
0.6106422778743964
0.5990574494409832
0.6636114428871182
0.5950410740726919
0.6629209027248207
0.6751354060449567
0.6756040999217059
0.6499191276844958
0.6699644972415186
0.6525346224548836
0.7022209544296463
0.617608674337992
0.6340319498488989
0.6704033932717726
0.6769017071298757
0.7254139809296717
0.6453104980916287
0.657356102753681
0.7020973071593931
0.6237053035303947
0.6136562221186795
0.6162232579978096
0.6630277960154642
0.624283907675342
0.6313707140203758
0.6545817176365682
0.6820129975162715
0.6336094262457703
0.6350492793999731
0.6732622628514687
0.6366446084124697
0.6554786167687793
0.647833983885785
0.7051590481562119
0.6952670617305367
0.6389382479172477
0.6463746242953263
0.6583947993436818
0.7137904876295678
0.6910234551836105
0.6951212605839557
0.6610480192948263
0.7234321327524795
0.65995691957171
0.7149465578789878
0.6706757399461527
0.6530512920297911
0.6478863675577743
0.610346803519439
0.6114278107568019
0.557407065250975
0.6407364608642827
0.6615709057001695
0.6097572477709291
0.6334872750479191
0.6141606160648996
0.6226390158683993
0.6302366285476451
0.6498958610550243
0.6431985148911786
0.7115468894731828
0.6487387052411758
0.6424917653604756
0.6746432566191489
0.678315424674296
0.673458230055193
0.6213737887697819
0.64383533075487
0.6389588204962431
0.6447627820835381
0.6894538112452213
0.6216015044338304
0.6470950452097831
0.6604244560288881
0.673562403546176
0.6738948183072309
0.6603426653081015
0.6625731118965821
0.6728502204227911
0.6477864308756905
0.6501927208115893
0.6529130430890812
0.6740562262440484
0.6471995584877489
0.6687819612609628
0.6413537246414714
0.6797914166578882
0.6173542983057986
0.6782997616641675
0.6848584575836144
0.6696573438568456
0.6503128605348752
0.6662001467536485
0.6874568514120261
0.6504697026171286
0.6903235094592445
0.6741174155227889
0.6715434163126207
0.6937545014513417
0.6379399584202681
0.6468761063392352
0.6878516647914024
0.6732978551440347
0.6875377514794652
0.6499072533207811
0.6898206644105941
0.6651075314567488
0.6771305481570582
0.6611259260760692
0.6119254631766023
0.6555094651224311
0.6577069633141456
0.6414846152559326
0.7056988304176369
0.6261518147941862
0.7083004234257867
0.6801844253736415
0.6604603999630504
0.6529286445643352
0.6309596612152538
0.6539434526083695
0.6703264185960991
0.6858035773695728
0.7469364728055888
0.6885889436450346
0.6093941138490905
0.6424577345830553
0.6738239789005442
0.7052329185475373
0.6880266079495785
0.7217677044731375
0.6139988676333867
0.6516606516316532
0.6288240542817704
0.6980936983000227
0.6176283099003543
0.6289870073812323
0.6867323003723758
0.6697600854713525
0.6646458016954475
0.6123903024459908
0.6340556569667105
0.6697828122919831
0.6668224895765762
0.6985605792287563
0.6547476595981455
0.6654120904623847
0.6649730392629865
0.6264538118544971
0.6474013120996714
0.6431271142524922
0.6725579154997896
0.6777378031773158
0.6935960546925012
0.6927122957570556
0.6360989213838266
0.6857853444071622
0.7180606017790976
0.6528072285410979
0.656871124954022
0.7129743041464474
0.6584028494626933
0.6568649230713801
0.673377946529412
0.6613919605076698
0.6249202018650344
0.639165740617618
0.6214596795911261
0.6672179467227801
0.6898020467699095
0.7113367143152726
0.6661153370769135
0.6602657542816984
0.7103005608358738
0.6557748058250626
0.6857558960102148
0.657261302486003
0.6240945126156301
0.7104457798031684
0.6511524560954555
0.6715383254750912
0.6645848073334704
0.680891452088574
0.6197305207873449
0.6621892649773314
0.6346399605277526
0.6228350931259039
0.7143922786995927
0.6639790276249079
0.7045378116831341
0.6476921460114528
0.640321632448424
0.6228102351975148
0.6319532672965548
0.634446989627945
0.6246947585800591
0.6370584989129583
0.6089972349113911
0.6605957806936535
0.650799078639193
0.6918831911334813
0.6694824803161706
0.7254857123411017
0.6357529984792285
0.6577535790327642
0.6337389245480167
0.6627176926142464
0.6705237151863658
0.6067970251792745
0.6491381281036068
0.6301956955011665
0.609677465940448
0.6206844072580184
0.6475802942737421
0.6465514718151494
0.604639527714898
0.6070543986456944
0.6364324403830068
0.636027184361492
0.6451297955746212
0.660198466930504
0.6246759010625034
0.6364481089063542
0.6140467499647584
0.6390630502489207
0.6307997248713928
0.643008321733135
0.6527410515439688
0.6754632486265302
0.6382635645759348
0.6589222130105695
0.6477935361264334
0.5863546218544123
0.6553925404030216
0.5957160321854642
0.6386624818097006
0.6371503029662168
0.6173816934022275
0.6518869670503429
0.6303877858117046
0.6215002870547466
0.6583951887165823
0.6457046137965221
0.6521567344299223
0.6554367348575606
0.6903362626136154
0.6485141548460042
0.6279341855374108
0.6230784779615259
0.6278757499293837
0.656882470293057
0.6625237390407261
0.6198162381982419
0.6455082992410431
0.656303732444054
0.6847516521376613
0.6420516662256412
0.66339389463401
0.6753526240349803
0.6820444737714187
0.6681346826452357
0.6727159142824137
0.663230770623057
0.6024220605251682
0.674988692268045
0.6635564611334722
0.6796320247321036
0.6292948896438441
0.6546121157839313
0.6523479407212175
0.6366562284790015
0.6609393721289878
0.6576463173881634
0.6024220605251682
0.6583273551466812
0.6646488485095706
0.7088792170903528
0.6418639836750752
0.6361962617896906
0.6914305120083689
0.6742679700038526
0.6815197909893705
0.6974202864150155
0.6379492346320078
0.6574589873310035
0.6438757236635231
0.6060758493720676
0.6311308122774082
0.6302399764845845
0.6213446049806216
0.6084763420707902
0.6103705280821238
0.5935870495300314
0.656224955775822
0.6770884213405147
0.6657998785892545
0.6840770340587573
0.6540503435412558
0.6247110454777168
0.6425211130044923
0.6534125341572344
0.6293301990624279
0.6005003196095345
0.6185945367923633
0.626017476908498
0.6442237890903627
0.6477792270003719
0.6327784652885212
0.6688948374323054
0.6105349260906112
0.6307783314236197
0.5919214781992266
0.6368062202148925
0.6336196245609848
0.6729381715551548
0.6334699867978248
0.6203603919755682
0.6407641978699508
0.6525948500609049
0.6283610237573375
0.6529179199152717
0.6467095129385907
0.6840258836981736
0.6523675904668422
0.6332102707878612
0.6652252111569011
0.6466494476871824
0.6897722737218597
0.6518874877856669
0.6234152724456051
0.6520095293727024
0.6796089471445581
0.6639034960049411
0.6600326260721909
0.6764494796826993
0.6503222074292756
0.693276476433957
0.6655279492306393
0.6750460135069966
0.639549810922929
0.6699175321828363
0.6259090610010218
0.6535563931847657
0.6109579497075661
0.6543202884587155
0.6780369591486457
0.6910218803640563
0.6484042018211341
0.6428469723354202
0.6635924487548297
0.6614362650403837
0.6566334345130777
0.6899778548036486
0.6522886901516124
0.6112826221720655
0.618548565601283
0.6739526475127537
0.6426002097921006
0.6730957810030961
0.6531154731066812
0.6682931366128303
0.6744192408356502
0.6793535962452397
0.6191294595823917
0.6211519038770422
0.7087553187469776
0.692206620477961
0.6719648137639189
0.6628289853445216
0.6830684463164876
0.6843375400022467
0.6315837097770594
0.6842613410106115
0.63182683327906
0.6702722805987875
0.6689954267940184
0.664420330214363
0.6726428046774866
0.6874973513706554
0.6473651012397057
0.6620366409041725
0.6178973375390274
0.6932173218781289
0.7083447806546139
0.6766181433378806
0.6643112195106988
0.6775659381763399
0.7035729089993809
0.6898990655291329
0.6859242870688507
0.7299053478509924
0.6655567875329872
0.6690302365526568
0.7154654937795007
0.6571484940551698
0.6715168066986416
0.6719727230221939
0.6780814705916491
0.676208443448114
0.7027879645109925
0.6246759010625034
0.6713042864805354
0.6563254561981198
0.649554248709722
0.6818226472641747
0.6987003625443838
0.6981904359841868
0.6563977775473124
0.6349020785110465
0.7034465103399534
0.6613253005633827
0.6568320190877726
0.6482257386882547
0.6132453830459871
0.6177697131762807
0.6243508850889169
0.6601886085927721
0.6452818577420573
0.699185681047917
0.6166735552331596
0.6503921576203905
0.664428140460608
0.7312993249218627
0.643027766267513
0.6612828685978639
0.6184403926850449
0.6531675622899685
0.6791459541926207
0.6594951748428023
0.6647025714996692
0.6605223845269497
0.6249914553702371
0.6475127041771669
0.6447083539324996
0.6316419725046909
0.6596104433674567
0.614658052918771
0.612513979408464
0.7287161505209521
0.6359223201152191
0.6364816632352441
0.5947406715885017
0.6490899398265507
0.6283559652480353
0.6332062727877874
0.6815720740719452
0.6933337949629089
0.6386057467162608
0.671139880543233
0.597432391921021
0.7040623066240961
0.6822490536118967
0.6624463682006096
0.6441931960021432
0.6604798520502317
0.6713095457748574
0.6773228601973875
0.7011574326637577
0.6510653271992884
0.6405451354328143
0.6475921588774912
0.662377994864034
0.6559388264411081
0.7000954539190821
0.6848082758075821
0.6895982290779898
0.6743227672919502
0.6795203691614162
0.6793557273835219
0.6568029724194324
0.6952726177976076
0.6573651856670252
0.6695693852213984
0.6687819119473593
0.7311095191224745
0.7132912512570191
0.6271328355456365
0.8072963199841627
0.6818476676818339
0.6821920585237709
0.6989156833879452
0.6710376974233275
0.6751254563546085
0.7205386731958582
0.6989284102508146
0.6953638612184838
0.6923648779688834
0.7000463253163405
0.6923390010180158
0.7314099099634631
0.7019448480461412
0.6387420779625916
0.6444398679244965
0.6962836930888446
0.7029269940709171
0.7285653539291909
0.7112314657802833
0.6970707352143389
0.697429280330342
0.7762306449319658
0.6985305695482696
0.6931249042876662
0.658241584576857
0.729852233935709
0.6683302987911157
0.7178750848282137
0.71492058664922
0.7196914295745269
0.6932199254898351
0.7638940301272558
0.6909207601671289
0.6491403647647006
0.7106664222013599
0.6816600982642939
0.6126260348563687
0.7329598592857695
0.6882099952436979
0.7130964326674638
0.7271008444448487
0.6803656820219804
0.7052285473240126
0.6409539181726006
0.6939276767199064
0.7184485889616612
0.7025558429341199
0.6409539181726006
0.6537882320966351
0.6991622952463572
0.6137911566209618
0.7120373599188882
0.7397789223787228
0.6313424568412088
0.7204533556107524
0.7007737595567011
0.6972770204914313
0.7179283031360085
0.6480000689198993
0.6618143837328598
0.7152507440134561
0.7064563848833375
0.6924644839569662
0.6803801514066317
0.6837813737687163
0.7121506395961612
0.6846518402191385
0.6518649962848561
0.6829635028647333
0.6510384940659055
0.6947465208398793
0.6696149476847314
0.6785089767747378
0.6691831775912831
0.7167329550342806
0.722248642739177
0.693100209365541
0.7101183337032959
0.7975295269297741
0.5768844898620135
0.7040523450818444
0.7275677796200802
0.6958422705085469
0.7011068009208312
0.7276181497582301
0.6823387738294083
0.6718057709489731
0.737788350188875
0.7091741640900181
0.7466465098728173
0.7478658570751315
0.6545488853762691
0.6666229651905935
0.6398671836798557
0.6888104642040208
0.6841775617341159
0.7284639502770696
0.7169165113514983
0.673153382186254
0.7114639526277309
0.6356777153637511
0.6554937341844955
0.645312945462473
0.6234052045405377
0.6652464697968644
0.6629999903197602
0.6594685469495697
0.7217774163165008
0.714241828457483
0.70581778694683
0.6576020996824716
0.6468918391451187
0.7127253164742312
0.6721729613201421
0.6788094081957083
0.7227137466573137
0.6798999050872184
0.6650206410562756
0.7117702071181159
0.7227116285245362
0.6988255285447392
0.6961797558529053
0.6840461902225097
0.6981421582359134
0.6778598527188818
0.7740470104840618
0.6713869004708528
0.6966472173287426
0.660815426188042
0.5758314290641361
0.6831367255317574
0.621225732321208
0.7184130430865818
0.6890203875320585
0.584331689787202
0.7241704421918066
0.7019034977331583
0.6876611057240095
0.6985184505878108
0.7867341764846286
0.6912073567219603
0.6341637511732867
0.74546272401548
0.6418846209229692
0.6900558210189234
0.6788182600831703
0.6787095066018282
0.6814498271565649
0.629534549146835
0.6338292197072654
0.6114247752572678
0.6737760893318271
0.6569446393926169
0.6493272825630365
0.6912930902983214
0.6394946886807057
0.6708194564094487
0.7204692672632024
0.6012107877370891
0.6457356411399306
0.6642429046428199
0.7072016485402045
0.6947312109297961
0.6701912627786232
0.6977693479405804
0.7164978182461944
0.6740136817802522
0.6673023984347114
0.674500562853144
0.6915824344483327
0.7119502605441571
0.671569908538066
0.6471060455609448
0.6630873798924352
0.7115279532690949
0.6777062973417078
0.6491591726255701
0.6380847871477693
0.6799269331620695
0.6657439667585
0.6101267180455587
0.5993628779491401
0.6724945443832467
0.6668750341349065
0.6407493756798094
0.6308387115567031
0.7043650993996109
0.6428570493355117
0.6757442358702398
0.7052324331160492
0.6688755020860315
0.6018421093055685
0.6615184381017586
0.7233800107656988
0.6423449996296215
0.6785138852891569
0.6048363893037767
0.6648440872699989
0.6765914593489258
0.6627526644389031
0.6585322787604445
0.6680414004184203
0.6901237079256781
0.6548250522049585
0.6968981704197433
0.6701703259557801
0.6437523402520355
0.645367420206123
0.6347687026360026
0.6377358563627565
0.6323988589741946
0.6241296956951053
0.6685403050325166
0.6136442819419055
0.6331148805080341
0.6593632715184149
0.6185210786267736
0.6117685875159476
0.6390489107631288
0.6076592020706881
0.6415774634137345
0.6013860015269736
0.6360075349476527
0.6286839586534902
0.6405403299423295
0.6543287915353843
0.6602953260409816
0.6723318770107753
0.6820513591107058
0.6234935572234169
0.6673464044551868
0.6039961345344728
0.6576770468439874
0.6708301622194798
0.6842107480014573
0.6448132669686594
0.6644329045142163
0.664824412035125
0.7235983103300415
0.6742025710987248
0.6600395335065418
0.6438803812783338
0.6004084481928587
0.5888678453196603
0.6361288923675932
0.6948710991424408
0.5861440853225203
0.6897208890432266
0.6692858822216834
0.666417137413362
0.6396752301655365
0.6798902723141091
0.660050256515534
0.7095534787157448
0.6818306869350489
0.6583264175667356
0.7193556106719349
0.6693872585060596
0.6536844049585052
0.6508375206948739
0.7022787660804288
0.7024672267969281
0.6878268051135561
0.6467355528221238
0.6954046684763128
0.6834532634590449
0.605172620840303
0.6821224770238171
0.6442132403779742
0.6927594632053051
0.6821941650653186
0.6853329300651038
0.6662969399514829
0.6876839137407474
0.6166466797443756
0.6667931402293384
0.6000937854858038
0.6521344884207626
0.637591482139826
0.6625051665755898
0.6990520912673174
0.5772736272785466
0.6131544810550983
0.628233143933
0.6316741059220283
0.5949574813462724
0.6134571689201604
0.6272514939792895
0.6195574963601478
0.6872184921768313
0.6444355983431789
0.6232917910003414
0.6090111942901789
0.6451809149365588
0.6180754778449186
0.6326190024146958
0.6601261159744206
0.5787045960690997
0.6475296056351078
0.6318078846758894
0.6189999865586459
0.6344798919436134
0.6735518677453283
0.647688335975222
0.6596705571390068
0.6186678165897027
0.6158644140526962
0.6256969304212621
0.7586997655576765
0.6677126114265587
0.6108064415793236
0.6103725078460298
0.6521437966687479
0.6198339258192612
0.622487535039824
0.6020354857987976
0.648509387891165
0.6186306081168169
0.6071908930450671
0.573888726656104
0.6237838471578736
0.5959015398241928
0.5763818376872202
0.6553753303294292
0.6153194550691926
0.6402532650211606
0.6749865186393599
0.6533316694597714
0.6423590322266365
0.651342942101943
0.6143772523905149
0.6053935577916044
0.6666720794516027
0.659256703958287
0.6562139204926697
0.6882042537781102
0.6757851367486029
0.6086577058822115
0.720140301583998
0.6520108631317841
0.6660131601982668
0.6803152331530892
0.5954550869007199
0.6753933517355163
0.639450599629638
0.6826177189728447
0.6522422712991048
0.6899302795555372
0.6507154176275501
0.6759125459194409
0.6610449841554767
0.6801524788683619
0.7111216550174203
0.6361184702935062
0.6619841349617891
0.707787766583523
0.6680898131677967
0.6345922691321653
0.6717503651406995
0.6866482903268051
0.6618939849009224
0.6073195691575027
0.6444376093359785
0.6645230549080828
0.6671537211341194
0.6375979976478037
0.6126012536382061
0.6820494296439781
0.7032567833761534
0.7151710552317507
0.7220628306996877
0.6311654642180997
0.6950091490466701
0.717793191084048
0.6832618525497167
0.6904148470185145
0.7154498875131231
0.6864810944779007
0.6843116635790973
0.6646805127930975
0.6350729850146012
0.6604554220140908
0.643213221525128
0.6717550938122645
0.7007235478881362
0.634695007517435
0.6521282604994935
0.7228459310557324
0.7512536256864719
0.6770308234444523
0.6634515334598271
0.7225624737740742
0.675748919872431
0.7206153412735035
0.6842713749293681
0.6148051035149837
0.6536205155247772
0.6403172700115487
0.7012660374746309
0.6725272338048125
0.6929818579497969
0.6487533870580747
0.6443419627493409
0.6653956978707416
0.6472973736012311
0.6667293550597164
0.634130601685063
0.6703749228134027
0.6590017278699232
0.6805475573954586
0.6696221592075214
0.6529239619632565
0.6910763981958221
0.6749142201003919
0.6304225496417896
0.66759980445134
0.6996327681852884
0.7105106804316448
0.7365558200687388
0.7253487123440576
0.6599277771481064
0.6703581428094376
0.6852441402365032
0.7097656576276659
0.6726797296421285
0.6919429265043734
0.7249751960151659
0.7185219730582519
0.7176257017400666
0.7575854291251191
0.7122734417485518
0.6866344637286732
0.6479562785410624
0.7740514812751497
0.6998030688639567
0.6980704931434765
0.7557657475894324
0.7107402876887755
0.7007272000025772
0.6729719107283331
0.6582323007902996
0.6954882514515767
0.6414713828409074
0.5946543499417445
0.6636150442666706
0.6604380555066797
0.6622750344607778
0.7035009340700972
0.6364668803015561
0.6927192017006105
0.6267455336931234
0.6501977417189668
0.6981029169154651
0.689818334254902
0.7070897791922727
0.7063791631543401
0.6588627221646123
0.678862434557162
0.6209180324453724
0.6580512657007127
0.641595682087665
0.6363592662103318
0.6558937313781067
0.6562743631625377
0.6572803583574415
0.6795912685895755
0.6089865016774096
0.644365651541234
0.6320373394538045
0.6137010532894492
0.6414706665764492
0.6743761645474202
0.6300596907948028
0.6598614649746121
0.6222473844838668
0.6683496833317607
0.6975854889495601
0.6255819333760912
0.6692958332016898
0.6424977538930667
0.6246074844017293
0.6465314367199145
0.6480760521439052
0.661966269596585
0.6499446804947384
0.6515124226088224
0.6675600376090596
0.6949688072931677
0.6298546945138715
0.6233602120587188
0.6568610170523879
0.609989068340649
0.6443382583992844
0.6207580713343407
0.6162884056485466
0.6367602898578666
0.6041448629851733
0.6205713191903404
0.5978871988575482
0.59443785458653
0.6397058191715022
0.6188589804082159
0.5982619038118688
0.6069622331626211
0.6600524358942085
0.6596111225637119
0.6556352720404874
0.6481835428359957
0.6427642404473246
0.6499639892760324
0.6580670294537243
0.6452310344103058
0.6136707232190003
0.6034526973753037
0.6183717681391103
0.6576764376611602
0.6154623872750093
0.652260084768712
0.6055938463987816
0.6122291146230907
0.644614432420056
0.7103105188678008
0.6584560071060012
0.6537871068793666
0.6521958913403538
0.6331166945649364
0.695260007930027
0.6218128156604253
0.7323560559301407
0.6475938817864358
0.6598515860076429
0.5961903822184393
0.599163128309298
0.6367610868407636
0.6139800335722868
0.6404916464722623
0.6364274209936714
0.6107620411423723
0.6525055178842847
0.6283512961489252
0.6157349375365178
0.5996506197642696
0.6596154326900918
0.6442918640291297
0.6097096491128007
0.6265662292651504
0.6277032388070205
0.5871386710356811
0.651538816848206
0.656486637840654
0.6747192852034375
0.6602116544789036
0.6483249981782732
0.628032874587253
0.6981499538800411
0.6888308381429379
0.710004205359463
0.69822747541786
0.6289673371413367
0.7091529519815731
0.7289631155215021
0.694891503148738
0.6732123031310153
0.6193300327984964
0.6913045511486594
0.7604143033508999
0.6929529829626038
0.7225550126883639
0.6835440833964128
0.7414269475005344
0.6999691606117636
0.6718026625921987
0.6116901332330679
0.6104712566845055
0.6487714827062108
0.638015297353813
0.7010244853661161
0.6678669090084316
0.6698516537978673
0.6925254046064497
0.6491338324635227
0.6302316987840277
0.6098669215262944
0.6253117528219426
0.5785802628635733
0.6177052991037421
0.628623339776257
0.6344400778911087
0.6159274642900773
0.6618998492717816
0.6780231478516289
0.7042919812730845
0.6181893367468851
0.6381325343904142
0.6287691052490952
0.6202388062316535
0.6362586182748046
0.6648574319712957
0.6329530681524386
0.6834013444371634
0.6335680476594251
0.709772653652632
0.6438404343547017
0.663340111321929
0.7074736603016799
0.6824408820325277
0.6744849125360433
0.7245967584778901
0.6435656425879054
0.6907503990316923
0.6139422463054048
0.6637359029051345
0.6621059676012171
0.6442787433890438
0.6501816014997214
0.6317524768344095
0.622528061523336
0.5847994232182675
0.5923385667659491
0.6552287448021065
0.6299773738336062
0.6606169834646335
0.6546965395817922
0.6501473246430186
0.6401405398619032
0.5852231805732204
0.63426347166905
0.6553763962702304
0.6240020292606918
0.6308231998344188
0.6383314699515746
0.6280031894673054
0.6635914312251211
0.6312465354613189
0.6432858031821624
0.631148017233193
0.6827306496750895
0.6796149417964263
0.6205600708513044
0.6165857349831201
0.6541483438660524
0.687555757689475
0.6471539075179356
0.6343305395284579
0.69968279696868
0.6750626541949859
0.6073988326302309
0.654771771594862
0.6154579228696722
0.6274514371356844
0.6166553913368286
0.6780825210445994
0.6458127407961505
0.6799756892040436
0.6328533010900452
0.6239895014395426
0.654588148198364
0.6099743639590943
0.6438102786178985
0.5776296713322443
0.5903963882811164
0.6296792753840267
0.614188365808602
0.6176121264869996
0.5908469544856108
0.5771900636980127
0.6488742087359027
0.6181807612035488
0.5941480949797082
0.6288622550170091
0.6279612055812738
0.6032552898593614
0.5841909649111318
0.6571859114015387
0.5933873607605705
0.589266485005852
0.5814064008278563
0.6931827147543074
0.6376441929267682
0.6310424376178331
0.6219704890193177
0.6416059095384008
0.6098522082719804
0.5909215826680796
0.6422935670097765
0.6998796484386004
0.6905315721927408
0.6671197416995908
0.6405965039932138
0.6829632125561561
0.6398277972678075
0.6531213454542284
0.6326079323274763
0.6702506268068682
0.6795067709123798
0.6433714203232236
0.648654762159124
0.65606412809504
0.5869292124216021
0.6858123086873992
0.6435639574928949
0.7254253203951035
0.6831719329482112
0.6434827553842062
0.6786426557556217
0.6309074239744634
0.6764271144233269
0.6278108790858802
0.63980344245668
0.655881522754596
0.64200127618852
0.6805975385203029
0.6577143595345571
0.6512367806465542
0.65273920133636
0.6506374405651195
0.5791810109614319
0.565071703895993
0.6508278793133521
0.7030915037510876
0.6962147194760788
0.6610012101570988
0.6268482257875373
0.5951788232559244
0.6436540199818425
0.6447060921062222
0.6523879049307828
0.6307098896554784
0.7150573386334624
0.6239748876395476
0.6869924974472631
0.6100763878624998
0.6025959999758741
0.6200314340496321
0.6839802072357749
0.6698332976147834
0.6599638929711519
0.5880460292924392
0.6785120505010976
0.632281937562496
0.6258818219444209
0.6575827299984943
0.6457367559202734
0.649457212615605
0.6206234898671733
0.584453886209128
0.647153211854545
0.6639289476962205
0.6396464609875483
0.5949985976777995
0.5876689493375835
0.6561753365593639
0.6635786140546904
0.6552512854748288
0.614972754618345
0.692666538224578
0.5964178602133987
0.7009007985426786
0.6162626029227988
0.667306733071035
0.6429826641982872
0.6669843495278355
0.6151950827445332
0.6076115691946761
0.6476840880013353
0.5986565841497942
0.6720474865345363
0.6495175786598076
0.6805390250720507
0.6156752507857889
0.6731163151739948
0.6408688432885546
0.6735002371901802
0.6639270947879627
0.6134455445296315
0.6737346657277733
0.673812175913004
0.6241894312534982
0.6815445483696084
0.6879577880697725
0.6549150513580742
0.6803639849055786
0.7190239810208491
0.65824821991753
0.6785395457060935
0.6229003038506523
0.6668871570712129
0.6745558064799737
0.6884313779851362
0.6617368357059836
0.6645290089370778
0.6674507059909947
0.6821082326092986
0.6265433756353501
0.681356497206613
0.6658042368608841
0.7008817892061696
0.6635215765382458
0.6686755563082066
0.6779401466278409
0.644238051904009
0.6322550606871001
0.6277659741295963
0.6686755563082066
0.620673865421069
0.6395459640978728
0.7222408922866018
0.6940045496368762
0.6837694315858319
0.6342801214493793
0.6063310335136147
0.6846930295068797
0.6270704856041796
0.6614925314815555
0.6452766601847164
0.6704695872894767
0.6093405937772902
0.6101528712940297
0.644211433011106
0.6666801203561408
0.6722798418049812
0.6678035937001171
0.663642914340707
0.6515521963213121
0.5917307520622184
0.6321802789183183
0.6558952595406404
0.639420343115166
0.617399406003924
0.6843036857964534
0.6886738730748467
0.6971850741011093
0.6261948522117374
0.6368088030476503
0.6455035113860339
0.6928695595205037
0.6673773828420546
0.6915409569966432
0.6396292693978711
0.72096183641218
0.6908859812288579
0.7055914370196863
0.6330266241460446
0.6327205423385935
0.6062448534409326
0.6251766395202718
0.6667003306100973
0.6824330068008978
0.6684187632678062
0.6630377030992732
0.63730003013166
0.6874075284010712
0.6300676734930709
0.6990307653566246
0.6340342056222034
0.6911398374283725
0.6139569800562268
0.5985878239354329
0.6452582130213746
0.641796224259985
0.6629831700990774
0.6624834755746205
0.6709912976195536
0.6321373677867692
0.6742594045114922
0.6745523611721755
0.6551185430273022
0.6550357392268461
0.6885643284368282
0.6902361915314962
0.6095296309228612
0.6329576207677127
0.6898411701513968
0.622735580297682
0.6414647058560606
0.6263893770321528
0.6709610078228176
0.6766030412396227
0.6278041719727194
0.6519969430964087
0.6223846859418198
0.6071012573423825
0.6377990971323513
0.6679369536196853
0.6491050998515976
0.5869549905135444
0.6453718600247441
0.610880369007972
0.6450038615201505
0.6680884446813533
0.6343909882342568
0.6777446243722413
0.6999453629150372
0.7883255487051414
0.6571813569609467
0.6724215268800227
0.6402789515771723
0.6784995597536762
0.6592716389801493
0.6300691266993155
0.6644633305211697
0.6483410518787258
0.6937450437214262
0.7172677060686344
0.7065892017224858
0.6463677897733849
0.6568881281725542
0.6384781477677878
0.6051495441377478
0.5961579598591144
0.6289406702080169
0.6045042528766198
0.6128733637137379
0.6539624611249997
0.6407364428031748
0.6275975074758675
0.6393488403148024
0.64996489697232
0.6271768401763435
0.670778284363897
0.6328390804768559
0.6160468423010139
0.6783755811966087
0.6822973006629975
0.7251672957211267
0.67119073787929
0.6838475174757633
0.6691416866536442
0.5983356471980837
0.6445654741504863
0.6154751770088701
0.6731557176811346
0.6590519573589569
0.6542512927797327
0.6627872483538517
0.682327888399804
0.643439035452105
0.7147850055674048
0.7099759509711546
0.6625136101089834
0.7248136152626874
0.6386247603083461
0.6551939919463233
0.6793707857670839
0.7262884381555009
0.6475938817864358
0.6598515860076429
0.6249079235180702
0.5888319327186914
0.6446441266901517
0.6198008257222068
0.6458317051305773
0.6364274209936714
0.6215058936890794
0.630294350511559
0.6157349375365178
0.600705442891225
0.6394496436156409
0.6857867661916077
0.6389532131108869
0.6728516297745968
0.6601685548563084
0.7082231620352389
0.6690899278144788
0.6453362390367317
0.6542377027576954
0.6304685869612584
0.6475680795869582
0.6460638659345993
0.6440603719445391
0.6163016448316144
0.6525363099722697
0.6460638659345993
0.6440603719445391
0.6163016448316144
0.6727183120435786
0.6273237643052846
0.6191784925244433
0.6005735020549182
0.5994354650960968
0.6297605799846775