0.606803753992435
0.6375561105888647
0.6653263869994729
0.6330954742627865
0.6350872824906578
0.6386273479414978
0.6206235780470463
0.6507732304620488
0.6311335064693737
0.6486443207357391
0.6764567652217723
0.6382959825806823
0.6783289688706506
0.6253407236386319
0.6594815350662289
0.6525248870951919
0.6583095963933924
0.7119213343332237
0.6894088656045768
0.6314059611912091
0.6891325942879285
0.6657469609759633
0.6646026981118911
0.6813157317704275
0.6556782658592343
0.6626320876835916
0.6602166104169405
0.6552053132642911
0.6374118275499808
0.6470870744926217
0.6825776133485636
0.6754771601311494
0.6591700377497641
0.7022021433595101
0.6494660461894494
0.6725739345756387
0.6771144415640376
0.6406857030296267
0.6458283833266484
0.6427877167642568
0.626037432804528
0.6435277463688874
0.6569727165675405
0.7035074570590049
0.6590958885009899
0.6597528290556763
0.6798840676029967
0.6042124699487106
0.6506557096930632
0.6417779784902607
0.6404747294276459
0.6569457915797599
0.5977384738667358
0.623222270559378
0.5942796602927558
0.611293344995346
0.7301393413981085
0.6139903955603854
0.6577158188696597
0.6527612461644279
0.6343378921483409
0.5879070254755238
0.6464101996824866
0.6855614952559729
0.6495105378653355
0.6559254288921657
0.6069812531268433
0.6283779392583777
0.5992952027408958
0.5902767877473035
0.6333720257976403
0.5966241699222951
0.6276396687465012
0.6177351762961721
0.6295382706162036
0.7040966071440151
0.6567633840254548
0.6648744147097992
0.6941766211843927
0.6296428212408772
0.6218220121210791
0.6296087065573264
0.6736542348997809
0.6260707656131004
0.6259574848022978
0.6297116067331171
0.655893732563607
0.628319339188537
0.6177593377235117
0.6290653040370052
0.734238673647294
0.6761596077542937
0.6903426295110326
0.6509175345707071
0.6407836002364544
0.7229125405615332
0.6985602973066203
0.7311112348402906
0.6408785673343852
0.6762280970714745
0.6465839453177369
0.69975422404438
0.6514940944742682
0.7230471882765066
0.7065334974239521
0.6375168352009919
0.6458327561377842
0.6514880190175909
0.7179907728337916
0.7126266254004249
0.6704700421496907
0.7294485122541396
0.7170925834215308
0.6503642447891264
0.6882136069083541
0.6154850603731276
0.631220965713526
0.63710989562213
0.6835736305054736
0.6995088278232451
0.6510960720961612
0.6358717117339924
0.6403343117727965
0.6368018459782575
0.6961996220419134
0.7122778201667469
0.7110629165302654
0.684919439439222
0.658749333409559
0.6361763324717752
0.6830384936761381
0.6211076664651789
0.7275895529946697
0.6942615201312591
0.6651727615561035
0.6602536851644546
0.7009523772812043
0.6774314780849008
0.6983900164874863
0.6570848496546141
0.697462730703816
0.7070754923462054
0.6911763744386956
0.7082931265662816
0.6192588170532253
0.686814077707294
0.7408570616079191
0.706396994114096
0.7282679816852639
0.7302132590508718
0.6955498496016123
0.694902413806534
0.7391762832323484
0.697418767339819
0.6797290987500302
0.6912178001847316
0.6935680699078887
0.6796173708496621
0.7357650769565842
0.6551530323464261
0.6717066740279932
0.7351168839716868
0.7096359815176327
0.6912904570239322
0.6887274991419903
0.7232754138105149
0.6839734740367935
0.7099338174896983
0.6584315282920736
0.6983630222545616
0.673546632357905
0.6872092479128848
0.6197954119589758
0.7149217674061147
0.6996511747008062
0.6815943838629472
0.7627768108088052
0.7046325671363379
0.7041460458034994
0.7324978798493235
0.6822069031145692
0.7262178025693724
0.7034117990080949
0.7207532854538113
0.6919872294248192
0.6721740263556255
0.6912077831740061
0.7488787048454466
0.678917176358206
0.7032258935308733
0.6744142187502635
0.7216723862502948
0.6934805198449153
0.6537816047503633
0.6816012641178437
0.6729674160052151
0.720366026991266
0.7082120125486973
0.678959256913453
0.6909670492087496
0.7408253434371158
0.7013374018664404
0.6488972056930478
0.7009176658203065
0.7097072861506748
0.7153712394450412
0.677205389976708
0.6593900316352558
0.6839186437873179
0.625953189258976
0.6582991349491134
0.6696148555400041
0.6748218184634905
0.6507339563196258
0.7063511572338681
0.6715019265060583
0.6876289142180901
0.7114580499436953
0.7161709790316315
0.7252630573264105
0.6978180002190697
0.6749139448865298
0.6843458716917563
0.675836655229808
0.6819233377634144
0.687617088938246
0.6638084119361459
0.7076127601368457
0.6146268888540819
0.5979616272676544
0.7340783836832578
0.6899907002657737
0.6934601014705467
0.7734948438136724
0.659211682881548
0.6876042840011777
0.743047680183899
0.6761079740520971
0.7372879711876509
0.7379171984629048
0.6854528903935121
0.7144500003102938
0.7040942827146838
0.6334710437494365
0.6690427890008951
0.6803098383967601
0.7293693961708487
0.7175454259727637
0.6966181956471809
0.6858424916790599
0.7080817060626093
0.7040010443023096
0.7314378636480016
0.7275064561165885
0.6972250804653842
0.7061769999787023
0.7340964347100097
0.6951302110762128
0.7077908863821251
0.6291087799666951
0.6806261660309254
0.6679463530940034
0.6973589882424158
0.725499263938493
0.7008475868178254
0.7040813260400742
0.6880791272831552
0.7047681720196514
0.665133441802224
0.654986282176902
0.6754621950945591
0.6586418584073938
0.6363876218690999
0.6245845941260466
0.6707599465937234
0.705287399729248
0.6478839019032026
0.711583100960093
0.7063096358294689
0.7116179913859696
0.7300532125653402
0.7058846597879519
0.7009441247169106
0.7179388749546434
0.6941389837650701
0.7046956489558981
0.6850870903055089
0.6404015852643457
0.6941020939528072
0.6546890282609
0.7310458947732937
0.7100457802472786
0.7091333603614258
0.6034457553321928
0.5825058783778663
0.5823431930841182
0.7465816590104042
0.7470009263935821
0.6689580360810604
0.6625391581445926
0.7525963470643223
0.7436493202162812
0.7162073168483415
0.7622420973942838
0.6865861714842376
0.7122571777220689
0.7214585112066181
0.7235094117561957
0.7016999719079764
0.660326698080035
0.6644315283877633
0.694581710105749
0.7346480589990597
0.6897563781874076
0.6873823850969984
0.7009093829655623
0.6685372624867099
0.6676858087588405
0.7207953158534692
0.6524650866536199
0.6727486088051983
0.6576570464481054
0.6887057566807325
0.674321559363204
0.6525751132241706
0.6939431362269224
0.675946258455396
0.7363013236067905
0.716941772438166
0.7363324661469296
0.673282431995432
0.7200320323795627
0.694286554287875
0.7088284228464066
0.7074053375145826
0.7096070594371104
0.6967608115274416
0.6058088036501009
0.7306596057646241
0.7015657479246369
0.694840101635251
0.6987127608176348
0.6518261848763856
0.6683323000447366
0.7043219196140922
0.6575947592377807
0.7044677594750713
0.7210386326192028
0.6893119597734848
0.7071390348291563
0.648856831397229
0.7145248683606825
0.7149363523772059
0.6200938507904021
0.6464435624280763
0.6617944439517903
0.701855885137772
0.68960830044737
0.701258426191672
0.6670963560961556
0.7214529105014236
0.697811616823514
0.6758090090736735
0.7034823521331988
0.724569066933872
0.6816507431676866
0.6993585768512964
0.6852164488745098
0.6983805491871972
0.6677475531456254
0.7157654519111883
0.7330485138975598
0.6551025103297851
0.649712842705
0.6610497509173016
0.7426951541596896
0.6867085855833904
0.6170583202384963
0.7254762019252794
0.6969705778006255
0.673277735551049
0.6828764023373136
0.6436233632513102
0.6864669187684407
0.7101790829496832
0.666632381205255
0.7246742919059278
0.7302616631429263
0.7188854653860801
0.6999214948973982
0.7123488926167497
0.6812623277253983
0.6128991720172341
0.6703117765551159
0.6673295864633079
0.7378978644535215
0.6995378623841509
0.6974921657878657
0.7287030610570042
0.7452267648697803
0.7348674013692124
0.7046249835673348
0.6967768847405305
0.7536794108332054
0.7357148273075251
0.7110689008578395
0.7006213828544389
0.7148798367740438
0.6958052098434054
0.6905395410678616
0.7236284863369248
0.6848422243721913
0.6918751632711251
0.7028013764262973
0.6960252274448379
0.7032468147651493
0.7067141197720165
0.7147760986042627
0.6940621327633957
0.6788522686737282
0.6835938713566166
0.6932959124726414
0.6616971943457067
0.6343423789037651
0.6933253912812486
0.664166459770095
0.7021080397253341
0.6490984184224391
0.7058589390094402
0.6328731654351384
0.7271668084206749
0.702802942201465
0.6717643648778246
0.6841050915674194
0.7057763482723137
0.724425776024055
0.6890087046877995
0.6767939661790162
0.7199045167247715
0.7041351154917989
0.6718351030091237
0.6989547269671862
0.7235059742355293
0.6305487491417583
0.6560585227823097
0.6873753111006455
0.7252867847432418
0.6901561823295047
0.7038870352191815
0.7071628106717173
0.6660521565585021
0.7065213420762947
0.7312140062189484
0.639699429906264
0.6391073552067809
0.6935615223003205
0.6367661838415688
0.6794250088068609
0.6942413443701253
0.6986511378694951
0.6717901795176173
0.6378743727908243
0.6973045992949293
0.6813097944647505
0.709690212660617
0.6787054928160595
0.725114076649979
0.6211619714942846
0.6881698411680445
0.7038342967458157
0.7063805420112133
0.7071077611482527
0.69346566825837
0.7091716778511555
0.7215593986804812
0.6749176972965955
0.7360825026585003
0.6623912388449423
0.6898898101796899
0.6945289611677339
0.6919810075127165
0.7137291654919617
0.6521281401416198
0.6814399095155008
0.7030126793568932
0.6747555898998541
0.6923010115826802
0.6944837619668309
0.7022455758238372
0.6893994707225863
0.6698201084000123
0.6958946450920532
0.7193922220562027
0.6775234669099606
0.6838343852320045
0.7171789312764376
0.7103078770895123
0.6690329186946765
0.6981356205786481
0.7035494588988025
0.6666865050081661
0.6919898147775045
0.7277725935315681
0.6713603955701297
0.6812168716421909
0.7015570191910054
0.6814380437681
0.6057569218140227
0.6803852353819274
0.6001729267814202
0.6983825840039595
0.6681276600034162
0.6715332101116146
0.7262847749053657
0.6934764534060806
0.7216361750652507
0.6895267119902151
0.6839620129814883
0.7321419760595567
0.629937941687306
0.7330873687326892
0.6814526528900211
0.6991065514029893
0.6951655482704793
0.6895783134284906
0.6190939279579913
0.7138939344789835
0.6435908871133159
0.6395000284491652
0.7440371533001177
0.7034110927522393
0.6911265567816725
0.6728000507076967
0.690463570083832
0.6297621990752089
0.7029657222948964
0.607733734963731
0.6247997751136322
0.6798940926065472
0.6782724733465587
0.709748616619646
0.6994643710271498
0.7138019803730006
0.7121048786672999
0.6861578456464662
0.6482249985665296
0.7027036218807072
0.6605562426761095
0.6318060926159624
0.6789645488076818
0.7014749701973231
0.6873679612666133
0.7070759872916238
0.6869184378122667
0.6375949620549511
0.7287626621609741
0.6746205276283735
0.71403692914604
0.6467407170693918
0.7365921146954489
0.7186110887622763
0.6927750383169475
0.6762470999249784
0.6461875380551669
0.6756497360980062
0.6608968555797442
0.676044844477859
0.6833030020497006
0.6774542283951475
0.704051202641658
0.7209861905192958
0.6607431346256168
0.6876808816474935
0.6882819344738289
0.6473905934322514
0.683206520912772
0.5921506532612348
0.6510473978798673
0.6788734229598987
0.6039754774998972
0.6399498917047014
0.6757557467476965
0.6028767990793618
0.6685490587012473
0.7143203840726287
0.6992168408118481
0.6616958262707578
0.6932692725798492
0.7135543963148375
0.6659738938247786
0.677167308480503
0.6618263240675393
0.7121574517078784
0.7165817696205717
0.670835745837404
0.6621415580680788
0.7059197440707478
0.7221031049366177
0.6454513820721998
0.6966510444273853
0.7250622943778924
0.7345771028111
0.7408130343447206
0.7155297829819237
0.7219757895313406
0.6152682343615625
0.6926187817037289
0.6792554732120017
0.6701813123250235
0.6576124254993688
0.6906248983172583
0.6573855181676559
0.6887553947983536
0.6543067430314355
0.6770892545105917
0.6152682343615625
0.6908547125068777
0.6790933135705844
0.6931370298445834
0.6854630491473438
0.7026952746946439
0.6382048795410523
0.6859926320387936
0.7112862853011608
0.7000738233269097
0.6877813962086775
0.6923053030227704
0.7227644600034778
0.6834688889202121
0.6818609787956883
0.6869886564544508
0.640276212053494
0.6885354621555752
0.6839050407990765
0.5987368084410468
0.6818647055123787
0.6949605371321053
0.7246471330705572
0.6281871573704393
0.7083102281446648
0.6370583098673235
0.6887025208072081
0.6880007413157492
0.6802345950532508
0.6731186601476592
0.6747172965485339
0.7037457961867709
0.7040415599213725
0.7535272034008496
0.6710336876261702
0.7060337054801259
0.6691102816115294
0.6729543796808396
0.6598126261775261
0.6730883344131768
0.7149666066740497
0.7105119001865068
0.6548392334882092
0.6588737392539399
0.641268487558927
0.6745103503171535
0.7002551247575993
0.7185714800220997
0.7128437441735652
0.7452599882436062
0.7296708812352465
0.7134497375415229
0.7076663190243843
0.7041180714455917
0.7024939266890561
0.700372783111347
0.6199227027271261
0.7099283239603799
0.7068630127492177
0.7040991320161495
0.7291449882384876
0.7294270402462364
0.6793136716279542
0.7077466581395003
0.7040881225859388
0.6908827402502774
0.6879537168932578
0.7324582796171109
0.6904848484490539
0.71146516370454
0.6766184936301015
0.6947208810948058
0.6907001244001241
0.7219512107489665
0.6787310311494295
0.7060680972811809
0.6881342073013447
0.7238412782776872
0.707075416819598
0.721637810107839
0.715529839314014
0.662555134086537
0.6324272321176807
0.6839606384777285
0.6971849994733363
0.6645887495841077
0.6488910892491533
0.6834529104691216
0.7203895137562636
0.6981629538459114
0.6737097352982269
0.6791663069668215
0.705246335693282
0.7703525702280968
0.7438388377510354
0.7181845628677553
0.720532363917658
0.7206402190494567
0.6940448169173886
0.7325891968584397
0.5984517749734136
0.6363849636583211
0.6723093337045056
0.6312850382695739
0.7069553401743421
0.7220393713383658
0.6846713852643856
0.7180182226971309
0.7112839413762043
0.7265526304019704
0.7145145634413453
0.7061264688759239
0.6681298697264808
0.7082184015519936
0.7398050011283961
0.7378511628957507
0.6965231116082293
0.7252328704238533
0.703022770778406
0.6945159804113941
0.684675126687187
0.6749116876682338
0.7148665520652809
0.6763419810664776
0.719306415736413
0.717775101148824
0.7216001812640029
0.6461875380551669
0.7429050892136247
0.7117854102398594
0.7442688261206709
0.7140224033594579
0.7133401382016258
0.7069298979267858
0.6974052938061834
0.7068098601217896
0.7034437604054896
0.7182037168883186
0.7140688525564453
0.699646807984482
0.702681306988489
0.6102178468695632
0.6997640826852807
0.770801841298303
0.7159006982328374
0.7440578759074801
0.621373056544825
0.6847585167434407
0.7406717837012091
0.6876379028933469
0.6531221398166038
0.6932265228067532
0.6568832262687714
0.763218010656543
0.7376094264369186
0.7082867917750064
0.7315570300032133
0.6954633851904493
0.6958202952830245
0.7054062524024743
0.6643114419138373
0.7502237471235509
0.676127016760021
0.7178115237732883
0.6609936114902262
0.7140780442382296
0.6450730914528076
0.642145285288011
0.6348723120206035
0.6474786104553816
0.630711630586237
0.6451798789517483
0.6960325246377815
0.6402623204194481
0.6607855896243529
0.6933584869462761
0.6675379156489774
0.6962116346193186
0.6381703061829729
0.6671164665725623
0.6357858237988078
0.6804896151783315
0.6589034391914913
0.6695859645715811
0.682095752969122
0.7152075969693384
0.6252963257521023
0.6670565973087013
0.6741513070345402
0.6603770137496857
0.6948949094210515
0.680846918445817
0.691930782117842
0.6832882438425717
0.6811533074105112
0.6768285762280555
0.6292212173033798
0.67859875647555
0.6665564438640487
0.6391646628386607
0.6753496207125181
0.7358398105775287
0.6910962524306706
0.6647239080396405
0.7307874880265895
0.6924360773286374
0.6662444530192045
0.681591423098094
0.6551171243369432
0.6809891214819248
0.6494391842365957
0.6704549476526017
0.6646737193294477
0.6561188644014329
0.6905074225267043
0.722600520256762
0.6949978866000827
0.7026360696365842
0.6970720509374538
0.6382769263686887
0.6667005586583727
0.6650372722865364
0.6883387533046418
0.6557728471437015
0.646835075918608
0.6420421748702793
0.6756628733289173
0.6696483268868582
0.6555923611162279
0.6918704958897645
0.6906590931479978
0.6539336778594219
0.6638746771166437
0.6464911174253418
0.6530275255276216
0.6296188863661025
0.66307248268424
0.6314370081960464
0.6709837161431694
0.6624927590592574
0.724412954655654
0.6265774944032986
0.6482644082557433
0.6449172324810332
0.6815179620055923
0.6831327209559004
0.6968750474140942
0.6877363151556968
0.6828217609510814
0.6426056856661113
0.6635952742838095
0.6434596944808835
0.6828217609510814
0.6481729607573463
0.6515558786884158
0.6400798458610013
0.6778625778494254
0.6921824698532117
0.6958329787199888
0.6723146731879385
0.7056367735616457
0.6663628819539399
0.6757508374752174
0.6397569247694268
0.6726335687767615
0.7100555784095878
0.6600008740512486
0.6771503127184291
0.665275276254087
0.648288026839445
0.6262828571147085
0.6692945417634595
0.6659453279940586
0.7378926299801787
0.6109784337406288
0.6665219810043125
0.6779376440589756
0.6566573455106764
0.6732588805808943
0.6625500813111218
0.6966007104700991
0.6902825755270205
0.6884260708454499
0.7091346143351841
0.5947463469770726
0.6643668698025781
0.6863359522904053
0.6577010821211263
0.7195973031084829
0.6922184625720297
0.6567332163087315
0.6471748382905673
0.6802451701212697
0.7270251580344911
0.6896373931208459
0.7013252520122415
0.7085316661806738
0.6843198058080414
0.6725689983889535
0.6692614304431247
0.714359784281878
0.7030124771692688
0.7032551167185797
0.6367206031366104
0.6862645222997902
0.6297605229703499
0.6500309213683534
0.5835433440910287
0.596627968959399
0.6176977916587516
0.6409225136501671
0.6571837060355996
0.7142149217881318
0.682032066027599
0.6507677285420608
0.6376264523438576
0.6694317847201003
0.7057931864844567
0.6557293892515922
0.6517955571065961
0.6940929351252868
0.6543278348787109
0.6230580699069713
0.6865878468953157
0.688133266582156
0.6240006377474109
0.6939677694384246
0.6963760928058373
0.6889005934513541
0.6673096255982847
0.6713234293072058
0.6389050797535523
0.6217203892898334
0.6736784101803536
0.6754142481438934
0.7265945261571273
0.6275122289519465
0.7142520128265276
0.6919282082719227
0.5663925946118723
0.6976734562025976
0.7073685119457029
0.668799102632878
0.6412609211880206
0.6966082764142335
0.6738187649411309
0.6506720636058582
0.7204301678808065
0.6603496065707035
0.6544067332603569
0.69146868660141
0.6805882936544255
0.6323714930715327
0.595679911403357
0.6541573741805066
0.622676180587096
0.6580212832745708
0.6578556254843415
0.5914193089094567
0.66288496980599
0.5970238468125048
0.6749775633385571
0.6568144166129238
0.5744397372246564
0.664722343195753
0.7427377438727937
0.7550830664406747
0.6895445162397257
0.6146943959966139
0.6593068684484413
0.6685568335453328
0.6285235197620468
0.6442021079695337
0.6805903689750299
0.6994834251765287
0.7275980362016582
0.6545049421971204
0.6721483281992982
0.6183828723057418
0.6737680878344181
0.7065401337136901
0.6951556544023774
0.6722038137308117
0.6657834448534762
0.6669943109658107
0.6737732202618595
0.6498813198111087
0.6821926959715648
0.6921381047319021
0.7207023926143116
0.6799980924061948
0.6934203545361357
0.6925887827346954
0.69659739652659
0.7190262269995094
0.6775317503452183
0.6313893121891613
0.6683576842896323
0.6408004477572472
0.5981642335420243
0.6774546397536879
0.6094244092287951
0.7049760114259407
0.6937221941862433
0.679090936061552
0.6867641338344763
0.6546976935658899
0.747195328765585
0.6665047816872476
0.6861710978802765
0.6921557901546184
0.6087897268562639
0.6544483202456034
0.6640710232731211
0.6161944435258039
0.6766086921162036
0.6301780382679237
0.6860637669064314
0.6461574887600181
0.6649720710967957
0.6962363133944699
0.6304526899169997
0.7222486604501384
0.6764308470629133
0.6649285254352256
0.6533037872010355
0.6562545612540684
0.6453327525950038
0.6616021083731645
0.7534979003475926
0.7264654536064047
0.7259411474299732
0.7349757274845427
0.7100925982315978
0.6797445667491231
0.7009507860075584
0.7017650786149812
0.7113040159316133
0.6952740766368876
0.6965167916053514
0.6721066612802254
0.6785165916626167
0.7182668349730068
0.7008291599947658
0.7035684040356207
0.673597267920749
0.6740992549421237
0.6662513574688913
0.6126608415276656
0.66681290876096
0.6872109414562553
0.6539387498514257
0.6754634372575153
0.6925709322402056
0.6810095423183248
0.6734380836655613
0.6741600355905556
0.7061230264326831
0.7183961838435149
0.685670408636284
0.6614100989470519
0.6931440924443261
0.6999388527447943
0.6886906363670596
0.669022405080923
0.6643892634578819
0.7210994859148941
0.6652573325376295
0.7146374539597039
0.6827155799549746
0.6865175738465902
0.5864972445337386
0.6498573133749691
0.654273545430002
0.6914178956739906
0.6900386878189269
0.6787006549593916
0.6608780422511379
0.6493975975160179
0.6787406128360288
0.7002281847521352
0.6647270168715973
0.7048155853044563
0.6989207692029599
0.6913572870367183
0.6971253075175762
0.6255651162237077
0.6473153441606079
0.7031901119269354
0.7029774575410953
0.6620962884600031
0.6689341570347792
0.70925250896619
0.6542407830311073
0.7043369054053192
0.6993982841748511
0.6143112220056036
0.6294756827932155
0.6738167885686027
0.6355024447404288
0.668686086885848
0.6856448844942514
0.6713313314136551
0.7100125230245518
0.6731052562780563
0.6412278604877985
0.6787121870354719
0.668503812664015
0.7003132806546057
0.7060747044182196
0.6485548768495486
0.6279703065160079
0.6530523617617069
0.6205134395521561
0.6546221540484032
0.6298217657985766
0.6489138376262985
0.668897346882637
0.6475149292156872
0.6635064620792902
0.6896024975609404
0.7004526313895229
0.6602683138110188
0.6971026809050674
0.6027724913975556
0.6648069802696247
0.6922261972168595
0.6475779146836472
0.6893439308724125
0.6262581751769026
0.6936612407688905
0.7008043512976179
0.7221326959830817
0.7250747981658894
0.6752592180640736
0.6697029041713002
0.6644104978443315
0.6909820417205617
0.702305110025139
0.7042082768440051
0.6565234756132031
0.6831735357650083
0.638742638086106
0.7042606407011237
0.6917601164322187
0.6887458793759061
0.6759424407498318
0.5912740496240753
0.7036514738124375
0.6857068934760233
0.7125329395639042
0.6552471913878928
0.7430064560908775
0.6553084367087195
0.7368042768196552
0.6916399722379849
0.7140707760227544
0.704372533930277
0.7011543328305749
0.7048454851035248
0.7403795578604826
0.7358638109646825
0.6945781610649078
0.7178253075146355
0.6782211664768485
0.7039488372130602
0.6460052729584727
0.6647556960463367
0.7026410666339914
0.6997297754114874
0.7078385012007051
0.6222569810736474
0.6809096448741464
0.6887238690895897
0.6810817248629911
0.70523969719447
0.6513980813900262
0.6752386310242355
0.6921951344204503
0.6925841034376758
0.704213456145814
0.7107043004212268
0.6751452490651523
0.7019259468883684
0.6954580011927132
0.6895668978460275
0.6683821226048531
0.6590654910223871
0.6981323316653443
0.7034670056370104
0.6268477646963946
0.6815696633098839
0.6940370351952503
0.6751009894267441
0.6620098806678205
0.6496700497506286
0.710696759627179
0.666831773919732
0.7376861887785433
0.6665394473990219
0.6889283716371662
0.6278927432766981
0.6366133658557046
0.7167744467529666
0.6725084833121475
0.6941397052695927
0.7203213255188295
0.6611930513134926
0.667470246935839
0.6166789880109853
0.6663557077648828
0.6494388505937132
0.6458342595663907
0.6377972964150523
0.6960233711472834
0.6542529322186037
0.6747683785794891
0.6765781603750339
0.6392144980873483
0.6242198042862325
0.6679051581282501
0.699359050971801
0.6986236163699372
0.6847157160057348
0.6975511371669136
0.6501383944569668
0.678358130888621
0.6927087394429176
0.6612143408408022
0.614463522641633
0.6679945425706565
0.6707344723813913
0.648050304826196
0.7083666147212878
0.6585781602088977
0.6503237629878726
0.664346536735964
0.658526113813411
0.6563290271428086
0.6378777992650709
0.6748960477372018
0.640515127932144
0.6454175185388553
0.6636531504417028
0.699250894478952
0.6564068192688675
0.6847718770011065
0.6837330476152202
0.5967742188132106
0.6600303277272865
0.6721173518389659
0.7154466680676501
0.7103100464980336
0.6986364332219601
0.6625738558202111
0.6966362796225165
0.683892549015399
0.6939703127506621
0.6887623863614813
0.6989254774104559
0.6735832205704567
0.696952549403914
0.7161963270673533
0.6916454455263367
0.7157798982620979
0.6560814770087877
0.6568027975540015
0.6957512485614671
0.6888746101386786
0.6865986804350774
0.7079898949545572
0.6861277324872944
0.684100852198003
0.6490702549970856
0.6194166033845114
0.7290321113762518
0.6662971954164517
0.6206567590454921
0.6236431809356584
0.6684671416717421
0.6788294497385469
0.7198654032798661
0.6214725508898333
0.6832577506465941
0.667646509613568
0.6434861561089391
0.6758123712271276
0.6982828955267693
0.6486721039304204
0.6524438837710026
0.6524464066856609
0.6579917011396623
0.6768532923668834
0.6177351216048657
0.665059739384197
0.6649104131281716
0.6468766563345322
0.6194870820606744
0.6505774392062159
0.6336257087387771
0.6925105754642555
0.6706429180447854
0.6440950775653227
0.6379833076917446
0.6394258277771613
0.6818225542391126
0.690052061186742
0.6739302509300166
0.6351622544932057
0.66952832839643
0.6297036473527121
0.6632830885038419
0.6989668264661117
0.6470914263677585
0.6865938766895039
0.6587592225242896
0.6324167079678368
0.6329314569159094
0.6372612853295971
0.6769219973464695
0.6362391774928982
0.6314025806705571
0.7115074741834305
0.6985267698897512
0.6633483942115836
0.6656387673854458
0.6743974174332539
0.6711564333849969
0.7071149360286363
0.6686682794024751
0.6660092240462299
0.6960747049538104
0.6303975176672549
0.6656303021001909
0.6622185829765904
0.6577597205120674
0.6619018026596218
0.6286976379684257
0.6839040979338052
0.6938864648910634
0.6933072963174065
0.6533593624237695
0.6449189826196849
0.6690547366747487
0.6712571487191846
0.6417080799241722
0.6535875923200134
0.713617834582273
0.6770058818381803
0.6292744466405111
0.6509006265374857
0.657047689098786
0.5562139062403915
0.6852517334294955
0.6665590945047364
0.7166873024768069
0.7198929304869479
0.6816625305982711
0.6971711336691075
0.7119229746371413
0.6424284233222308
0.6701105371179423
0.6698766976987546
0.6480485825434955
0.6742311887480564
0.6885722874394276
0.6714181170221835
0.6224374322771169
0.594454400609402
0.64857165419215
0.7119058950231368
0.6554986223392877
0.687496684047407
0.6585891078255477
0.6560413546935903
0.646064840565759
0.6357970934930731
0.6428214470810903
0.6567388241270453
0.6955338822143985
0.6519248337415439
0.6886431398400589
0.6687574626682502
0.6423141609539996
0.6790886702457253
0.6507275925900847
0.6810684850251832
0.6910847400786773
0.6641537560485732
0.6312123649684878
0.6287707114710069
0.6896343946860986
0.6571966862374035
0.6265012476597005
0.6708034658075723
0.6739865278751895
0.6871281487374482
0.6801541606797641
0.6841910082327152
0.6761333969878016
0.667577523115314
0.7066242873875421
0.645787099570047
0.6264005629802487
0.6992332595876647
0.6851190146839188
0.682079077936583
0.6920534626578017
0.6640797759265522
0.7033602204696748
0.6585222387002807
0.6615815259663955
0.7126515812577687
0.6506703811887948
0.7222428658519214
0.6671950387344939
0.724756791216
0.7359953888420964
0.7078701366994112
0.7094361761611425
0.616136908710134
0.6498653045226038
0.5925373060357904
0.6139979575876349
0.7022109309132036
0.6506961148638734
0.6903287660794195
0.691852724363236
0.6414051423450214
0.6124759572657026
0.5956113028130312
0.6643966830027872
0.6879680399362598
0.6128033310084552
0.6210803733069487
0.6483646866509328
0.6446233272202005
0.6838101250433258
0.6166943885112793
0.6218220121210791
0.617718576260212
0.7067257631123581
0.6731993214604628
0.6994686884125726
0.6209541937389451
0.7098451005947011
0.6933140353750586
0.6656210654536452
0.635319436623661
0.6730786250534151
0.6206116682340609
0.5820635071675377
0.6361435002661076
0.6571633686430064
0.5889826768676826
0.5784451800099145
0.6409863329383798
0.70181311132104
0.6242983504793012
0.5997627702277936
0.5944642358764372
0.5720738998529576
0.6287091193170702
0.6963512935408597
0.6160639788683618
0.6261664163704621
0.6003802445655444
0.6046578115198209
0.6226928937949575
0.5884184076909768
0.5891684508477794
0.5997755666640755
0.6044982057596543
0.635506850217281
0.6446312703418611
0.6338663404869431
0.7177930164747472
0.6144381560991817
0.6529947801133381
0.6446642219687279
0.6035589816477663
0.6155002199554904
0.6516780299602379
0.588667037555628
0.6113394181967972
0.603605671521074
0.6476618407388405
0.6219882629194714
0.6093515767796573
0.5797841415910329
0.5924311487054088
0.6482273499391956
0.620517688932968
0.6344225783230841
0.641255669395127
0.6486419353611925
0.6311723784563456
0.639130888967716
0.6323908269590997
0.6090706471657864
0.6560288957559796
0.6232012194548467
0.6595833347970532
0.5838067076851078
0.6318710055854486
0.6720551841213765
0.6633064055909698
0.5910457294550446
0.6714048341053278
0.6648782321097492
0.6621482131584654
0.600709826365804
0.6408580813093814
0.6386855813741134
0.641373519327886
0.6212747492027536
0.7072624339343505
0.7134215490337511
0.6762027987643797
0.6517682119132541
0.6764006350703375
0.6023279410316893
0.6182604139270718
0.6849520121746937
0.7075041473145542
0.6874581642587887
0.6401524746375343
0.6661542256510996
0.6263459789112998
0.6327623500873397
0.6562766445801267
0.6722532735153625
0.6273092839997013
0.6426057198565579
0.6320279099581684
0.63898820197212
0.5890828990327482
0.6333344891742136
0.6718379249912232
0.6989386340904643
0.6855315894961496
0.7035783161935389
0.6381583235064684
0.6865739787535765
0.6558530413234603
0.6294510450693097
0.6858600865335653
0.6698374684087502
0.641895522768441
0.664100655432493
0.6051924724401941
0.6461987871100293
0.6251088181927487
0.6672777177290794
0.618884082742995
0.6089518310920328
0.7022094654546649
0.5980447491651941
0.641890458376699
0.6133163732925113
0.639752997423932
0.5578471571940191
0.6914795587144731
0.6531371749920304
0.6563226331000017
0.6277284645083964
0.6266470437154887
0.6073623053759142
0.6400855325169079
0.6249142798799793
0.6232637869753875
0.604386112085693
0.629510816670389
0.6183097917435736
0.5767870029201744
0.6581453960976684
0.6156494940034962
0.626281825260152
0.6210287399696346
0.579165443240633
0.6405552394083455
0.6226815017442621
0.6160984587764708
0.6752987406974006
0.6558161875068168
0.6393028887625183
0.675717848501633
0.6557316175426491
0.6793635909367183
0.6738860999680981
0.7129059216684526
0.6686352161344422
0.7011438460344557
0.7240682268043092
0.6722311694906551
0.6886436851568669
0.7031065527309295
0.7045465392326835
0.595035594790455
0.6514679081820984
0.6941541845811288
0.7158709544780367
0.6678996279104974
0.6761536265665307
0.6935527880876936
0.6596674610653191
0.6550788423600206
0.6646055724108857
0.6761536265665307
0.6166379853422107
0.6108515519022479
0.6872873827933957
0.6683084515379644
0.6722243093781547
0.626423787900745
0.6184980759691642
0.6809017201316377
0.5904478169840007
0.6517145380404025
0.6153047128056884
0.6496075909825834
0.6141290761617797
0.6209428298226946
0.6703930621475825
0.6940198796335313
0.6383551789756746
0.6291690692131873
0.6438744305850157
0.6239625400921979
0.5807493966175499
0.6356793281251867
0.643050858283803
0.6468989823673129
0.6327081227263133
0.6839454320721065
0.6821161179981862
0.652779443287913
0.646121684963687
0.6311046036916064
0.6587727815542548
0.6665227732093314
0.6511358174353158
0.6235771105183678
0.6141029633069205
0.6915756736131093
0.6887811124183637
0.6438244250031325
0.6625018464749748
0.6420338410892482
0.6309510163139459
0.6540174265866046
0.6692921260201274
0.6146002536882426
0.6136782526710723
0.6513143954141409
0.6132701527379488
0.6355177231847144
0.6538033479462642
0.6475251902727608
0.6504251451764611
0.6381409111591305
0.6181355597108319
0.6729294117835968
0.7025792041611142
0.6311184342774682
0.7316062886184295
0.6992240098490624
0.6819671490111514
0.6493861968199987
0.6974488618570326
0.7268831375373386
0.7012168851592393
0.6312726597459745
0.6621751541799693
0.6278282886895378
0.7014540866501772
0.7269462971130262
0.7363332981490396
0.6848473367729714
0.6529051199117915
0.6766822372023799
0.7066040362092179
0.6963508399305504
0.68724057867701
0.678863556405166
0.7043752074876874
0.6685471929296974
0.7085482332454431
0.7386023535418996
0.7179122056865765
0.6150439476796108
0.6351446609655167
0.6771281889515746
0.6770189604921394
0.6780925226717064
0.6360112143242366
0.7235287385709217
0.6769166465911329
0.6380214476043486
0.7186809472224138
0.6958552763767529
0.6638514698914957
0.7171717733577907
0.6756743605312141
0.7047961400500489
0.7448854864872699
0.6653760728083562
0.7098447480979779
0.6820956616294283
0.6911704987212242
0.6906997925575136
0.7128970177422753
0.6983702344979581
0.6106197307267466
0.5840087435087301
0.6212688073399942
0.6373209643929678
0.6034696425255274
0.6821564033759229
0.6667280599571845
0.655748390627019
0.6276764646335287
0.6537487393063254
0.686330902679358
0.6147653362430469
0.6269976772225055
0.6622896411663827
0.6201067945252003
0.6560932094028039
0.6883128637554635
0.685354967477018
0.6944055477490982
0.6879827816904808
0.6390752052422869
0.6529011726779258
0.638814065521226
0.6595964199026199
0.716027333942354
0.6933662725650188
0.7276662711711592
0.7216339159080551
0.6794910966244848
0.6648994709319974
0.6935938766731162
0.6832748375559986
0.696375659024936
0.6499841484552458
0.6835826396344337
0.6807267702756332
0.6641211779563596
0.6622185829765904
0.6577597205120674
0.6859254661260967
0.6255724933371152
0.6714671798497038
0.7194455548736947
0.7003300200193406
0.6533593624237695
0.6575521920348375
0.6663720385236424
0.6417080799241722
0.6517812873842932
0.6646376333843002
0.6932651170167791
0.6733153988938776
0.7171990664119294
0.670528115957106
0.678984000197039
0.6883026814260599
0.6337941230540454
0.6887717680303801
0.6559738041121335
0.6435108162919237
0.6208080225555525
0.6577882563413886
0.6143197967260053
0.6715564330823529
0.6208080225555525
0.6577882563413886
0.6143197967260053
0.6989855251068985
0.6359770614831078
0.6399113961602578
0.6018928472297027
0.603267721637683
0.6504071012582305