0.600983798885908
0.658209840757373
0.6386547942477221
0.6357400059333409
0.6128221586118704
0.5807646004818156
0.6122801803452624
0.6401701531046493
0.5916958710527381
0.5870996931569151
0.6418117779644229
0.5593676131020877
0.6092198425279503
0.568939965259012
0.6445826860027464
0.6803451331473547
0.6091747162332263
0.6394080826930095
0.6171588430854217
0.6024597203508587
0.6241368970144386
0.6533940013002119
0.6539590334792849
0.6395936149539991
0.700964338302557
0.6836166143816603
0.6390870876089771
0.6530602547660777
0.6194160187624228
0.6302749699369601
0.6122419880498796
0.6422945380347175
0.5801730394666091
0.6308599467709888
0.5957496876660268
0.5952055922459198
0.5933391410750614
0.5876108651829297
0.5776179332079555
0.5981719067301411
0.6398342657281902
0.5962637397313346
0.6510100036126624
0.6116739199813658
0.6487790752767574
0.6217837124164414
0.6374625169028557
0.5760013456764645
0.6502023012829774
0.6017721695067294
0.6547115556774392
0.6419252071691199
0.6053804544925242
0.6172972969132248
0.6006169085866572
0.5805284693912142
0.6324111696802711
0.6190760873974074
0.5959569572645181
0.6222241635275411
0.5978464769614824
0.580557655778023
0.662894115999176
0.6528118001929705
0.5834404555117675
0.6438466430763989
0.5929056265574101
0.6021436125713724
0.5916330335020367
0.6320897424777496
0.6578076501054919
0.6195445316581156
0.6091199428640288
0.5708967241410127
0.625361375152655
0.6693910208140263
0.6493158581896592
0.6274730333080694
0.6730195644121102
0.6420449313579274
0.599920805865124
0.5888818649418452
0.6137009841695618
0.5970872292267089
0.6545428201483966
0.667543643112147
0.6443444782943449
0.6302232668772206
0.6653003181955314
0.6557584747225169
0.7031290610910155
0.6865229754616389
0.6942396053741691
0.6235762373586846
0.6132599857742421
0.6373843681745813
0.6589859907098976
0.6493487253477415
0.6254084663223737
0.6761238977596986
0.5906400099905226
0.669660075669736
0.6390127730293105
0.6498241156959608
0.6538847733457946
0.6209592063684173
0.5885131871818792
0.6480899761171327
0.6274284125077146
0.6643841448214935
0.6045907757679827
0.6442355934988179
0.6859875290143906
0.6290466765149035
0.6684530889968814
0.6417370050079276
0.5961531946094459
0.6247052714750517
0.6829928227020314
0.6559925519279215
0.6642538249392543
0.616708846584121
0.6131254221528901
0.5979292079050315
0.6625827774221159
0.6881044062990392
0.6220168782573823
0.6841135302119088
0.6393193282605799
0.6191255782154352
0.6908913151267114
0.5796821958652646
0.6779120686431518
0.6779464563371662
0.6588028576123344
0.6161579819503297
0.6517532464683009
0.6668116092528508
0.6684664974381783
0.6454100283560302
0.6678115605006224
0.7190965966850482
0.6749183158482607
0.619984961990643
0.6173779982599547
0.616470356248817
0.7097680538900435
0.6698717063731459
0.656091115515386
0.7153488277258863
0.7051396423026786
0.6587204086525973
0.6840433767785731
0.6975907164808224
0.6396633426763195
0.6646911196977545
0.6582405814566437
0.6467263982068215
0.6844501228944525
0.690121826867642
0.671106121211518
0.6072178524001124
0.7088500409253273
0.6164463323050181
0.6230165941396587
0.6108899826623682
0.628198438317357
0.637609437628707
0.5943167943888019
0.6934265823693506
0.6154247659538145
0.6384326744207648
0.6087061303104709
0.6421696991783901
0.6725428063468182
0.6309501669587236
0.653414437836922
0.632062812617703
0.6598643464984981
0.6548141084249404
0.6455414194377499
0.6697962577212162
0.7010026735284195
0.6928099061244788
0.6321525960867639
0.6541055293072546
0.618054740254359
0.6353624727020971
0.634599359656256
0.6336092712125309
0.6301979829430775
0.6294464239317195
0.6481276699746626
0.6172200296484062
0.624160694964738
0.6127208660414023
0.6585751600986975
0.6128834846668582
0.6038333959099464
0.5939527512935293
0.6551664618791793
0.6140258903468524
0.5984529976604611
0.640175089817067
0.6126921224516602
0.6347475182319993
0.6247316097652084
0.6675534514737529
0.6754225936564152
0.6524660924051532
0.66306859094013
0.6593836551140089
0.6198437399334227
0.6051594237655179
0.6497699025986301
0.6071983296906928
0.5948448403432632
0.6391197652065898
0.6597677137647037
0.6406335991327755
0.6434865186572255
0.610530218931414
0.62545578628096
0.6174644288357841
0.6221675988494068
0.6567931180513544
0.644801236204267
0.6139045455535417
0.6263601505967146
0.5629453898529161
0.6412714665715294
0.6031617580146614
0.615965029132941
0.6746126866242556
0.6810628968478363
0.6228168545087914
0.6904387158865971
0.6204715898000613
0.6360546030413301
0.6327455968982162
0.5989913412581891
0.6184695355635735
0.6322164841799892
0.622520763587755
0.6135413136544445
0.6184690850465304
0.6708292290892678
0.6204611052774782
0.6272659876827159
0.6406170769027872
0.6483018952858409
0.647637309690139
0.6667838785944619
0.7032425937224949
0.6694834748069095
0.6776161486455772
0.702048160032239
0.6795857579925098
0.671080002816481
0.6533196826345283
0.6598530836897029
0.6540881834450872
0.6459436592558092
0.6763595253698552
0.6390560683469602
0.6708109440775358
0.6108091401742571
0.6616063901930266
0.6050665559261899
0.6446905560783349
0.6550203446103654
0.642591339989561
0.6218720453852363
0.6635745005514615
0.6137360643751179
0.6365536761537688
0.6017613923473654
0.6525050698144574
0.6524087136905655
0.6186152990285292
0.6305728976141882
0.6405734979025586
0.6196809231152807
0.6341703683835636
0.603872815275744
0.6236139599343167
0.6290937698306237
0.6651411014186284
0.6599716837488495
0.6206831545233049
0.6143635900829832
0.6692121177780197
0.6560529037928244
0.6055362116190469
0.5997269145550944
0.603319367336785
0.6322148321184499
0.6511663758622523
0.606247427534924
0.6670671983174963
0.6176856656933984
0.6562587179073827
0.6399776489539597
0.6705186332553505
0.6341916821825021
0.6222377539302112
0.6125482662639505
0.6254833736589824
0.6364781996836942
0.6173582482416188
0.6214107694773585
0.6039480747601604
0.6411333429190613
0.6178174320846889
0.6816614795012973
0.6342772904105372
0.5932205013187246
0.6303739485889193
0.6584813333042321
0.6133501646501375
0.6198402720607462
0.6097039320247598
0.671075955469304
0.6402821062494511
0.6612300561981017
0.6962366103283892
0.6762074406877666
0.6656774114994979
0.6475766691180047
0.6355018287292412
0.6160196924891443
0.6667009090315174
0.634565136149606
0.6411038011933339
0.6748790597738867
0.665818145237696
0.6776007599028301
0.5688790062713774
0.6729458783344413
0.6641600600333756
0.6274176699579377
0.6313220177592802
0.6508993234965575
0.6609833474736823
0.6749976817301103
0.624601964803324
0.6419108416896915
0.6544330810828407
0.6430104232713751
0.6615848221543166
0.6955399725839887
0.655050743480443
0.6555439122100802
0.6360179846242032
0.6147447771159559
0.6635577032907501
0.6733192243436134
0.7228322449362073
0.6586317526180172
0.6816151398791542
0.71741726905367
0.6004787765128843
0.6073316406855351
0.6157219253463696
0.6228715874868472
0.5894749280396847
0.6204906725005446
0.6540221732292537
0.6308137152563593
0.635541837581211
0.64178337556643
0.6593017712016789
0.6440536389364963
0.668760193150507
0.6651758447090849
0.6521783070247009
0.6515147838056833
0.5781222559492378
0.6272733492266049
0.634997669279523
0.658801741451692
0.6400549807239532
0.6627011599466879
0.6547566159314308
0.6553512132372645
0.6269299935951854
0.6641023274117324
0.6642565274129245
0.6658308425321219
0.6429862313965772
0.6677839587097153
0.6582178458144037
0.5698413110905451
0.6545503903608199
0.6823487715631092
0.6428424752915772
0.6547357445021504
0.6569379656644169
0.672601529316569
0.6594573328079226
0.6513284822216523
0.6805831703713935
0.8076962261510781
0.6930045059860412
0.6824655247338522
0.714027678399125
0.7285956758251899
0.7016099373971525
0.6937560296206889
0.6547447847856764
0.6713186796451615
0.673714594090496
0.651630047811459
0.6833252736703459
0.7130938292346558
0.6796235740082877
0.7561502980413786
0.6774774870701061
0.6803173040626198
0.6734320375277286
0.6988665284817422
0.6969612993845984
0.6576490616051262
0.6655336272457152
0.7135835377052528
0.6513940582724514
0.6794493769556331
0.6697316650342207
0.6894974820107458
0.6137544586775244
0.6398254961091846
0.6783760140096418
0.6860280857920769
0.6614672162427504
0.6557597994955756
0.6884755831653163
0.6616169696303847
0.7165160799159597
0.6671998114062827
0.671123308927954
0.6582122308367387
0.6531181415684235
0.6576006621594266
0.7100019849590067
0.7099529744278091
0.7099405829659443
0.7190445422617098
0.7406127314044902
0.6502813692038767
0.6819282185113515
0.6658975821443429
0.65768561545067
0.6637591409343714
0.7035304102074162
0.6911406292875849
0.6921861729218305
0.6412857908128956
0.7021808243716128
0.6934159729931466
0.6252537949647392
0.6485786837488691
0.643618772710142
0.6789823441219637
0.6867454957150673
0.7191505574960166
0.7531537534094601
0.7375580414591573
0.6421198137056884
0.7095217690878984
0.6699272960688978
0.7191934201778376
0.7202522792626088
0.7387100103797719
0.6192000072976404
0.6768248866116101
0.6387848080924899
0.688271199225064
0.6600187221484571
0.6823407609131914
0.7320089174775584
0.721292267092128
0.7383975400142698
0.6513503411004128
0.6938504346552777
0.7129032126082335
0.670547421198353
0.7470060112716694
0.677951032721548
0.6711584388364269
0.7196790292896029
0.6506541778731793
0.6945740642425673
0.6861944656264322
0.6873002023434736
0.707424405348228
0.728688365903216
0.6711864344879162
0.671475731600972
0.717000996305388
0.7527138844956861
0.6820696639817697
0.7186664005027462
0.7385343821251037
0.6566038519879809
0.7010137519590443
0.7429421064227366
0.6833593976365036
0.6203982792817367
0.7025505830422116
0.5966487723777495
0.7319129667435152
0.7217102136727687
0.7199192686210507
0.6551505834193976
0.6881651283090798
0.7362949079691999
0.660114709377728
0.6625977602851937
0.6957592142990655
0.5929783991979231
0.7291194878525769
0.6599986586469841
0.6752496619416147
0.6789556720120009
0.7079272768688825
0.6356491968780663
0.732044545919362
0.6417056177983362
0.5844859477038188
0.744708554218092
0.7141438821589682
0.7363387779490176
0.7032429168448527
0.6823863318354808
0.5834242370355898
0.6915515943158234
0.6708219677447381
0.5731538278088115
0.6872299496539894
0.6633007267782882
0.6755637648118896
0.6939910728363008
0.7029109265128016
0.6762919006917412
0.6978372744326574
0.5930562975130663
0.6957017853710494
0.6382325834720167
0.6370130115593453
0.7076563267459071
0.6734043484803794
0.6666712572002785
0.7067060094642508
0.7123749085884391
0.6725486234357524
0.7012227821874086
0.7291746376811207
0.6679202277118008
0.6325401577588798
0.7034241323378018
0.6667994227516533
0.6738888200482875
0.6749430358792714
0.6282539624282764
0.6980383475001869
0.6693207867008131
0.6613245370933019
0.6652276789437483
0.6853191446276623
0.6711439978042405
0.6971677966747168
0.6437504735026274
0.674282135306564
0.708092275924588
0.6447848404650436
0.6552605030133758
0.6359981657316808
0.6672975571428189
0.6750142388263229
0.6292820161001259
0.6750815267477416
0.6861806279690851
0.601220392321996
0.6939521166217635
0.6860011408053194
0.6587136844340408
0.7007656393158319
0.7533829647551865
0.67436113653975
0.6795075160562161
0.6385260286552316
0.66391348931844
0.6399369810361482
0.621999878271681
0.5937914054920753
0.6058005370073803
0.6363607250896166
0.689468734696754
0.6382272015232069
0.7168696741854922
0.651029721021825
0.653272600858907
0.6687112100438506
0.6651516977791385
0.6363737012538918
0.61005244009891
0.6644080780954734
0.6422649112220269
0.6361446730812351
0.6232991901067518
0.626519717926173
0.612345451086683
0.6149032400184483
0.623319729597104
0.6540258588472495
0.61005244009891
0.6594181307255749
0.6386663643713969
0.6580279607390499
0.6009292670183257
0.6327145953643778
0.5998200105722629
0.6529641524821533
0.6173708880473037
0.6553886572521396
0.6313522516699367
0.6527896356462717
0.6455141689878346
0.584004309446866
0.6485278026840122
0.6484715987519901
0.6255502151499128
0.640597640841469
0.6164453419240025
0.6026058856739944
0.6289580793344828
0.6159660063968837
0.6334227509839448
0.6132789529587782
0.6664508398058179
0.6253328425688611
0.6436858089512049
0.6357102614962136
0.6235275443435445
0.6102723815573493
0.6373443972785885
0.6283023579169638
0.6625449823294124
0.6707498126977494
0.6478430212146938
0.6608071310927789
0.6524498186898223
0.6682822364162765
0.6518992559387737
0.6687886874616968
0.6469613157008327
0.6822792308711894
0.6227002012964835
0.675433039459954
0.7157427286563899
0.6664561912749961
0.6113556126963953
0.624202886919304
0.6283480960117852
0.67580356101824
0.6462629658438166
0.6682132002949267
0.6148375771120658
0.6395985282564428
0.636699455377107
0.6384461419473498
0.6047712766358173
0.6214460660314683
0.6693071891126714
0.6167146179827994
0.6818731025131477
0.6540651279259656
0.6303359029971164
0.647110573790499
0.6311929946408885
0.6512265170689528
0.653644347575038
0.6450923020621796
0.63019969665123
0.6012965772178254
0.6541049513642382
0.6446466233680389
0.6647721674742509
0.6506158611558783
0.6317081081653398
0.6153708126800119
0.630956196298065
0.6570359011827982
0.6408986552255043
0.6731158882157653
0.6708482220311337
0.5813384801160306
0.5944320546374187
0.6318429940602198
0.6317173201518895
0.6838258165204206
0.6802521497616519
0.6069899806795132
0.666226659493455
0.6711574648646392
0.60365602883477
0.640069801468354
0.6613744713813962
0.6770215969386111
0.6724296205207883
0.6752379030699452
0.6944098302091126
0.6819358826118175
0.6552377607796103
0.7008190566427179
0.6826860516626551
0.6856314036642532
0.6902557336087323
0.6718741524428381
0.657074069881561
0.6710524560062444
0.6474893832332982
0.6366244463024462
0.6033552341263813
0.6543495099153812
0.6772224536107606
0.6806817411659223
0.668821597258936
0.7184148196683733
0.672303329221633
0.6687125000982819
0.677947935574253
0.6979041296334065
0.6958098691747825
0.649600832333517
0.6889466689243052
0.6657522412780038
0.6943496261949517
0.6876994488968539
0.7026314894342229
0.7134605610628667
0.6775748665903228
0.6282539624282764
0.7275588745260322
0.693807626546128
0.6452259924852682
0.6838782478927035
0.7148698771620815
0.6767783885943759
0.6824663171200189
0.6510859581707283
0.6897870179451193
0.6920997877844122
0.6722391201174702
0.6981843894716597
0.6750434297328761
0.6845486714474069
0.6105312204817446
0.6591803630207993
0.6412322976227278
0.6333464995782189
0.5901644457498667
0.6747960368670223
0.6490522051417472
0.7162099862653016
0.6625900112242628
0.5989772719864319
0.6431263977925634
0.6466576338155773
0.6447113551458223
0.6709939910516662
0.6808830041218311
0.6693233471909346
0.5956135609459559
0.6394877203623008
0.6398401962822292
0.6823091121063999
0.6461189530142596
0.6576564972896619
0.6337371606727363
0.685340126018709
0.6156529460046011
0.5859033010837744
0.5775929787920222
0.6117771613312222
0.6326068548044136
0.5966870737730682
0.6075099534729942
0.6413941471422477
0.5849583270355135
0.6126469538892485
0.6046706263596209
0.651403270926823
0.5724734807566512
0.666411982695213
0.602448557878013
0.608476276697447
0.5955505006356678
0.6477875346622238
0.6484891180384756
0.65544213230324
0.5956533749231054
0.6260401948832486
0.6581220284449522
0.6447705679566419
0.6181450820222868
0.6297667848708816
0.6549824334632467
0.6145033038948343
0.654864365249892
0.6234399982052311
0.630532503992275
0.6352800247671619
0.6563347748596328
0.6629296752814134
0.6541498123632317
0.7177944272377376
0.6622334735309753
0.6363101391240847
0.6954230394929114
0.6885311914510911
0.6628802715602979
0.6939511598244658
0.6392132319840975
0.6582906887345237
0.6723269070625422
0.6745122713625104
0.6830630240289159
0.6566813571671806
0.6552173584534439
0.6656329591007492
0.7191469883867885
0.7116717400401364
0.6622654098837099
0.6327275828821736
0.5972859082714133
0.5841203623112956
0.6177676547169884
0.5964252486989502
0.5991553414690763
0.612404795904009
0.6801045534705079
0.6456223420308893
0.629354800566548
0.6550402050753776
0.6818161463531318
0.577830268925716
0.5939371141342451
0.5871742995172132
0.6091982005716958
0.6240503998756578
0.6909949475733295
0.5673127960382058
0.6604769459608691
0.5761456717607676
0.625741384825089
0.6129823142342503
0.6398631581827476
0.6291389427449315
0.6589743950342342
0.621512706863795
0.6041224965820686
0.6448442184840625
0.6608577888845862
0.5892191335177036
0.6220330853936714
0.5992720198150577
0.6608577888845862
0.5920902042498002
0.6245221001760038
0.6642458212785102
0.6213607175525855
0.6350291904672803
0.6602930247983552
0.6226898379070983
0.6485069218034551
0.619565359888462
0.6412852667671716
0.655224469918749
0.6335484257545503
0.6737662154075997
0.5853252247482122
0.6235028680413155
0.6358321527367903
0.5991207172850177
0.5839672914436923
0.6119581288275489
0.7122859453622916
0.67669870330362
0.5809757319267734
0.6338239642169273
0.599190180714146
0.583011360826897
0.6326791557785969
0.626867222567158
0.7012640921624705
0.6824871578776982
0.6885794467124893
0.6834395022180956
0.5768166009019492
0.6489532634997948
0.6449405001290393
0.640342191315593
0.6371524909051101
0.6268099830970341
0.6668739207078644
0.632204530430015
0.6779849458848886
0.6442467271354518
0.7106147755359056
0.7174556951607398
0.6943375746168368
0.7162509995347527
0.6914005370450245
0.6699165374689479
0.6983631733730521
0.7148494915563841
0.7091042307733378
0.6684275700765756
0.6921261603663758
0.6015795167102518
0.6442973229081059
0.6596533031568297
0.6241101307512931
0.6454302911948416
0.6455190302116482
0.6500751953143924
0.679684035331017
0.6725546577527302
0.6282742442245585
0.6300578339922744
0.6745751954843697
0.6918419569038755
0.6635132988131419
0.6220016121160565
0.6893231832972079
0.6507117221374994
0.6712274265809308
0.6768347579488082
0.6788484297574902
0.6060482497501231
0.6815477148736026
0.6380229294519468
0.6723284059094796
0.6418026502097118
0.6457097963435217
0.60535836186012
0.6075050195981299
0.6281890760605722
0.6583579821121072
0.6652770839662336
0.627616194547732
0.6846889845222636
0.6452577997532244
0.5797582702737645
0.6656437412156797
0.6670526503015662
0.6257669897524516
0.6097407037846861
0.6894462434991531
0.6541205799032008
0.6046214231940287
0.7095423636787266
0.6347057062381336
0.7149827892307002
0.6807851432147807
0.7136519053911777
0.6676185612466752
0.6239178280465753
0.6602865911120867
0.6085639491165318
0.6980800465001024
0.6848801276534725
0.5950729268123855
0.6760820787559725
0.5937095322906404
0.6683086588486287
0.7250367422016059
0.6641199071022447
0.5678695870304452
0.6761341818703583
0.6568571550777335
0.6265295170849338
0.6302927063439863
0.6683510220630307
0.6416507184839323
0.6224637794351503
0.6563838912301437
0.7037486708870814
0.6637106996984763
0.6820541295308669
0.636406760549833
0.6109567889485618
0.6237635481063215
0.6931477214409464
0.6629566812091238
0.6601681565673138
0.6318248806080156
0.6854319315834698
0.680190313311334
0.59724628438591
0.6131071274110841
0.6647873260453413
0.6740141790758811
0.6650049391650198
0.656997402188064
0.7083567987543278
0.6538797493639542
0.6317683221705283
0.6947540737186273
0.6838265746504667
0.6196057147278792
0.6851489480047347
0.7143687342089139
0.6744007059551915
0.7134979672961284
0.6021876499606316
0.6565237893635132
0.7058539836158265
0.6738420364308715
0.6806054651584413
0.7121329010841639
0.7155656215159196
0.6801167740952829
0.6778978394109149
0.6880087065322856
0.7001911997019268
0.696530607175326
0.6769306587387198
0.6346325979781161
0.7197599263154911
0.570601068742018
0.6505240545085942
0.6015994887993349
0.6261200320272087
0.6457159024062208
0.5745884795932256
0.7072802547298965
0.6499115365444796
0.6366953977400389
0.6977766705721123
0.637904942153929
0.6505706129364182
0.6955870484885167
0.6782449380856317
0.6794651171522953
0.646639798077554
0.6785725901333713
0.6808416565418376
0.6078830082750368
0.6716765957895594
0.619112369715179
0.6824120985636482
0.6371596708606371
0.6328546187912549
0.6608195722646089
0.6468388631012705
0.6639534281138993
0.7221946293461439
0.7006991402625437
0.6485475193825265
0.6617659375787526
0.6533680021816227
0.6064092592820618
0.657494936168813
0.6801121284742335
0.6330068616309035
0.7346546505561369
0.7036845571361106
0.693111825816022
0.680622247117594
0.6085684067828269
0.6005209930504718
0.63845768482959
0.6819535474920392
0.6347864641483041
0.7147526486329489
0.6607881385369604
0.6892864522347708
0.6881250700899582
0.7039746608355093
0.6868743185770577
0.6882649187835481
0.6848756628931982
0.6884904155845405
0.6724201318033414
0.5754541943716622
0.6373947348354827
0.6504847419509235
0.6974382645069475
0.7008098358792537
0.6868941941079392
0.6759634788228854
0.7118727902339388
0.6198211722840957
0.6535589843027012
0.6172187023468035
0.6582205152675885
0.6379792127944152
0.6279684644297784
0.6987168976444126
0.603464652922533
0.6068605998704296
0.6291638688873145
0.6404508677938615
0.6303973374005108
0.6209657414110317
0.6517197755895348
0.6517593973026455
0.6711648722283434
0.6887799517207862
0.5702477756312264
0.6214734963278996
0.6318256856924996
0.614331505806816
0.6042709078367495
0.6824429331950181
0.6250868015094649
0.6727235527694955
0.6331566242152804
0.6226633109074994
0.6608425099675325
0.6240121237800397
0.6815344850797636
0.6744350952932282
0.6219951952117215
0.5926486320853092
0.6534488828505598
0.675065032347009
0.6350824353096775
0.5923566504452716
0.6229748323265757
0.6695099812554294
0.617261395108568
0.6444328389594107
0.6578506916556629
0.7036784641593024
0.6391613273567723
0.6607603981602261
0.6226786047425117
0.6883512553840774
0.6388718388265995
0.6112612688846144
0.695791763123757
0.6091626156312809
0.6325099401195539
0.6299011005534136
0.6651136081256372
0.6725406306991477
0.6565180827248792
0.6001492619649003
0.6138163745654472
0.6686743575775838
0.680736181367738
0.7074740430630758
0.6975937408289937
0.6640037725506591
0.6568625951925738
0.6771925555356125
0.6517740059629302
0.649319314957925
0.6809373467636678
0.59072991499913
0.6551323759333435
0.6456640541622386
0.7193661459802169
0.6456464291354568
0.7139520923480001
0.6411463200425777
0.7151724004515809
0.6648979363297607
0.6650521784111085
0.7056453313218857
0.6849980007862876
0.7031531551516291
0.7157745480302665
0.7086524178694978
0.6568942918892454
0.7207327926657036
0.6638283196909833
0.6529750160721169
0.6319018894259713
0.6228195230923219
0.714038319604471
0.7253064198303502
0.714199190324089
0.6357033292567486
0.5773489637262217
0.6719488986304136
0.6719020598346573
0.6934830327412809
0.6544227622049139
0.6816691453010439
0.7614283848405311
0.6365142291507332
0.6532842911360754
0.6084945571753393
0.6509619730006867
0.6233430165823747
0.6664657104157926
0.6237823473953884
0.5962403716540264
0.6005245554600946
0.6170688438521253
0.6403432736227487
0.5801168706204757
0.6369245179381317
0.7196703259735622
0.7054912712161955
0.599641982604295
0.6719785583248535
0.7200440420123048
0.5927695514991196
0.6560232999791872
0.6299008720402822
0.6673036350102236
0.5720661402787169
0.590864047022792
0.6678994343889831
0.6154008395186995
0.6137135700106362
0.6576447028148782
0.5970158489293819
0.6078570457694197
0.5917537374937077
0.6327891600511535
0.6030834550188628
0.6358644130625624
0.6639967838527365
0.602027622396394
0.5931251023264695
0.6004716711718907
0.6108701970707652
0.5849130693070306
0.6088023625731889
0.6597257185355431
0.6337211632521652
0.6219679693271895
0.672921688864763
0.6620518959540387
0.6021294345027265
0.6216522401006627
0.6548152897996408
0.5963605539742615
0.6160087959361048
0.6203461169036538
0.6141799986210309
0.6529075246755129
0.6592337085933304
0.6597021205551057
0.6685522680860757
0.6203357519754278
0.6430756641837311
0.6328264160170834
0.6685855257121439
0.6800552164941834
0.6920701053718996
0.6688473973183466
0.707869419984844
0.6563491291722986
0.6260802827235898
0.6570468679081238
0.6315953592075922
0.6151056303371542
0.6231044389470075
0.6606479002864767
0.6896692913438789
0.7598425352488883
0.6605564543514186
0.6569547679503014
0.6474223675420582
0.6287544705111656
0.6600266145767049
0.6762809507297989
0.6377762434237139
0.6072413874680858
0.625804837161075
0.6524200007322799
0.6552344362864814
0.6758135345648372
0.630073248638628
0.6446718016028727
0.6715823101789385
0.6794769708345803
0.6946551050763577
0.7169893664765813
0.64651595917375
0.6482980843765759
0.6217831224438871
0.5992047584258449
0.6579383543603065
0.6376226014658731
0.6313024868352156
0.6366027034922196
0.6275221407200638
0.6580611462279038
0.6556572343378435
0.5939536426174508
0.6675041885927976
0.6303901084488618
0.6280931551364888
0.6362437934594273
0.6441055964763879
0.6116314769828661
0.6437933263585928
0.6283609401045047
0.661726681537328
0.7039808026479721
0.6387939866491223
0.6484876784817581
0.6614673755883551
0.6126747904414227
0.6344164100355942
0.6098567717562828
0.6255898685719319
0.6380350448628116
0.5948542342782791
0.6165055206589003
0.6107810661102213
0.6006246669093498
0.6348146493741325
0.6426454510587274
0.5934291491454514
0.5912418645246136
0.6498114752042532
0.5754562089050138
0.5931254705883873
0.6368601652733427
0.6084679613249923
0.6503713941843651
0.6813324014075814
0.5856460572426141
0.6190685407463639
0.6006976715749689
0.6531778073356752
0.5957246932294487
0.6412425596960011
0.6315856077635494
0.6188187177951024
0.6282620252755706
0.6053294880981808
0.6207661490715993
0.6611112410886179
0.6992863948692059
0.6474286575241074
0.5932395181093696
0.6400349346484834
0.6210108338146536
0.6903899044765519
0.6926360811369809
0.6640510972881376
0.6149205514412799
0.5972148259869441
0.6450599363336088
0.6320457328696223
0.670965328213071
0.6662813159526275
0.6382798489375858
0.6277903782251432
0.644281269721022
0.6738953802307981
0.6417714087791413
0.6548999675006562
0.6669485838018918
0.6285925733344273
0.6407300307311901
0.6380145824428434
0.5451540440161398
0.6299002887727569
0.6611765961433564
0.6392758675574987
0.6708097513850537
0.6453825861335742
0.6644824769516151
0.6726623634032974
0.6493282917350017
0.5970313262162134
0.578074201791786
0.5876355826822268
0.6153981136050211
0.6438091791974574
0.6054701119039092
0.6061815723341766
0.6397996193702838
0.6097930242226448
0.6330229789852831
0.613134288601614
0.6742893757048619
0.6028031471508534
0.6486029114017792
0.6522075457605668
0.5960119443125665
0.6252385475369338
0.5966384316514409
0.6753552052244128
0.6651323861272768
0.6896128882333974
0.6720359541877455
0.6543444322701215
0.6946747590185232
0.65699695606584
0.6232602964932111
0.6352993184341105
0.646854373454478
0.6098365154951741
0.5959649675262149
0.6304697773870821
0.6285481834772724
0.6353230955018578
0.6439829376439803
0.6932811427253666
0.7171909782790311
0.6756410904130977
0.6232850724945417
0.6390304341867776
0.6201315689241157
0.6409489005346943
0.6360341492002846
0.6248654229231787
0.6832263516952227
0.6559958058079186
0.6473407486592225
0.6782870513892572
0.6803843881948526
0.7037667552902389
0.6674125940879369
0.672065788085617
0.7155322321410561
0.6764187218596771
0.6776408963484933
0.6463391128906291
0.641334635960776
0.6935828531301951
0.6301289783847738
0.6681987064437979
0.6473101963266238
0.6333211013047966
0.6305712707610474
0.606354125005757
0.6734287342992157
0.6207987799530564
0.6683990581410575
0.6647734148595484
0.6788198262438574
0.6587747360769586
0.5996961358883555
0.6801340791298592
0.6305672023918699
0.6040726320323829
0.6217834611223153
0.6040804947947922
0.618201480042327
0.6493069117362655
0.5927168856008906
0.599920805865124
0.6104298404025279
0.671336593649966
0.6477019131481879
0.6073080455635813
0.6479809951865774
0.6662958649344306
0.6642144694741287
0.6390599471372892
0.5780870177679744
0.7014268791682261
0.6479745833879682
0.5597964642667854
0.6237765221232904
0.6287792426540875
0.6262343556773019
0.6404768794754434
0.6682429089877641
0.6614816446871858
0.6143245230519582
0.6074537250379601
0.6330566766716479
0.6611167228266167
0.5981048995892313
0.70764309052389
0.5872462974350652
0.5730018046452777
0.6488747970216422
0.6178027997989227
0.6374407711977166
0.5927589320444695
0.5568198003045066
0.6129432274513045
0.634857229336187
0.6006065947658572
0.6322456660272149
0.6415314882587825
0.7053140497862366
0.6282263514407087
0.6345674398374194
0.6047775466058469
0.6162058968793745
0.616094017883869
0.6992967829458584
0.6119418995566193
0.6033079263587473
0.6410046944169121
0.6551133626844429
0.6331593134469236
0.6114504690363521
0.6378951034964767
0.6365261663533986
0.6935686692178512
0.6976491909523284
0.6561780214974509
0.7236185056329374
0.6779791339153016
0.6708481085391061
0.6399577325924446
0.6800364895927088
0.6386330800323752
0.6973289386840842
0.6858770178564867
0.681276979768343
0.6313232630828939
0.6751569628130659
0.6202416415585464
0.727932752374469
0.667503217892536
0.7036118970276807
0.6995808942089371
0.6137235574237379
0.6415747546730628
0.6294100872059242
0.6481916552221342
0.6239916291620908
0.6385241522320864
0.7196850592794694
0.709164209827527
0.6171159134115266
0.649033881271495
0.6440083000331689
0.6126029626987608
0.6222686612955091
0.6969823195342852
0.6983691631196135
0.6933823706354703
0.6400558432520849
0.6236047177236675
0.5943603203821529
0.6258493371986367
0.6691144879850722
0.6425672701601651
0.6294120591293474
0.648628675982886
0.6470696174581138
0.648372373893014
0.6397204859625243
0.6463689608755018
0.6260219343980968
0.7423348862747475
0.7206294724370435
0.7177537192040725
0.6496283209719771
0.7196380773299333
0.6985848173757154
0.6253643893625341
0.6980196472963941
0.6626140705026
0.7062016457582553
0.6269883891146164
0.6401330678387908
0.6635530092938136
0.6740619703304199
0.7062018687030015
0.6285421063743676
0.6658844428225711
0.7076439653885253
0.6559470126499783
0.6764272123196493
0.65366883560671
0.7170011143712677
0.6195115579558195
0.685958102780054
0.6185177771123653
0.6748359151537618
0.6665849025505098
0.6790865301589063
0.6362149558594823
0.6651266808372622
0.6982681600113714
0.6403918439224137
0.6980710419097955
0.6484825503223125
0.6358355551614139
0.6326727430032145
0.6497401507611669
0.6463963630808872
0.6561516999202074
0.6194995302455829
0.6213241687947136
0.6911608271711018
0.6370841631789114
0.6656062345647865
0.695589894112469
0.6993656937551174
0.6559448339814768
0.658459114420129
0.6912554183807272
0.6787145130609038
0.6822141275045419
0.6505346382473168
0.6661799836370044
0.6650334655499003
0.668562146270354
0.6583288964782146
0.6963961014477492
0.7160567428964366
0.7217005143467996
0.6526903044622044
0.6639790891367244
0.6842395891430034
0.6936462969215591
0.6526388749492109
0.6809425523819786
0.6600816521592705
0.6521877241905872
0.6515530336118748
0.6244876272913863
0.6809425523819786
0.6243177125555265
0.5735002382034947
0.7378255065323522
0.6573248592674679
0.6875313321516301
0.7000278618597189
0.596632816042149
0.6726107705854178
0.5667509592766226
0.6743935357015961
0.6166004779543305
0.6644341043053237
0.5929494279285067
0.5950858223338413
0.640704222795987
0.6625059588450638
0.6696250707058427
0.657849186005645
0.6611651476724015
0.5787412196184418
0.6148161147128602
0.6404853021809415
0.661980197498288
0.6393500007935463
0.6343278288278001
0.6981686068042521
0.6954704592323824
0.6567819195565007
0.6279961577726136
0.6021833394049607
0.6538603016812276
0.708057306425926
0.6756198316228922
0.670874437988803
0.6032747913731002
0.7262271735233391
0.7042079767862854
0.6684974986130812
0.6255036631422942
0.6441944531942196
0.6431057525549576
0.6205229472090368
0.667453696921684
0.6465806068899577
0.6587578257169652
0.6456939199362146
0.6521976778057875
0.6640364313840924
0.6243469819623644
0.7003010522456619
0.6189022321393118
0.6986616509294479
0.6101511445404623
0.6746958445052724
0.6831093642742043
0.5915872454424052
0.6918543359046833
0.6620837801611761
0.62061898010875
0.6205758272701204
0.647562734438345
0.6822352515880047
0.6857245627902986
0.6096881498768576
0.6592791705744928
0.6184131907129625
0.6046543440403516
0.6175594261467968
0.6804335239466377
0.6299795949142513
0.623867854492473
0.657015476304024
0.676903455229698
0.7187782584381587
0.6046181864794912
0.653084265353513
0.6415340279384426
0.6121614367118526
0.628021458473651
0.6519813449560734
0.652636477652545
0.5774545872473692
0.6329421129626753
0.6215630725371017
0.6537196217272943
0.6883041137602947
0.6082420299509862
0.6810135078131557
0.5861095264132599
0.662275904298469
0.654527422244479
0.6553513339817821
0.6430160293928435
0.658488983953442
0.6265179330720125
0.6279815963294437
0.7179033610277551
0.5889437145054178
0.6980740810455235
0.6191355571164603
0.6331961344732012
0.6431069203607347
0.6674096792491215
0.6623669626320355
0.5921639448322188
0.6116275331357056
0.6239995488389555
0.5958860989596754
0.624006189559046
0.6788613019515888
0.622662116959024
0.647417819342266
0.64184090531112
0.6269711222987571
0.6368516820130937
0.6333018086904788
0.6142644046049776
0.6194811311345737
0.638924866499954
0.6640856022789504
0.660367142008832
0.6961933992080027
0.6790992415211609
0.6835520015829414
0.6459530782442457
0.6458759710823873
0.607346112404049
0.6744458566247562
0.7059793377618642
0.7110504931120787
0.6958266090776045
0.7172249388219094
0.652797333079017
0.6997759672552263
0.6837682706964958
0.6467539186577553
0.6757496128819858
0.6367653878139238
0.6071382003489459
0.6455745910649938
0.6922249601841711
0.6926360811369809
0.6640510972881376
0.6254753928283386
0.6062940873571082
0.6699529962085881
0.6453618292010259
0.6502948950993505
0.6662813159526275
0.6479896120475402
0.6788287938999564
0.6738953802307981
0.6395173673074629
0.6320392056569714
0.7139784888743539
0.6851994928934612
0.6737923781882432
0.662467752769164
0.6932936840986803
0.6889962502012418
0.6293805664859227
0.6690399197691907
0.6105767875615407
0.682902212514131
0.6403564987044728
0.6395770515202703
0.6174249913036686
0.6328909154161705
0.6403564987044728
0.6395770515202703
0.6174249913036686
0.6727886529326952
0.6339881171842009
0.6183298475283947
0.5896423380710366
0.5914392822767394
0.6350607917939267