0.6286025673699801
0.6575743645324792
0.6666648789365192
0.6314703012485058
0.700680983318821
0.7196089757788797
0.6543495143380903
0.6339975530739386
0.7253565959343825
0.7358538541677189
0.7136674836535185
0.6621946786225074
0.6629811340655373
0.6482090832747638
0.6472548492311252
0.662811895462503
0.6417751027424425
0.6607922679588824
0.7088057421940145
0.6330326473041712
0.692634174741567
0.6602086385622279
0.6513476535613443
0.6824935672650149
0.6787187213959258
0.7128883613202738
0.656054906283775
0.6466077634888755
0.7382215569787283
0.6614664843644497
0.6542221496996693
0.6894316335318483
0.7373592532713179
0.6809881165117264
0.6507473557003874
0.645399685573241
0.650201396440128
0.6916026525811075
0.7319998239552415
0.7153225560370473
0.7620047333055501
0.660158842710332
0.6646681253814695
0.6808065259639238
0.743135324488822
0.6315036969949688
0.6310575401752144
0.6310843499720341
0.6344295081172651
0.7247479921688669
0.6421706281781363
0.6369243888551279
0.6204826465280817
0.5911943356749549
0.6076858824719577
0.6252387579667529
0.6814978842931636
0.6197796217490369
0.6627229636523914
0.6877222139487286
0.7129961769856151
0.6464043804669604
0.693174288032393
0.6655884692332634
0.6977069352455655
0.7117941211248766
0.6389464602602235
0.6284719358708033
0.6396321008246922
0.6192794134119156
0.6566391010015433
0.6549865204946884
0.6189854110771733
0.6070481213447413
0.633633796180774
0.6698235529506126
0.6455099694318631
0.6490858020474211
0.7336973540778923
0.6370411960263712
0.68415505631913
0.7128577974070177
0.6825194641207033
0.6236123354409833
0.6593616414238908
0.6561506080341544
0.6196900819907732
0.6535771274888607
0.5992987183560753
0.6136526003737587
0.7454307980810918
0.709608223615591
0.7126265329130438
0.6422111077816579
0.6512250697002103
0.7592969957297946
0.671702061070935
0.6311744467836589
0.623623262184186
0.6877265549626045
0.6460087735501103
0.7035012203354426
0.6615875294253077
0.690517829315513
0.6573082799445978
0.6307316908633953
0.6545096597862744
0.6913240572899406
0.7299313235114574
0.7223443025755992
0.6233919622464833
0.6444544652539766
0.6974063136298749
0.6592387506619762
0.6549743019448724
0.5981182719948711
0.6330592293078341
0.6078301338570319
0.6779468027204477
0.6591953273732125
0.6405301240154494
0.6646275153870287
0.6595144186012731
0.6691423066912975
0.6460581175683944
0.6521287299886216
0.6548216239748391
0.6240319459585771
0.6539868007267602
0.636685705986322
0.6669353568739717
0.5937187902550318
0.67144820989948
0.6980535799591923
0.7111367458088044
0.6908329029192143
0.6940751197891328
0.6504851404502113
0.6464654914292953
0.6412387250307768
0.6493795029612254
0.7199818284691714
0.6436967229131877
0.6692657401867342
0.607954405113832
0.667621660201816
0.7149111833929234
0.7061226544306961
0.7023284427314466
0.7125656387672507
0.7285031865405573
0.6669546091300147
0.7477175302138553
0.7215364581375682
0.7055898018486605
0.6918635808522935
0.6905496321665849
0.7069254527261205
0.7302615595790842
0.6869847073384046
0.7235102681825897
0.7031604948060366
0.661322362046919
0.6820317972323385
0.6382807814452107
0.6390041915995361
0.7076254260167576
0.6942176001823208
0.6761539512863399
0.643535881106145
0.6572946737769298
0.6874997389682111
0.7018481420738151
0.6780751806423572
0.7015072054789147
0.7005198219783092
0.7256810808923474
0.6874975488281221
0.7061014055962855
0.6617179059717104
0.6727818387364349
0.7077290579472182
0.707586244948628
0.7123433755831157
0.7073154762576248
0.6900626517216482
0.670602402176428
0.6644232610575208
0.7220026125363327
0.6483186622763819
0.6084912229332304
0.7001601150597293
0.6425622928381949
0.6343796277112443
0.6389972763828621
0.6281726084482574
0.7308927860338753
0.6910849390296997
0.7287599516563708
0.6999695510212054
0.7234303879931144
0.6884749639556474
0.7187010987367385
0.6904418342697809
0.6609335283114693
0.7475904464091742
0.7739698717034701
0.6967026567785974
0.7223309994181593
0.6604980343063307
0.7728847659853879
0.7458544631726746
0.6570149308002929
0.6281532530804783
0.7246141858451081
0.6391430270610959
0.6474095300855889
0.6401474277138066
0.6936791132804451
0.691033037173821
0.6485055846174257
0.6227359555548714
0.6482010958254317
0.6836972109146823
0.6334243938324738
0.6623363861937833
0.653085358962631
0.7192780670661478
0.6580922895922501
0.6357050719661997
0.7137865517250607
0.6952406748209491
0.7104179136628617
0.6979183102401673
0.6556434794382798
0.7350915781577996
0.7293715227496695
0.6911832615410319
0.6880958363228263
0.7004579312333402
0.6618382468616412
0.7578313653854678
0.7017692415416309
0.7591843353813936
0.6570151576716089
0.66812032962179
0.7011819296253498
0.6627903272213863
0.6747072884615515
0.6886835627476352
0.6622760826182132
0.6824153447860692
0.691357417365098
0.7262454814276232
0.6776604962779541
0.7154911482784235
0.733328259289298
0.6390028612442056
0.6260133113414112
0.6358200716187452
0.6954529894697731
0.6955023315073643
0.6747326743107503
0.6671347976983516
0.6863302372085821
0.7107266409735641
0.7592104451293855
0.7551623065817546
0.6941077722635566
0.6698602547478986
0.7397105004662139
0.6928732744017791
0.6751513469756799
0.7050761857984658
0.7160265524825533
0.6795445936712622
0.6321394750221094
0.6800467069999001
0.706677692080528
0.6899968122654956
0.7062986308481388
0.6932733457803493
0.7080336955629988
0.6816257456563148
0.6664094182732353
0.7217965171480335
0.6638065841170895
0.6171275901632445
0.6684521063862447
0.7313588639648331
0.6762013307438579
0.683567644945971
0.6910195249486347
0.6972646442816943
0.5985342166336417
0.5775503291822695
0.7530156289816612
0.7456628721489286
0.7462653535866617
0.7111609142313212
0.7053888271173858
0.6949912481948312
0.6753764296714697
0.6997634771929591
0.7824642432196749
0.8143056512673786
0.6734737391875484
0.6440912777729353
0.6335995136875611
0.6437157005109005
0.7078137655756511
0.6729936634998461
0.7028145526294268
0.682731330837776
0.6940477717362583
0.6932996893463897
0.7575225344373069
0.7332141709536372
0.7008643304263218
0.6914605716156071
0.7514214412425253
0.6822669681547366
0.6897613407875189
0.7276393417549984
0.6960462913029787
0.7619730841076899
0.723566048631106
0.6865897121516569
0.6756071912432791
0.6813261339792037
0.6856906296785005
0.7005786131805013
0.6262333342576257
0.6974328288464186
0.6938036065856805
0.7338718022683743
0.7308049995063183
0.6633114959889437
0.7255273700717169
0.7116779888434565
0.6868326622974238
0.6779198926490705
0.672053966467227
0.6512323984592324
0.6985361836959247
0.6546540860712715
0.6881618944290442
0.7685281490245459
0.747936111339249
0.6671420435648624
0.6321693469629643
0.7133240139603205
0.7754577242723734
0.6414152426362738
0.6953565697039252
0.6799510163242418
0.7521180192213209
0.7252816018606075
0.7123230387083286
0.6699774447967316
0.7404774599087438
0.7192263362728731
0.6805447118515111
0.6520632098515964
0.7344153487228982
0.6375878993437046
0.69939261925287
0.6857032755015023
0.652776987064207
0.6888463432907432
0.6923448546717766
0.7083165836768881
0.6897048254972965
0.6999279958230665
0.6917655327223817
0.7627765686645992
0.7202498900365095
0.690638497017482
0.6589246485366215
0.711261363152811
0.74663911222745
0.7711552673246436
0.7675143898436857
0.6965910787184534
0.7538391784702524
0.7569367906225177
0.7327193078372234
0.6910128767112542
0.72002949012049
0.7008560131874566
0.6641283688015561
0.6799469372139542
0.6357733465528823
0.716738084313963
0.6985800388974088
0.6988125591897829
0.6885118297153238
0.6755670814843451
0.6892982759446935
0.7180534244717511
0.7184757243696098
0.7340598845346917
0.663832194704897
0.7197775194267478
0.706699236594617
0.693190672116169
0.6760197258511621
0.7498726633054775
0.6911422217150283
0.6782912074692078
0.6590203206000064
0.6639404072014479
0.6941571536229155
0.684228123619578
0.6683990705768464
0.7074350792737518
0.6651729044995056
0.7087637384084079
0.7097251188135093
0.7005507462173709
0.6858331901502682
0.6810652442747733
0.6519516052599709
0.6338849256621945
0.7510923366800266
0.6798312142314042
0.7709659619337762
0.6734253437453995
0.6800329593471655
0.6561924580707238
0.6859387712085281
0.7459469386411073
0.7004535782468375
0.7215849246254492
0.7136332240790701
0.7070293739267469
0.6795663068410334
0.7392303399030534
0.6236144158424789
0.7161240184346064
0.6853359054682713
0.6816573600609349
0.6866390314235783
0.6934649850293025
0.6919920807706018
0.6840290470061248
0.6853028088574629
0.6672145755776729
0.7524917830836719
0.8167014624346803
0.6974904552284888
0.7403124413493022
0.7509708964161458
0.7036856901563217
0.6713352304217304
0.7035709411151222
0.682596591526676
0.7204238852322721
0.7425257307587025
0.7248344159944728
0.745476174652365
0.6856709981747977
0.6826082409121069
0.6859600379289568
0.7104829461601618
0.6729144625364261
0.7333442857762
0.6688644814322305
0.6856012263373937
0.744609463112223
0.7482567656368987
0.754357681087358
0.738569948711124
0.6675183398398742
0.6613985624797744
0.6466845509396031
0.7414094611358581
0.5972678250842258
0.6730995653793227
0.7741036159305806
0.710453969730163
0.7004919523117756
0.6906180855375141
0.6904116995722624
0.6854436826253383
0.7394502178001111
0.7561543729485385
0.7168220699824546
0.7582052549000575
0.708302026485175
0.662041635674824
0.7239226773348455
0.6700507631042447
0.7277549609152191
0.750983173029539
0.767198028117241
0.747634596793506
0.6771849425493939
0.7596062934086971
0.7243397783878899
0.7296724723330595
0.7263072524373546
0.729883053041143
0.7725788446470515
0.7099971430490088
0.7206763128311873
0.7308375903529897
0.7152890791999218
0.7053778649479882
0.6870440208212645
0.7667320429638749
0.7763410679538087
0.7541336049313485
0.6443045504202133
0.7028007565797797
0.7388333443179834
0.716962732247452
0.7282338126042083
0.7638136396999273
0.6280232901230689
0.7497974781770398
0.7145657251775652
0.7662125598806259
0.687685027655444
0.6801813634833553
0.6192705358991791
0.7231555089893315
0.6917287955126488
0.6607370313739407
0.7597874318987579
0.7012357853301354
0.7214946324521014
0.7106869264695261
0.7135858358809941
0.6582527925912633
0.7062639261356719
0.6613921864596796
0.6565403206178138
0.7161553310633026
0.6733742588118352
0.7265202823006114
0.7091682399367155
0.7133379734090317
0.7192009625785757
0.7090141979029926
0.6712069866509596
0.7507025177913798
0.6949189711615382
0.7148086900050885
0.7303511190368531
0.6887467908445059
0.6623374240479439
0.6601367982044775
0.6672619394275976
0.647487494312813
0.7217671631718403
0.6988015076836519
0.6536753342307317
0.6713069318949586
0.6847358180877703
0.673556561329684
0.7024248108947526
0.7614414346146696
0.6388551262425541
0.6578108725139592
0.6819942314089701
0.6886514633172001
0.675213256027153
0.6811549460890024
0.7387841560517316
0.7410030734128678
0.7356357969164333
0.7292555748614584
0.7106718919246094
0.6527463057239323
0.7384571138909404
0.6142974650774856
0.7433646176401056
0.6399665623312636
0.6549555016048233
0.7468921741964916
0.704936195888258
0.6639545886038919
0.7335903732408098
0.7078125051979147
0.6755341015719688
0.6695198722968431
0.6643852797248029
0.6833192698676983
0.654287626536305
0.6620486808287949
0.6973000658439735
0.6969747275219429
0.675942013304685
0.7202118598021916
0.7422113785525376
0.6920618336645289
0.659341994831457
0.6212814188070731
0.7145333306872549
0.6709450587940113
0.6795826512317137
0.7146259047566088
0.7289638770884754
0.7275425438466826
0.6513352537654326
0.6925538187441111
0.6983494702846543
0.6773019720072601
0.7269786560281716
0.7457928486288453
0.692740364042996
0.7500128266710319
0.7234292130849835
0.6942631987953081
0.6513352537654326
0.7117981191987888
0.7130308805060305
0.6754598688961733
0.6573331197470407
0.6984248541369893
0.7232520504640074
0.7107834984694341
0.7235446909537232
0.7398983689049707
0.6369077218190319
0.7018397723025823
0.6526708218992405
0.6809807471036247
0.7668249892979976
0.6821629316917522
0.7054612920790868
0.6431257300421446
0.7565829408448329
0.6876470799792779
0.8170328980335939
0.6756260451881515
0.8262416810807844
0.8537407542817673
0.7603864427897671
0.707285169817403
0.7183001660500047
0.7012342165249412
0.7248662707249641
0.7457432617537403
0.7085770674265918
0.6969855859085274
0.6928734745301871
0.6866448336246566
0.6568934580402279
0.6887365692934174
0.6439527986966097
0.6649106261570016
0.6366522054102787
0.6709689611358512
0.6340523761814254
0.7000614831458604
0.7106437825657953
0.6736772638269922
0.658692726315309
0.7283912816189339
0.6654395860464373
0.7126430302649276
0.6963017899512196
0.6860309816178581
0.676601532617029
0.6521600707423623
0.660290095265805
0.6887646731612984
0.7280806701188082
0.6722550367970342
0.6127400513939287
0.6455233687026815
0.6627186823109946
0.6813680199318354
0.6688936593907463
0.7434031364292126
0.6721579144811259
0.7277741247833817
0.7021608784082273
0.7242792953150455
0.6796881715055311
0.7078651212744064
0.6558342529817758
0.622714449667567
0.6452997848172759
0.694666910972318
0.7869312694698819
0.7200989571775449
0.675707055773147
0.7099013065566633
0.7147402375842495
0.7550664575675176
0.7205703458094465
0.7199202891251708
0.6521891364429827
0.7328127785350044
0.6737820757411741
0.7581048045667741
0.7369934305599062
0.7121621395959654
0.7194150155289252
0.7867298323133453
0.7396667580904716
0.6939300981404606
0.6678652565829243
0.7000627006440826
0.775733031213959
0.7293976164906324
0.7048253699043002
0.7002723096285021
0.7247645472199903
0.6955760212870545
0.7138643770040819
0.7483227624317892
0.6438513790582381
0.7169968813647786
0.70314661439733
0.7433305372632883
0.7458935005041948
0.6822119277761151
0.7024386417461118
0.754913717262505
0.6802312501745404
0.7589010716687744
0.772186277057692
0.7426064174777377
0.7146016806551121
0.713075747593128
0.7312777766708131
0.7021501848864641
0.7140112271075977
0.7894980629136766
0.7204735967573155
0.7319001548171197
0.7232219419868678
0.6941074699027442
0.6549010943620096
0.7510434930038085
0.7500619444387
0.6969925320953916
0.7514373189927548
0.6388551262425541
0.6883070426873277
0.6641866720240167
0.6741031348589964
0.6995052004280045
0.7080212800962015
0.7319485526706896
0.6875220465984696
0.636930892992982
0.6788271167736133
0.7394261243996832
0.6987443774957081
0.6815362415878059
0.6727914388906198
0.6234260185980731
0.6848503346203069
0.6893972013000952
0.6561917288793339
0.6804993570707439
0.630309622331429
0.716143528902667
0.6963299095646809
0.7039059836344518
0.6704140614689195
0.6753879994626525
0.6848208716732309
0.6707318297336862
0.6909791263608462
0.6711343357554306
0.6578503393005234
0.6742682813472523
0.7033015662386574
0.7260789629921957
0.7133643368825998
0.701530488295399
0.7308558693293356
0.6868236494785543
0.7222133858543126
0.7720013081962024
0.7389008343641068
0.655722385124537
0.6486728676723735
0.6751130680923928
0.7264212335410327
0.7059426905554452
0.6775273149982921
0.7359724157512039
0.7152031709821952
0.6748572853738289
0.6691845321363415
0.7513719230616268
0.7480460078237164
0.7373492654338512
0.6900516062617414
0.7189315568456077
0.7624768969223892
0.7761777364476588
0.7774423268235745
0.7041902478403972
0.7096745481169418
0.6806524879292051
0.6853833408837277
0.7550996717198128
0.7720240968937689
0.6955192619607946
0.8260110668857581
0.7777624753751298
0.7954380557213653
0.7567908289364498
0.6621005348904153
0.7479846980136341
0.7860011689608408
0.6205661416595972
0.7213863520792946
0.7858241255775779
0.7855393125527234
0.7166660585037959
0.7683160896668797
0.7466034554584606
0.7226655439857924
0.716013981658878
0.7331856682686503
0.7038735297691142
0.8329458564513181
0.7750536829944459
0.7714485501630155
0.7470737648592973
0.8281246789539162
0.7404302972054693
0.7758142689082934
0.8379600949806314
0.7297023116751622
0.6947532849461383
0.7748885133298863
0.7918242446950775
0.7423638394686493
0.7355779274398575
0.7506326825085121
0.7581553458413931
0.7595312161877333
0.8121780154645901
0.7466066570885803
0.7473491872027287
0.779237509014564
0.7293231515388804
0.6962753862703756
0.7323127463363385
0.7370256612553975
0.7192110581542143
0.7815102642137158
0.7197604324054212
0.6963655825658494
0.7148805694856196
0.666719635966888
0.6239852068196887
0.7208347948239863
0.6849881400832362
0.7522417228527477
0.7698758303519916
0.7168769729974673
0.7756810988376811
0.7229777111127517
0.7152843665308212
0.7717112457250108
0.7448715761159491
0.7229777111127517
0.7098675119776017
0.7951005258588068
0.6071915943040485
0.7005693732405152
0.7435762836434853
0.6517785362656561
0.693370332113696
0.7627241135581092
0.7551169880560917
0.7692527706731118
0.7185129243328191
0.7609899206743457
0.8437561824363417
0.785403799671561
0.7826162014632408
0.7943337183485327
0.7584598010597938
0.758022763816096
0.7725394865280851
0.6615296842709211
0.7153550523756854
0.6969267199021986
0.7174797528284579
0.746420834149442
0.7477977897862108
0.7755492533867899
0.7665340668081846
0.738312450594562
0.7364800344080022
0.7213349796103358
0.7957812671465039
0.6471428026032247
0.7439953387744703
0.7839432877153795
0.7429966575589623
0.7381919400031304
0.7245288490518883
0.7645848533591764
0.7771351948011294
0.811379667169765
0.7275930804917938
0.7777816003893192
0.7772526615178754
0.7105448433448486
0.668364568966474
0.6777601740808539
0.7559236738312074
0.7923474652121023
0.7882827300536224
0.7674618599204976
0.7297510692102106
0.807366015293751
0.8293582523462855
0.8154134696752433
0.7427013988095689
0.7972227780389274
0.7561106814163311
0.7637264474472298
0.7368760928870887
0.7840371707770221
0.7357186036509084
0.822377825961375
0.7973985083283078
0.7510872436664701
0.7893443933824239
0.865103653774692
0.7976505962281473
0.7853318744260045
0.7812331334420363
0.6848788602847681
0.7664559955917352
0.8026656301594907
0.7402224775710811
0.7302276963543776
0.70193000268118
0.7798367924817546
0.7619259953718733
0.7178376211873042
0.7202367566063624
0.7329450355727903
0.7229420102562307
0.6120188600156876
0.7623408296846147
0.7382850043696562
0.775653360173212
0.7635933180692211
0.6827145049280994
0.7687580075137954
0.7726723014038166
0.7788959651157713
0.7634851742847983
0.7438466405375393
0.774850322884731
0.639492389232309
0.7919704448231344
0.6471473552904202
0.6923721807023728
0.701697805875545
0.7378618307687792
0.7104764350377997
0.7229851632256812
0.7151065847430623
0.8179017712122432
0.7032695452837012
0.8116261856320133
0.8074065190915702
0.7261745477851177
0.7585454189590667
0.7187167515998019
0.781382001479958
0.6491424917699833
0.7208919921754401
0.6345057185661114
0.7269740699998796
0.695474598226125
0.7809280896501387
0.794352268698124
0.7883971951071171
0.7257879014559443
0.7769954626889262
0.6667613427925154
0.7552320069057885
0.7155086277036589
0.6502268064770398
0.7177667409648498
0.7808309617849324
0.738070589968058
0.7245165391500188
0.6554006087099511
0.6933090553593981
0.73509088364759
0.6788142362926444
0.6750371281106909
0.6561634823570209
0.6791433329443125
0.6989049112436846
0.7361717594048741
0.6814647764027582
0.7364222594665473
0.7333140881902112
0.6823947586761836
0.7334913174445519
0.6927229195836745
0.7122633088233106
0.6810035806260418
0.6529522371020813
0.6586418448810539
0.7174329225169024
0.6359162309663404
0.6328734334485197
0.7058745256582449
0.7102803273610626
0.7025334413674664
0.6951325943414032
0.7275026068866587
0.6760338333713137
0.736412063583657
0.6947112841322182
0.6274132262607864
0.7268198983968227
0.6668721292399148
0.6884754737883405
0.635394703107152
0.6467269493141773
0.715354708398952
0.690500526811439
0.6688347494846891
0.7225015487086872
0.6485561723160823
0.6622710811774385
0.677473275366926
0.65079079159539
0.6613512544310973
0.6294885457604595
0.7373158366560892
0.6462667965335656
0.6820664963302934
0.7183944754879523
0.7076445515170998
0.7477742351422824
0.730048863250444
0.6903480635601316
0.7229301152842578
0.6992408568179934
0.7128401354269026
0.71542622935484
0.653023831556803
0.7149231949403976
0.7809901526104801
0.7040297370382944
0.6913944378231831
0.725357781877764
0.7343747688324791
0.6842412576698248
0.6446276794338445
0.6383338248964995
0.6672733769061178
0.7715379154786344
0.6394762967965131
0.7171982889453578
0.674331301320965
0.7534872276238063
0.6455677145312773
0.7391666510717645
0.7420561108343067
0.71139168772295
0.6890319835817357
0.6555903255307042
0.7023047208039918
0.6672077912230341
0.6945699217431132
0.7063518236202183
0.7209127132085051
0.7317932340211225
0.6829237382516207
0.6629779449114508
0.7591986625100846
0.7158916726476023
0.6443850918665476
0.7325887873027161
0.6590903321090763
0.6803578015869534
0.6864227346543876
0.7542998842955249
0.7512005939422687
0.6846434675085283
0.690462729742883
0.6428604908652874
0.6739224746284367
0.6918783337944598
0.7168436532551362
0.6979517848790315
0.7408534607162802
0.634141878365226
0.6770182244460784
0.6751593576756502
0.6831239577360464
0.6583800559415205
0.6590612786153788
0.6697666798566791
0.6865871257025095
0.7682887951786821
0.6402988936438728
0.6211291368586588
0.623341570953121
0.6473834557743219
0.6565314516818409
0.6527344652628788
0.6868077649750031
0.6249574624773101
0.6641840639068952
0.6435717920283948
0.6407375117871844
0.7156198271071965
0.7024759602651226
0.6616789077868462
0.6814051849590113
0.6923213277289094
0.6563974112520246
0.6544082961762108
0.6789516804263636
0.6970377704422756
0.6524621186995931
0.6658733134863024
0.7246003080086721
0.6714257346680441
0.6887722296109202
0.664761597139358
0.7047871166295667
0.6401632890643246
0.6686494916702316
0.667258688252939
0.6796990104430727
0.6500048446996621
0.6562642604957388
0.6960315506307563
0.6416385940991397
0.6750103229653256
0.6606911077934433
0.675992885196908
0.6745719104425902
0.6332186980090632
0.6273680878493612
0.610639708042887
0.6678831799682349
0.6787757642107431
0.6648595957579496
0.7051439534102462
0.6947937209707525
0.628864252877387
0.7113776160943346
0.6857463443262668
0.7083991621029762
0.6880632558075255
0.6540771387522555
0.6773630173704436
0.661279081166643
0.724775981952436
0.6550906646189905
0.7005465491946767
0.6707052979849701
0.6857181223444758
0.6414640948810054
0.7336431726601047
0.7428407317106737
0.7094597930567306
0.721931145819505
0.7427431886168598
0.6856356845870722
0.6974892349208769
0.7111381496763943
0.6683169895727012
0.6688407411256018
0.6303774797771693
0.66906398589236
0.7165975731261863
0.7359293581198949
0.7010592521012361
0.6490103434972424
0.7900161137677487
0.7685736831097195
0.8092003487532786
0.781851551740149
0.6517448397818397
0.7769143433819496
0.7452475117649905
0.7644445624629328
0.7023616218292656
0.7579681825068193
0.7173479353019786
0.7409140548913533
0.7134039740823662
0.6876337277222773
0.6836124340344156
0.6798788831258893
0.7637869827385955
0.7517167258577421
0.770826445097664
0.7728129705271303
0.7730405280335351
0.7254199094877899
0.7385561413343116
0.7315484378625916
0.7388793302956973
0.7523134270858296
0.7176249303677054
0.726488040780925
0.6292132494159152
0.7109762643357558
0.7221800678527975
0.750305275906754
0.7275032264346794
0.7172018679947819
0.6845451279396412
0.6739548230838251
0.7017908885935098
0.7056692284065584
0.7192586061086836
0.734119232382777
0.7640207875277527
0.7583733708507184
0.7422697160484195
0.72646264845298
0.7207500816213366
0.7306095250628588
0.7020505653940649
0.7322831415683664
0.6970771976635133
0.7007502047998829
0.7308179880313297
0.7904099732261307
0.7592918972112065
0.6967618827997676
0.7509591710607972
0.744350634306812
0.717453907275625
0.6315845232999786
0.7443837311465075
0.7880121343215956
0.7364730599655972
0.7685160942646151
0.7126058061436489
0.7337043182888966
0.7795520677383573
0.7072083234682346
0.7533119973303753
0.752067862332108
0.7036760457163806
0.7677875212351264
0.747684093169068
0.7370928192871093
0.7316504584655595
0.700509502730867
0.7454893341394309
0.678762353782136
0.6875178274276309
0.7131234329592554
0.7124674595895426
0.7266785896487244
0.6858054277856773
0.653650284900377
0.708472216346074
0.6711347575787037
0.6938056569995181
0.7287876360252337
0.7228172073137606
0.7417253846714028
0.7499273223918937
0.6880617231248842
0.7438012762843024
0.6642185978535327
0.7257801084675484
0.684457866286775
0.6317531751850788
0.7314367005387589
0.705701162072891
0.6778306639643141
0.6949836029520419
0.6321364018395489
0.6685091697638731
0.6475785957296264
0.6221541416221192
0.6155981684279098
0.6710850482451878
0.6908817511831439
0.6393402330345661
0.6101108428491363
0.655603278650813
0.6720705290447307
0.6518450907189693
0.6622687115883547
0.6548351777129636
0.619929397113045
0.6382595505833459
0.6313036358262543
0.6721166170703231
0.7168070172052113
0.6717332294611681
0.7387218154122784
0.7021249805789475
0.6424462300297391
0.6415553427765389
0.6747491323649556
0.6158573363140464
0.6339987961414446
0.6921220822965256
0.6846393038125764
0.6408427947535682
0.61658722980107
0.6448337482364503
0.6761333551234155
0.6519335896441352
0.6782557411223874
0.691216412080541
0.6259418638749406
0.6312548691837269
0.7322436733529556
0.6151658788204134
0.6595627522325448
0.6819989667253386
0.5803360889066915
0.6768903822263359
0.6336613275328409
0.6349940884887325
0.6571356623548933
0.7242852011741471
0.7327353337705992
0.7333402226255399
0.6502606572612148
0.7065038371304908
0.6721397378383325
0.7402545656281487
0.6862233573050887
0.7284682021312133
0.6810972349635819
0.6968614377760156
0.7547678280989835
0.6948067798176473
0.7310703532375575
0.7398945756441856
0.7446784645644984
0.7370533562712381
0.7388767536249199
0.7319253496464337
0.6185064728733756
0.698585259733229
0.7001393036200685
0.6887662251432776
0.6555264981471539
0.6358967371202789
0.6646563541404918
0.6941004814544715
0.6412132960948131
0.6949561894851599
0.7294455274921973
0.7069824506877612
0.631894377026182
0.6232175672957336
0.7002759820419122
0.5921686220913756
0.7624766746799102
0.6908429468130587
0.6959390623803399
0.7222390065590761
0.6607708436221538
0.7040039666911895
0.7691407486033528
0.7568061120357038
0.7717694194016534
0.7385287490841038
0.7104420954079889
0.7913560615402508
0.8117435891924044
0.7729381676322176
0.750824289033791
0.6686961575535575
0.7021177187643718
0.7262090906961873
0.7156892640323423
0.7747265122212573
0.7200966378068602
0.7835817861337113
0.7411346027015558
0.7345777158729813
0.6696807793657368
0.656705120729529
0.7354133878807344
0.7292867308780555
0.7775712274460587
0.7058908749797839
0.697622233699961
0.7093501018153484
0.6648151743044711
0.6845716763181837
0.6691040926517625
0.6541628684000625
0.6597808450704536
0.6721521106019086
0.71357357485058
0.6458470292735639
0.6343098366012363
0.6855559663557286
0.6919931298650936
0.6817598297262762
0.6929059205577317
0.7284099634923219
0.6951144546370109
0.6898170440173335
0.7161293087822812
0.670631909191324
0.7010916334801177
0.8111761252642332
0.6931277522321617
0.7356563692730967
0.7019265751920221
0.6965935496033717
0.7830099884349263
0.6954958778643028
0.7244100631346572
0.7142947470011595
0.629636147071524
0.7638793260882892
0.6527778405573874
0.6930598572703573
0.6779320596608869
0.689197073021034
0.6715039548693195
0.65725507186507
0.6772800206162476
0.6569574771061737
0.5955405068616222
0.7029822679149458
0.6469191868515297
0.6947686947169708
0.6971417793437193
0.646257489088453
0.6625117846480875
0.6238927849909552
0.6488750847882971
0.6514340350897734
0.6482750822338271
0.6366288187225692
0.6284422651669159
0.6318394516552305
0.6662157490787728
0.6684061284319041
0.68415505631913
0.6908530500245401
0.6693029245165855
0.6946986169069153
0.6459200341104955
0.6306130898843051
0.6658869015500621
0.6717918461720186
0.6587512497288764
0.6773532113353373
0.6807095101220826
0.681959655016912
0.6318692192830326
0.7001013232002702
0.6888981820241296
0.6794095073185819
0.7129355710229759
0.7148518481332012
0.725945895707198
0.7052447315882094
0.7379713963026895
0.7112907645217736
0.7328010517949367
0.65766573234442
0.655955897484524
0.5792633144557658
0.5926524135491376
0.6263063561496381
0.6224982355044046
0.6656800978767746
0.5905732006032774
0.6074643531591359
0.6226536615820166
0.6612459290935973
0.6392029548858486
0.6835750093514587
0.6508219633786992
0.6540069078753792
0.6219815569999843
0.6733352944802251
0.6737139994903696
0.653223998309035
0.6219781411259574
0.6370352232421764
0.6933689687786746
0.6856357713471876
0.6566294698244146
0.6903630585099825
0.6825339056698881
0.688849754187361
0.7035017349933467
0.767625592781294
0.719851690530715
0.6738249715922943
0.7276243099373094
0.6227343763703775
0.6867025700727036
0.6844161397352206
0.6531823364235153
0.7357294026140137
0.748119742791426
0.6689539091826174
0.7147509831417748
0.7504163969605596
0.6611785352732313
0.6958878486465896
0.6640222001964124
0.7386520907938597
0.7116010224335567
0.7273986751596706
0.6664608167992488
0.6600444969523577
0.7097647847769009
0.6727964552923136
0.6613952684414772
0.6684039030130551
0.6557740127811067
0.7026443937140189
0.7129698220397288
0.6845433168497035
0.6848621078034663
0.6917371839670152
0.6153699299491472
0.5787170472979788
0.677578905297101
0.7498391669431209
0.7291511973467654
0.6402655856200665
0.675800398127529
0.6517102912646447
0.688372226865536
0.7028903926828751
0.6749865488894693
0.6311248852690386
0.6420617385270944
0.6626175954791
0.6608746305848756
0.6793018127814949
0.5895715902537729
0.6560410911959672
0.7279501951922932
0.7109741184796319
0.69592757627656
0.6312073571084512
0.7003849999436331
0.6539904074354972
0.642200978606001
0.7169020766076911
0.7360566001120692
0.6480488375414886
0.6583929236568095
0.6264418545395624
0.6185556107249773
0.6505393621541169
0.6699609668414678
0.6788017841126726
0.622237950836942
0.6514825291796614
0.6319099999121005
0.6484888704956572
0.6633697208709051
0.669841073502606
0.6943430010989192
0.7024735946420005
0.6530323444396757
0.6695126473451446
0.6472233189838228
0.6916634930325763
0.6712112951386665
0.6593836817140036
0.6644500464140728
0.6693444050488411
0.6637733815345548
0.6660743914837947
0.6322436461270753
0.642353079674236
0.686561762001033
0.6246532564393182
0.7006815291836612
0.6792360998452773
0.6303509352163837
0.7073306131937894
0.6634854075568876
0.6330173387164403
0.6989154301782738
0.6309959915535217
0.6788396244779235
0.6758746732843761
0.681059824456585
0.6610537216053378
0.6827751491860997
0.6770694312227444
0.6713809265160651
0.6812494411183934
0.6384982420385941
0.6810060344639867
0.670176094461937
0.6735447103776283
0.671676057746843
0.5988751961645993
0.7088770509817932
0.6727385105479048
0.674972745238415
0.6517289077422677
0.6708224063343762
0.643850119300638
0.6547733242915179
0.6640568897981388
0.6466465288130384
0.6708224063343762
0.6409446487642265
0.6040808022814549
0.7218449052630157
0.6843928791723881
0.6774286681807921
0.6481388364459698
0.7033618262848546
0.7068125989487611
0.6341578206046858
0.6897326741776227
0.6876401929779749
0.6624007782150052
0.6900872565862025
0.6656164619503555
0.6566592599391192
0.7135590940228771
0.6655604827138343
0.6670891614540551
0.6882142701371853
0.6264235805369276
0.6022736210006885
0.6540122000956222
0.6791256021771553
0.6427541241400008
0.6417465570126986
0.7015336427125954
0.7120528884655946
0.6996353229948903
0.6527298461857359
0.6434629770402281
0.6671864435425396
0.7304014003902212
0.722085849704217
0.6776330648036281
0.630923077326317
0.7197447823303259
0.713407272915207
0.7029193567569272
0.6452501874844326
0.6421499777429718
0.6258941689362567
0.6465340032496397
0.6866774193594677
0.7137479198248179
0.6794162279092649
0.6719684420202562
0.6800900091351826
0.6471745544024454
0.6438069532853244
0.7056170406936031
0.6495157908609765
0.6545497365242036
0.6667960449145021
0.6457260315216518
0.7610843511419604
0.6836477600711538
0.7627011108707519
0.7070122127786587
0.7715314662737583
0.6911337946818019
0.7470351034364467
0.743818932208417
0.7191278899687539
0.769343303477814
0.7312397593637768
0.7432000975541494
0.6863774650215643
0.6698700348686972
0.7458547264138579
0.708453252397346
0.6962260292238304
0.6869584821216879
0.735890282168406
0.766987694051392
0.7653478452034063
0.6902623026247499
0.6570965880907234
0.6395980432683537
0.7133686053561875
0.7401277002094327
0.7339275041170623
0.626283671614694
0.75449821054029
0.7041648713798133
0.6816974882454209
0.7545994062207201
0.8605383727697128
0.8408902305183864
0.7568272535221212
0.7372489524330295
0.7394535357646136
0.746555499758362
0.693249484819792
0.7444239523117536
0.731061066074525
0.7470054743855928
0.7474151824237525
0.747926291129524
0.7790515605322276
0.7577432603456081
0.8419483785852594
0.7024798799612744
0.7121567217537119
0.7200693524954976
0.6693339618204842
0.6525302156221793
0.6643600205413145
0.6477581712202216
0.6742275248359909
0.717068282974741
0.6512411582205616
0.683348346817835
0.6567005345031985
0.6768589908098254
0.6861155239421881
0.6864817125577191
0.7000977371628251
0.6548963338256567
0.6908840421489947
0.7005776492022406
0.759265770668452
0.7123588454103288
0.7269513465112187
0.7313858646766365
0.687812196944583
0.6670176124737892
0.6547271393330157
0.7382976256852276
0.7038724904548934
0.6638638891861728
0.6602351331171933
0.731320972871163
0.8063309308728638
0.7509073447888207
0.7695138187681784
0.73889821773917
0.7900838559645801
0.7056806767972209
0.6924525104990314
0.722815803480272
0.748039606513345
0.7370533562712381
0.7388767536249199
0.7344062777670448
0.6194124114985151
0.7049762328360676
0.7095603597553384
0.6959485779072975
0.6555264981471539
0.6599474782718003
0.647422652053881
0.6412132960948131
0.6952978270479093
0.6867143369708721
0.7154288980224083
0.6818611396967851
0.7262298594764404
0.6979512657949741
0.7270535432154055
0.732183665739968
0.7041205829424312
0.7029258168416246
0.6544835897328185
0.7017674884775017
0.6714199592764752
0.6812235990831704
0.6332470484991861
0.7163437946707617
0.6714199592764752
0.6812235990831704
0.6332470484991861
0.7338294414474291
0.6425871888706635
0.645975171912701
0.618405796761423
0.6181015620362329
0.6479524036550856