0.6319981331400815
0.6556591936412235
0.6745310855397808
0.6513775353771661
0.6437449947381367
0.6630286742745715
0.6163078839036807
0.6224335949253259
0.6212693487020566
0.6680423243891287
0.676810995422574
0.6539232246587449
0.7012354739119749
0.6781563761239562
0.6982179138654797
0.6616499932286706
0.6994977497118761
0.7139796486627462
0.7013304257699994
0.6530463482119054
0.7063906380575946
0.6941500093160459
0.6716339314045657
0.7202012163158249
0.6904239550900528
0.697779696649261
0.6547646884037222
0.6580864377936462
0.7181258797872969
0.6281624956657161
0.6860778603279111
0.6931817925268607
0.6461168430570113
0.7035226026155543
0.7060516905727116
0.7069077100852137
0.6679190905904561
0.636890552467553
0.6491049252597981
0.6821866247683301
0.6928708868689591
0.6363330363051181
0.6994685064100036
0.7016416248641558
0.68642265901091
0.6394917491077297
0.6152685702720098
0.6441174996370617
0.6753604347847318
0.6577813381402176
0.6584905259215956
0.6795713616464457
0.6311586634450359
0.6663301913085862
0.6383666980883645
0.6321223924120893
0.732522304776059
0.630187304499026
0.620397420185404
0.6458910303369109
0.6903298553696813
0.5998510743702651
0.7091671799748156
0.6899278087836391
0.6618705516086494
0.6807414909344536
0.6362044619105324
0.667045371622804
0.6460334700348566
0.6231325203504325
0.6547946974149779
0.6557046073627464
0.64200007096325
0.667553368435725
0.6853847712708222
0.6999686685837098
0.6662061581798701
0.6776511053567406
0.6863889237771746
0.6334613599753612
0.6326787438312319
0.6715903601253895
0.6444294072980776
0.6455761173906724
0.6886672137883336
0.6839127310128104
0.6410423464381189
0.7078065133955583
0.6798630504703895
0.6526084890191988
0.7358072963686015
0.7205168433535651
0.72801720835202
0.6664562786808111
0.6870271061500322
0.6799214527422566
0.6511339303884491
0.6127423348685586
0.6590911279640845
0.6752843641949388
0.643706478342033
0.6548689259522
0.6438875590728542
0.6912544369359137
0.6543051970757413
0.6659781621717851
0.64388836967339
0.6775601084454861
0.6878087009336151
0.7186683099658672
0.6486064536031558
0.6848663171416993
0.7247181211773078
0.6407279772864508
0.6782163168944996
0.6522528130738374
0.6537616477991622
0.6556059921401735
0.6578684030226561
0.6874329156944626
0.6839776341707225
0.7192666357252079
0.6799783219167067
0.6769340255231274
0.6745750342644948
0.668479135664263
0.6720415014109136
0.6518652142353585
0.701494819070205
0.662612356884663
0.6826360134867105
0.6298313902520697
0.6929792724371885
0.718011924702256
0.6786504225148581
0.6630258475329058
0.665740373386215
0.663808016829447
0.6601105788899716
0.6672035691797338
0.6606049936020318
0.717112118379361
0.6473415046244462
0.6578153025185405
0.6128823841072408
0.6490567753115128
0.7078849370259814
0.7075748687181929
0.6993303313494802
0.7333715786960104
0.7589784209177985
0.6617745829843263
0.7566076140620626
0.7852539502877042
0.6792192764619965
0.719844233283742
0.6972478599299579
0.6826838173421526
0.6972300671508272
0.689549539808117
0.6742120487323774
0.713960387718322
0.721571689507587
0.6704400105750372
0.616203775175895
0.6591145138649589
0.693511707640075
0.6914697616734631
0.6764460358048845
0.7061794506194385
0.6471364030206169
0.6593633773151919
0.6878456967439733
0.6552396474605496
0.6914469512049215
0.6850431728892501
0.7054037193689724
0.6882137203261732
0.7227932937546546
0.6816233700923282
0.6488391454625966
0.734105974082152
0.704960519131462
0.7287147209972512
0.7064079462877916
0.714157811533697
0.7094364699346393
0.6878787032106839
0.6831167133683456
0.6627515238254269
0.6354834539604632
0.7048964151145646
0.7020437094013726
0.6945246044476286
0.6620780879321664
0.6614209167365095
0.7275912366153201
0.7100987543865449
0.7024302414962205
0.6868922552358823
0.7186192982746851
0.6909831323098952
0.6825136687203294
0.7848426824458736
0.6997906290464475
0.7029318067801601
0.6762631293617356
0.6656002865813444
0.7160242607805883
0.6591641795459936
0.7100871520645585
0.7174681044130131
0.6566705453059447
0.6456528566886405
0.7253860938396253
0.689995726668764
0.6781797833548242
0.6702247414489475
0.732539634069426
0.7430047281196084
0.6783819721456545
0.6448269833072328
0.6789452902364342
0.71154957504231
0.6631343403166807
0.6967225713871409
0.7475944804856293
0.7584775275267255
0.6819022043036633
0.6525983636351373
0.7401914401461156
0.6910785744926068
0.7538176435057153
0.7173970518997509
0.6796413953885462
0.7224807914930895
0.7377026581061618
0.752622075048695
0.7016648155104296
0.7178856617006993
0.6692310892307674
0.7194695882794718
0.7464876008564959
0.7230174859230641
0.6790124036504196
0.7006735927966845
0.7568701068629843
0.7163787252976007
0.7167984687857069
0.68746906111923
0.7294758540624389
0.7414212354083498
0.7524755810799468
0.7065973642668859
0.6390196896217475
0.679900280054999
0.7357680651270808
0.7108555114191091
0.7013624353204693
0.6425297580183076
0.7175967687530985
0.6573920130801487
0.7705017429147445
0.7041639028002434
0.7493421833576853
0.74754185910469
0.7410688651681202
0.7481065415226605
0.7440954392741576
0.7296284646837522
0.6752996849166006
0.7123729204314756
0.6747724440273014
0.6772698657792684
0.6971572204267191
0.7144376206994876
0.6758966822487247
0.7068486512216422
0.7116412938975694
0.7339035002622134
0.765180229834398
0.7061024386205123
0.7350648371839836
0.7204982895174354
0.7389539658719156
0.7514057833471334
0.6748810493233194
0.6234867430767913
0.6865535157460982
0.6911534500392267
0.6905114681879678
0.706124693601067
0.7003748759449399
0.6357649508980789
0.6151914582386221
0.6135356929633979
0.7656704542841171
0.7541890917578037
0.6609659255007495
0.7177136632922666
0.6983253574926602
0.7456724041422192
0.7103620193556257
0.7400675319692608
0.7620194068597166
0.7573750786708612
0.7119540757986836
0.6820140576627827
0.6790462474274683
0.6981248489731638
0.7068162402288601
0.7388637584639897
0.7839858087260068
0.712717776546808
0.7402654703766908
0.7544858619885507
0.7027257425980954
0.7222408613804078
0.7109062521499527
0.6984622675935118
0.7224467311438411
0.7050710030611321
0.6881154753293807
0.7124756765605539
0.69736805891126
0.7604609711423391
0.7707943235459931
0.6992766098064453
0.694813479956088
0.6950295590062384
0.7071167322284422
0.716125227320909
0.6344951888596606
0.710754087249737
0.6926519321000969
0.736875644708254
0.7253018699704649
0.639126750454512
0.7387729042261777
0.7109040268200884
0.707496557468481
0.735501069966548
0.6488406215071884
0.6663477130321719
0.7364720787547505
0.6267786120431899
0.7088382089806764
0.7572757123070845
0.7030375376314155
0.7166320525580181
0.6837491200397741
0.7247056921863138
0.7254311497490935
0.6291119860420279
0.6208796567046019
0.6997601190076863
0.7405338238185457
0.7440247383535482
0.6935346086249277
0.6984463615438355
0.7388650185974609
0.6906120232724958
0.6671295869081747
0.7018972697574052
0.7289614113582887
0.6670412179280041
0.7050144618180355
0.7156208861708394
0.6654786564571126
0.7090527240521686
0.7402038471748306
0.7292469705186441
0.7148283767244152
0.7173417930807201
0.7309992348434458
0.7281465669820737
0.6988072244206842
0.650805587290438
0.6669189018970767
0.6895029380910065
0.767870411079551
0.6614579979806181
0.661012934003504
0.7602620265888252
0.7853392312566438
0.7306543109463194
0.7706571944393172
0.7200287144755494
0.762343175592903
0.7194925615345603
0.6792902190010887
0.6346598553925572
0.6057382648801363
0.6770152007502109
0.6933586678853279
0.6936748928729448
0.6755918590542267
0.6727589484413051
0.7069960932667251
0.7258704355174929
0.744957648158494
0.7112275741223159
0.7192716350535738
0.7238430933746599
0.728932348447885
0.7132924004518817
0.6940519830837798
0.7560349342636048
0.6732315753514927
0.6978802451637467
0.7287540390990517
0.6895466696713928
0.68664911172996
0.7191726212605999
0.7238410558900751
0.7204013714885924
0.6774925950573465
0.7340321684912556
0.7374841053902894
0.7244443866242086
0.7356747008594514
0.7205574243001023
0.6729994304867635
0.6541613858021382
0.7369496682489293
0.7055544961185258
0.7251494525752896
0.7034363648517944
0.7053433171367295
0.6263724416084387
0.7288554703389003
0.7433446462155123
0.7351312902033117
0.7113389552244063
0.7232943797730436
0.7477821995173243
0.7150991528630295
0.7420713710411365
0.6511012431285593
0.703806085645486
0.7044211892829741
0.7351021050350438
0.7221598744159166
0.7437896636960015
0.7210569380508057
0.743658855178836
0.7430181011856687
0.7566092043993197
0.7673758006382779
0.7796946146733268
0.743962393053543
0.7047706762667135
0.6963067341320648
0.7200201848647273
0.7180703784709627
0.7103801626874084
0.6785969347242082
0.7574108673738087
0.7685073179031714
0.7281281530646511
0.7088290112088135
0.6781061766348866
0.6778756696470698
0.6888134334163205
0.7213745709106006
0.7177030523039105
0.7652062265107639
0.6743225140535137
0.7145723925664347
0.7185964781435833
0.808261433744168
0.7492817863682611
0.774762991018127
0.6685736487076921
0.6920674977827386
0.6361670310527101
0.7210403748885355
0.6591043965832096
0.7089383873187419
0.7527278240049836
0.7469343618553226
0.7386359677023207
0.6677506308183404
0.7049897027222826
0.6900462816501922
0.6866093194348112
0.7273198751707998
0.7320076039766981
0.7390710294586486
0.7287932606233458
0.6841764416198506
0.7314622810281733
0.754460785996633
0.7316561679661968
0.7399961775727438
0.7488843106497406
0.7327301205757053
0.7077459129244017
0.7531939629424692
0.742131209140628
0.7221045719538233
0.738178657808574
0.7564688269319907
0.6794742055820756
0.725516193150221
0.7453686905770355
0.7146964538709547
0.6532606259633539
0.7133400782198643
0.6294213501942962
0.7396141675107318
0.735949017442995
0.739603984235547
0.6556160187186012
0.7109044826705656
0.7467806823372481
0.7060727797493429
0.7123971802283733
0.7050734956739793
0.6294348024162154
0.7548414757938727
0.7065315743740433
0.6853638206167659
0.6838570365742699
0.6900035956848312
0.6415399543216314
0.7212557985750994
0.6467526783562296
0.6623055320815018
0.7645311378785971
0.7329908411850624
0.7303110566726759
0.7311558106103981
0.7080780025753237
0.6620503076895904
0.7094006120535009
0.6596964541630829
0.663417428967595
0.6983582145216192
0.6973932955547985
0.7328589762860012
0.6987253276993567
0.6998412172354892
0.7176377863051024
0.70998555557791
0.6747531015462742
0.7012402517686503
0.6644969094251356
0.6726591473152685
0.7176152388384257
0.686073264368385
0.6647214798608665
0.6830822456847151
0.6786420594735928
0.6617223771657721
0.7199905439159175
0.6777473179239591
0.6727006386623986
0.6509664031572092
0.6941628947817609
0.6873677766109354
0.7073748930479202
0.678247367776538
0.6665303436689533
0.7158356716068055
0.6504469860358116
0.682307708264037
0.6811511317816031
0.6409179050471902
0.6809025262282234
0.7427564500944708
0.7235613877198828
0.6915570431192318
0.7132582395652365
0.7033172719574267
0.7220665233115473
0.638068721823493
0.6965665230612581
0.6501254416619151
0.6526968660010339
0.6809051020438391
0.6672883397253425
0.6560442277525661
0.7021559544680253
0.6970457397331681
0.7012492818609933
0.6721448578759807
0.7398103711431777
0.7131222708199012
0.6732285793453794
0.6894147367361314
0.6826255813161687
0.7168122096842784
0.6895268043370307
0.669289542438753
0.6793867278278273
0.6871907873249253
0.7074344783537497
0.6692112484012479
0.6743368621461637
0.6758411824563098
0.717200034690137
0.7529378185525756
0.7627758331013874
0.7124859012785416
0.6376721121546234
0.6832292548665797
0.700114280004092
0.6902791739483592
0.6838616673062473
0.7009569012108363
0.6456898769792543
0.6815685203965395
0.6506387280185809
0.7047604528634174
0.6376721121546234
0.675888208724408
0.7300364014186107
0.6972576417178266
0.6937591626161473
0.7094487314122804
0.7149404700815701
0.715756786288696
0.692132243139345
0.7507785559881877
0.7166007278296777
0.6695131045367456
0.696977157818198
0.6381906110432496
0.6463722398334392
0.6458721540242635
0.64643439437732
0.6349934459987715
0.6642010513762654
0.6635613073760747
0.6851978985269509
0.6174113263015684
0.6920729336993188
0.6930535991029003
0.6838572419828876
0.6489797099478748
0.6599487235125889
0.6748601177124048
0.6642604762674202
0.6643428608250062
0.6815408771615931
0.7229618184719632
0.678821312535107
0.6771956088776977
0.6574022820940436
0.6815080340173796
0.6451356373736722
0.6554273591225315
0.6047511547644097
0.6792531866926655
0.6603127149035978
0.712216569974208
0.6898459219966082
0.6753698422646813
0.6782486585858729
0.7015092475555107
0.6769101774604329
0.724517186144865
0.7700102553057356
0.7701490081418395
0.7092141866432685
0.7004844729898829
0.7264304678755195
0.7344027746637366
0.7306201924234011
0.7235943280602618
0.6470553926237308
0.6560861788268023
0.684844330262237
0.7708377448940149
0.7243465528193919
0.7465027745621513
0.7326022130830143
0.7533584015234136
0.7136749412052726
0.7260436156458085
0.7189313496492316
0.7457174135453108
0.6707146180877865
0.7014368017896335
0.701400080703527
0.7543782580516436
0.7190281860486532
0.7378175922601063
0.6922661271472037
0.7498905255815564
0.7462931677503322
0.745454925797735
0.7237586625970202
0.7461053454082534
0.7483487907751363
0.703158864636555
0.6831627840087783
0.7200664810170494
0.7056655559132965
0.7088633009509993
0.7553791994225919
0.7040740265634825
0.7853871167071423
0.7560297081848234
0.7195471006024655
0.7149946837042431
0.7552212210678163
0.7919313557743316
0.7511155370674043
0.7465388550651808
0.7766658204958317
0.7330617939465923
0.722147504590866
0.8021666564435952
0.6775140079555289
0.7264610986225872
0.719128156873053
0.7091391718338729
0.7236775112804215
0.6932034511819708
0.7223277899213859
0.73635202047204
0.733914795558148
0.7774629305030816
0.7766191522909388
0.7628793329099889
0.728764344226072
0.7378672565809761
0.7329637162081837
0.8058336790445918
0.7437098804014459
0.7605279173838079
0.7273597178390779
0.7204565292290674
0.7869606893887806
0.717367773475023
0.728557815098253
0.7899660083785368
0.7606232845437443
0.7774560568117225
0.7493986201795038
0.6665303436689533
0.7420664308461749
0.7252594519384216
0.7474572548417411
0.7600768678807742
0.7739239400961374
0.7266451913574271
0.7465621688260411
0.6803642580885026
0.7512792485651821
0.7591876078734789
0.6992516868979908
0.7465729099546518
0.6879765248355932
0.6272677569765519
0.7575091926789028
0.6750019942381844
0.7516836959575125
0.7637272012089561
0.6717919822960479
0.694698622931302
0.7072248141804115
0.7478298176981859
0.7256961707612604
0.7213461617118261
0.6694894193138343
0.7156320712599615
0.7576137505540633
0.7446065732425696
0.7175361496700413
0.745791116554477
0.7215424579124053
0.7081720609043786
0.7407117500999765
0.7390266215827617
0.6963410322522906
0.6611751861143207
0.7180261981118717
0.7613445103511566
0.6715668477316361
0.6580378586743388
0.6411779164691355
0.6542944364062511
0.6495597123977633
0.6917950730684376
0.6645517827013725
0.7300121803558401
0.6668716671847471
0.6810500081104277
0.6592177756339452
0.7393274662596598
0.6485033305247095
0.688374218921076
0.6342936474104339
0.6947191081571686
0.7000246460982754
0.6968347395270056
0.6885628831032046
0.7136536534602775
0.6325615884988659
0.674640651104872
0.7389798093460993
0.7227505756981119
0.7301290460356168
0.73705905472207
0.7195259128195444
0.7178449829554977
0.7330903824079863
0.7090526249769897
0.6896441522333395
0.6916640697266996
0.7094074696341055
0.6939912484575476
0.705150417754947
0.7886678965661122
0.7361234754246879
0.6681677176591592
0.7739029184238174
0.6957174544801024
0.689788603944533
0.7328955836605214
0.6824554069638165
0.6988044554268846
0.7115456551228734
0.7135648187799392
0.7222587780025702
0.6829007261118812
0.7494495769976168
0.7506866893436882
0.7461509038256106
0.7394202337489675
0.6998703077321242
0.692632251122842
0.6966325070797738
0.6899621617198484
0.6648198433591234
0.6672911633545318
0.7261084579889444
0.6918743898142596
0.7573288579907438
0.7061989502614923
0.6845175422515075
0.7131190583226312
0.7316168291436903
0.6706368253757701
0.6411268856436547
0.6786673438998223
0.6677070397225685
0.7072166413555939
0.7206811847873282
0.6752084994127991
0.7085069009658654
0.6443020619276951
0.6384266456865881
0.6256809524957802
0.6514565472553918
0.6835107052422226
0.7160911798338363
0.7564069853285811
0.6589184419257257
0.7000323987473196
0.7027629771062798
0.6198653606901282
0.7107632229436845
0.6803005075875052
0.7027629771062798
0.6592392000119383
0.6948455329064198
0.7016059441032629
0.6354966361707493
0.6897226586404421
0.6844240661915378
0.6285589642500635
0.6962479893264732
0.7504153361497514
0.6997403933554591
0.6793332084120439
0.6701002665494936
0.7397899346912925
0.6911585718511313
0.6751591119755653
0.7089800695033325
0.7045180405344358
0.6437694577254703
0.6925243905951941
0.7163582091714576
0.7054037129992186
0.6280262286180865
0.6438984263777021
0.7194269358893205
0.6568757616547213
0.6924651702088487
0.6983153063619669
0.7448689172248592
0.7158274358199507
0.7015225196326883
0.7298193612172907
0.6389424204326893
0.7424316558185403
0.6881895629302193
0.6975248240729884
0.7437388653398198
0.7275089330726726
0.7055150001535053
0.712211675979798
0.7286527821736631
0.7391358710595839
0.77159129334561
0.7734305303071553
0.6985722099409302
0.723778919840243
0.7130018762129597
0.7014847537003521
0.7115104165022218
0.7677742359271433
0.7056796149462918
0.6975135814236337
0.7495150740162645
0.6835242198535776
0.7041690112541984
0.6881142214118913
0.6897308649694835
0.6713182463219712
0.6776751330776113
0.7091042045660454
0.756039019850864
0.7060734455157672
0.6774428969063939
0.6950965446852947
0.7298208338657907
0.753950088956413
0.738385959346614
0.7051568129289915
0.7303809297883714
0.7040029902953733
0.6448165879708799
0.7057803085186768
0.7380864074704402
0.6649670058334964
0.7095843880680114
0.6796162812561459
0.7272074665641685
0.6750112856641646
0.6556689494680217
0.6428615079319654
0.6425708112265175
0.6920565474593707
0.6104501052473866
0.732161220434448
0.6595934355751012
0.7200686249326121
0.7218078665491565
0.6116113148389556
0.7195512526524943
0.7168521965019785
0.7021207408596611
0.6896507095378771
0.7721508036003422
0.6921849055569995
0.6662968154003608
0.7706290509741985
0.6863309645874134
0.6997400301296423
0.7153321709380515
0.7562976214808605
0.7199869767402429
0.6866732290918366
0.6379107261242932
0.6519081532312658
0.6609573508300581
0.697723530607106
0.6248766485193402
0.6929150538130864
0.612864420933173
0.6973624797575987
0.6992194781137219
0.6586503060771647
0.6761535611586484
0.6830412038512391
0.708032337877739
0.6495631078809654
0.655879603244019
0.7012472472803678
0.6885426866454599
0.6721315563753436
0.6824717103798648
0.6547766971114729
0.6745395374290502
0.6907130575050788
0.698955501726411
0.6619594723586479
0.6716291303082697
0.7484872991286511
0.708383281561589
0.7140788130263894
0.6513282604351973
0.6805009361474994
0.6844259856436525
0.6544340881706247
0.6595188438673109
0.7059780184067785
0.7678532502885334
0.7272090372566571
0.6653510108788965
0.7326066405105899
0.7261362602384384
0.6761413245961952
0.7146733619927507
0.7053528543357654
0.7221684389884491
0.6726184129535695
0.7068673872587105
0.6502185326401354
0.7116271633728278
0.6646849536862406
0.6708709302123357
0.7575165520815721
0.7461724310014899
0.7364455425732825
0.7592718342215866
0.7457998220757093
0.7105800422668626
0.7374983794990687
0.7143865775425674
0.6620783390294603
0.7169406941011016
0.6970547159201498
0.6765905086977866
0.728291039845219
0.6547018736216815
0.7375004671506163
0.7047376693539712
0.6503168696995759
0.6677676621008334
0.652956621655605
0.738027385499489
0.6702761621516918
0.6737980408183458
0.7246820761847684
0.665314786942382
0.7245655680747204
0.7312702137432116
0.7512640735648148
0.7633583245671801
0.7612957811777705
0.7510201738890789
0.7512964261935413
0.6971926817587227
0.7621213028932711
0.7104472240601724
0.7682732382502094
0.710827490498178
0.672868936471494
0.6873788394023927
0.7317397953480406
0.7194715779844877
0.7639526016680823
0.6976067052578263
0.6940284212775569
0.6547245679866306
0.6526672508196879
0.6166940628850232
0.6215354888639744
0.7392556215292587
0.6309697135908667
0.7251846876821219
0.6977179638091007
0.7110006443011823
0.6907368278021305
0.6927957483494475
0.6754712262178738
0.7038034273151811
0.6918851333188872
0.6444173089285344
0.7251439466424506
0.6887400791856569
0.6791025237758344
0.715350610038078
0.7673393984748917
0.7173908095504031
0.7339255701878395
0.6855866353797463
0.6939511156330761
0.716656161984721
0.6435417011219969
0.6706050751751441
0.6260789719693302
0.6699005308297237
0.7443914382987382
0.7428059096633775
0.7405451987083611
0.706675660103039
0.6915611651850374
0.6517369492852856
0.6787357635684383
0.7125824406203655
0.7096198779067464
0.6813815371524836
0.7015855143107463
0.5838136145373829
0.6718068665175242
0.6659704037827787
0.6965323252105121
0.6747649023811868
0.6440086022591852
0.661264566995247
0.659919505760917
0.6885817864492053
0.6902233933290525
0.6206181845114808
0.6373246285386545
0.6797700863021742
0.626492687119691
0.6763450335531249
0.6886691933849153
0.6097067469811853
0.6570321634222951
0.648906207938503
0.6076430566864149
0.6802558361291773
0.6910915658267252
0.6842261853164439
0.6997848954540205
0.6313348928150675
0.6382113492521573
0.6297276333701324
0.6751652935714169
0.6796168577947818
0.6315848486037035
0.6372196493178889
0.6438557464963909
0.6233148682716537
0.6522350768776238
0.6638296549853763
0.6882223466349657
0.6247442136021972
0.6887539857912729
0.6698196563895902
0.6724593994846377
0.6451306608883078
0.6629167938039957
0.6813405374025053
0.6094063362078488
0.6962588794685739
0.6623857636970123
0.7119437161491325
0.716040821291703
0.687223899218423
0.6659525946782412
0.651713567066684
0.6891540876325613
0.7344077343856367
0.6981805832071575
0.747645419052749
0.6820806336737258
0.6356340176092824
0.7159200995241016
0.7074806913358425
0.6637850324264626
0.669081878322487
0.650238391278655
0.7135970171252225
0.7210971143735153
0.7480393504829423
0.6541411225520435
0.7603005086748746
0.7026979143614354
0.7685882107843122
0.6821560396304869
0.7419575920209337
0.761039575469365
0.7212865284691665
0.7347525075837916
0.7370683825396649
0.7321394665716214
0.6744975858390903
0.7051471055956792
0.6877232625500841
0.689688634257188
0.6789959128399785
0.6975731603197306
0.684249516608734
0.707172629985038
0.7006184488254791
0.6859943099183847
0.7095131471051003
0.7377243639721055
0.7059421411979242
0.7106139007920376
0.6924127341567279
0.7371694270396869
0.7443512781758992
0.7235637292927481
0.7125443445207332
0.6877852236191005
0.6506245562425561
0.6759012857574679
0.7071342078028997
0.6345352078850693
0.6714966297922033
0.678609284374211
0.715844248201303
0.706164061673346
0.6260887214085684
0.7131456746430239
0.7579376271250845
0.7160325401765484
0.6999798362804229
0.7048258342630689
0.7366819046581712
0.6789546124680441
0.7048706922612518
0.6797495877875062
0.673708834593413
0.6201786120431259
0.6952395528820055
0.7162636523577982
0.671285977153197
0.6587995864380558
0.6561425721064346
0.644456365730836
0.6459170365898562
0.6288562804829105
0.6720395348173116
0.6914362587806393
0.6842613310610448
0.6819276396957668
0.6676718545070582
0.6642266396672243
0.6601623367346604
0.6679929016492063
0.6698412274144857
0.6741999402072647
0.6669253437335718
0.6835107992491829
0.6875901513430797
0.7427617304867945
0.6926263360410734
0.6413366807765265
0.6586653735115111
0.6870286853009612
0.6645608858589649
0.6494393578534318
0.6520809846142799
0.7059356293074501
0.7143278466726225
0.6908620043415322
0.6934261903379608
0.6918431175937654
0.6595309967096493
0.6719053997144372
0.7247928846378708
0.7009148536114242
0.7299940983190166
0.7016625776665347
0.6946779083585454
0.7004846119250724
0.6823394191732189
0.6581219525536066
0.7038032277222576
0.7207275273618947
0.6342561493255914
0.6733829420447877
0.6667573955382322
0.7144735612439395
0.74461632054319
0.6996907907993964
0.6955154927219916
0.6768408308880097
0.6983983074861747
0.6946213843092381
0.7132066987817143
0.7161357912363744
0.7092390189940481
0.6934634260858358
0.6964606816722827
0.7119116965821333
0.7419562894357213
0.6955879057551128
0.6553956777581611
0.7037804551339478
0.7029079730952389
0.6899706812892101
0.6871450864115144
0.6576348528794397
0.6740128644194953
0.6668863514368074
0.6297389829442007
0.6561170573869147
0.6666341290494712
0.6802964659222224
0.6213108247824661
0.6284166764050575
0.7180671154741788
0.6750341888770712
0.6458453119857952
0.6756675398703734
0.6538560906062286
0.644669802381862
0.6493721124019946
0.6658954547439623
0.6448840445106808
0.6458754556518673
0.6873251829919648
0.6764311869022446
0.725572442662796
0.6481808296720685
0.6297980271139787
0.6569176544916766
0.6643688734678067
0.6389350283407143
0.6488197046468704
0.662989852633166
0.6418391892708608
0.6146818624009727
0.626140433604212
0.6264146900961313
0.6418823178543628
0.6878895412607202
0.6573567807262259
0.6129837034625675
0.5783760924815384
0.6805590683012899
0.5961575057372064
0.6055209895042487
0.6496539729669027
0.5942190036780793
0.6516590227243639
0.6834203984428076
0.6135214777768009
0.6124305192254098
0.6410948113845054
0.6704204977566104
0.6449301903119423
0.6632465235031366
0.7043478846341085
0.6463045447166063
0.6918636266099917
0.6734860766935687
0.7110113399800091
0.6973185621732108
0.7391208437930259
0.723060565429391
0.676640971613628
0.6859366502805464
0.6493316934350774
0.7387017595662487
0.7164252983061047
0.7128752385372331
0.6450910537797189
0.617652019646205
0.6468094161237515
0.6895821990390466
0.6626978823242315
0.6280531848115595
0.6320902468714213
0.6744557895382935
0.6554626489142525
0.726777386976681
0.635644863189084
0.7143570332242896
0.6913620959437136
0.6417864888803118
0.6427233903129169
0.6658289066847757
0.5972014387442768
0.7042115402854168
0.7198297685488667
0.7236450239466522
0.7374426990424204
0.7101869353787043
0.7311161356018391
0.7392502772590162
0.6706010566149869
0.7171446566604278
0.6896918511594256
0.6355650903474713
0.6951404926550053
0.7003599164416693
0.7012794342819186
0.6504543824369681
0.6879924501778341
0.6737831681483526
0.694852318969161
0.6685276022428086
0.7270918273060144
0.6895058190178971
0.6837045805511626
0.704679478243179
0.6624601721566048
0.6045026025229843
0.5946538031986965
0.7137904732184218
0.6311367518696032
0.7282975497208773
0.6904843345528308
0.6457548548848716
0.6902650659774544
0.6724859895010799
0.7163119981875421
0.6827288738041234
0.6548529308518619
0.6505840407417212
0.7166893752650864
0.6894124633906499
0.6645159951825566
0.6793576467069314
0.6654910320349763
0.6810252266916731
0.7283209813058847
0.7220698910725196
0.699699390731093
0.7456659148606936
0.7404389790628241
0.719815239860987
0.6886013054643279
0.7170487700202599
0.7036610144236499
0.6577726632393628
0.7294305983724637
0.710506557240131
0.6551199578833139
0.7505331984967828
0.6798385987644661
0.7039931614327795
0.7143630636899011
0.6890996101335177
0.7229407184155273
0.6724916113946524
0.6734623920588537
0.6790954632218184
0.6870386829314382
0.6770479737084117
0.6839158388114355
0.656102030732311
0.6315648105901555
0.6039025779348031
0.6854513456705874
0.7013997766508925
0.6915533207460379
0.7177808674263293
0.6820570190232909
0.7107693938584776
0.6653646206446416
0.6966323309268915
0.6745233030356783
0.6432656884045457
0.65474448479499
0.6745689489846273
0.6514418304266889
0.6754552213361122
0.6592585581788463
0.6326787438312319
0.652671546968657
0.6800599617005498
0.659830613817042
0.6545475822804246
0.671373759971371
0.7103230418472296
0.7262622754669785
0.6564619741195037
0.6584503294835906
0.7261192185356811
0.722372364610985
0.6160672398989768
0.6955824321931782
0.6488919564173646
0.6454223492697834
0.6331158242356861
0.6797842072481981
0.6859503751050856
0.6497063714160877
0.6787095871790456
0.6573349986177552
0.6943055283187549
0.6632159343801772
0.7199093895267771
0.5858354273486984
0.6106934343152965
0.616035321446185
0.6192122582763033
0.6768044643343454
0.5668107996936107
0.5959883162916731
0.5873407843997057
0.6662696969022849
0.6457001251314216
0.6625698094548551
0.6665626190675068
0.6713793377129534
0.6547748925244739
0.6674396058640877
0.6676979258284856
0.6230559323838529
0.6219705635024256
0.672981937311709
0.6500086460015948
0.6375269316556263
0.6565611476661781
0.67343309698946
0.6906825536547403
0.6763733412884321
0.6529835747578316
0.7012376116871505
0.767271991886425
0.738103568831244
0.6963628835559009
0.6880037815080637
0.740115322859007
0.738256070624356
0.6814739769879531
0.7309877243721049
0.7319600458103098
0.7483553300953522
0.7209346699153485
0.742558076736731
0.673147887208425
0.7330436081102926
0.6590297186592612
0.7210163601231773
0.6822759396999881
0.701153890528698
0.6973940317895077
0.652010074040343
0.6777803707926388
0.6996792332635222
0.7084852451699104
0.652382960626945
0.6858220738022007
0.730583479559115
0.6880472099601737
0.7068626522383575
0.6625240874156966
0.6780353055514712
0.6505434483977758
0.6214974151144719
0.7285688991574694
0.7668472191144683
0.7504294480150929
0.6959012212762715
0.6879212837039189
0.6431055608392777
0.6562403696554953
0.6580789342864407
0.7106107532692891
0.6493805013786572
0.6386651961096547
0.6458674153644675
0.702131964659881
0.6279608099613183
0.6128363937547839
0.6527995190234184
0.7073464940841955
0.7274301545863409
0.7049410079654288
0.633255960066345
0.6998763181738504
0.6586127058008766
0.6309591168888153
0.6690454573546404
0.6693640138852569
0.6797522366997114
0.6581852761220481
0.6536975553782984
0.6987656060036218
0.6894528987117936
0.699687740774091
0.6787608554204034
0.6542634959055607
0.6725654731687534
0.623039415634936
0.6934348059457076
0.6507909419224771
0.6840330121092928
0.6497025737375329
0.6974957064399843
0.6538503734765329
0.6971342975033515
0.6719861908898123
0.6834979972731996
0.6244003631538101
0.6626272920340057
0.6581055298512898
0.6328643849098867
0.6635160595730119
0.6705097394788628
0.6329385378979728
0.6417968974366814
0.752466196365391
0.6568772011763881
0.6867094343155399
0.6551830511463328
0.6319725009258014
0.6996663519816191
0.6502680668184869
0.667202336258635
0.6868406375154694
0.6790851659821353
0.6552667217576565
0.6679908740119314
0.7295184858663231
0.6601350554807153
0.688986282896882
0.6745478436950972
0.6930354825368048
0.6706723573259084
0.6590273230501057
0.6403411959643512
0.6475902688500891
0.6594023264655025
0.6331022531267242
0.6387415054116856
0.6875171197413471
0.6728665600236724
0.677150350315612
0.6888204058388565
0.6856277716197425
0.6549283085078937
0.6622732620272131
0.6378728993078471
0.6776232055698214
0.6856277716197425
0.6287866467759174
0.6108996218557015
0.7310818294145353
0.6482175325279859
0.6682749492080399
0.6657882447095325
0.650745161332746
0.6575633656785604
0.6512526842101553
0.6708761134380204
0.6925821864296209
0.6674904822860174
0.6472981389994494
0.6307144570039236
0.6360609073353305
0.6548560384009806
0.687746365235305
0.6638289755825368
0.6989881008888457
0.6342102785837793
0.624373476076932
0.671608795070289
0.7059776791528591
0.6541741429178133
0.6709081511481905
0.6956135416227869
0.6958163806922688
0.6874374030921213
0.6577598405878531
0.6503806374810254
0.6712432818405664
0.712601265216327
0.6800185595036803
0.7020171093286862
0.649198110457169
0.7346662925455164
0.723814795052808
0.6553170044366089
0.6637546297499576
0.6749620823393696
0.7025945184675738
0.6585095497726527
0.7152090745642639
0.6634315302088356
0.6590992292859992
0.66171285497591
0.6575053811352063
0.6380911839811408
0.6623418427890352
0.7222092513450503
0.6695127908279553
0.6884294807418894
0.6456767637053253
0.6499840202684852
0.7242012760114256
0.6927285461280644
0.7645914097477482
0.7688060789630861
0.7057745499350099
0.7378848069158834
0.7593757679269112
0.7779296091815481
0.7140140855010475
0.6898654029373874
0.677699612820319
0.6952430354819261
0.6748405803114864
0.6744926334853054
0.7767700550735558
0.645505891956125
0.6521794354463388
0.7108447991461281
0.7291717174550334
0.7558609320834477
0.7292566584311138
0.6565116647824439
0.696110326365653
0.6552334569328879
0.7038892994304724
0.7563973176633166
0.7404855778855969
0.622236674722881
0.7175612316918274
0.7170113321259926
0.7112046679718795
0.6997578207163103
0.7134626681596172
0.7618475967577137
0.7341289447071682
0.6985073340582206
0.7183068617252985
0.7300375907413579
0.7037900997470168
0.7536988911139934
0.7232665676805972
0.6764103838081791
0.7280275116047967
0.7009162128613261
0.7621269320444074
0.7171259455837496
0.7454498125840864
0.6981025303508946
0.7056402094687864
0.7060697820060498
0.6693033055086994
0.6348222842418293
0.6546383537667494
0.6601369832831276
0.6411103839522284
0.7028947890852266
0.6747781916981292
0.6936092629605894
0.6742429784617787
0.6533321668659404
0.7030198599983085
0.6485172135086701
0.6991347347868303
0.6705981508198386
0.6614404060508879
0.6480395825483417
0.6876323074863389
0.6580989565985903
0.7115866837159939
0.7116755265780936
0.6752826123395339
0.6636989702180536
0.6750637223814279
0.7080213941231742
0.7352789499954403
0.7004346913401407
0.7078484311112953
0.7383530248879596
0.7314408715105056
0.7176232811626869
0.7395524882764803
0.737376909876602
0.7482193223717127
0.6757980866260624
0.672233806931573
0.6842803727895668
0.7384261534378643
0.7164252983061047
0.7128752385372331
0.6583395819240967
0.6034088373034276
0.6387469572754624
0.7004889655572945
0.668417446034423
0.6280531848115595
0.6462455028171239
0.6300920385256537
0.726777386976681
0.6329571486159947
0.6044018662727906
0.6839302955522302
0.7013647226438456
0.6792296771431462
0.6664578319951956
0.7017625668185968
0.6705423854191328
0.7066596819031206
0.6788207757468555
0.665751225674556
0.7118676434561476
0.6789479666405561
0.6770892042670889
0.6150585332392978
0.6816232852725758
0.6789479666405561
0.6770892042670889
0.6150585332392978
0.6867318470268317
0.6528259970172131
0.6483867007716263
0.6324291842358032
0.6316584572578137
0.6320255013566634