0.6057455105312273
0.6358715156883996
0.6583230463152355
0.6348092894698218
0.5989517904380158
0.6266433385385
0.615284642880206
0.5919652917831391
0.5908464398763948
0.6288994049485914
0.6569248309968855
0.5858861241995468
0.6138502587448322
0.6229425781112738
0.6071031100708949
0.642016477850552
0.62991497541833
0.6323978478751912
0.6135935644530802
0.6343152363618484
0.6093225107697782
0.6349597852570079
0.6239926549195909
0.6205451027178924
0.6283290655297405
0.6326591532206804
0.5953924046714872
0.6064576148220059
0.6352538486846171
0.6169410175954132
0.5791698381924912
0.624183245910053
0.591075981361516
0.6062995359419496
0.6265925983501337
0.6198637844343305
0.5941439454607629
0.5946078865581217
0.5820628054003081
0.6248888340633774
0.6376418553774033
0.5799000209459763
0.6520630640566794
0.5751514037517795
0.6218661073547119
0.6227878224268965
0.6428132733261195
0.5788477394072982
0.5987525327228139
0.6152631523706162
0.6107319192011149
0.604713087268789
0.567992571883729
0.596654868113215
0.5554943999718863
0.5785719275353304
0.6505941170508613
0.5980951591429267
0.5989401508680767
0.6154746080907174
0.6487465287189957
0.5758709917994842
0.6337586928836427
0.6395293439299377
0.6126043847756634
0.6344157002878155
0.5901418171838319
0.6175463626039561
0.596917271087952
0.5954361370807447
0.6646325989101965
0.5977362068775286
0.6027564810950077
0.6095892945327671
0.6383712665517478
0.6214256502567223
0.6031484026623328
0.5851144349942512
0.649134396649097
0.6527978021763144
0.5976361418544982
0.6375197222408906
0.614032085109521
0.5840115924823498
0.6327032985801382
0.6281001825703645
0.5913073032405215
0.6444361035151647
0.6284571495547862
0.6211672502189032
0.6812046891607714
0.6855164302119952
0.6934109957896435
0.6260787184738087
0.6178710904946969
0.6450013431700081
0.6218581423547828
0.6045157806462279
0.6309570411155843
0.6386703317723021
0.6087995091703258
0.6321446020808577
0.6141679767418393
0.6537975690616311
0.6136495596318491
0.6359299551088254
0.6100295073359783
0.620212142492573
0.692775568968859
0.6690707750538051
0.6358818345365467
0.6622435771032091
0.6774550066215052
0.6459036883902994
0.6663165172122272
0.6462553335932311
0.6457375435749367
0.6015561416964661
0.6568495123319652
0.6584435948346448
0.6501752384474938
0.6687211437704507
0.6753670260747445
0.6542439055076185
0.6152149867607066
0.6280960578932985
0.6108864247394342
0.610267654143006
0.6237247140242769
0.6287163859822105
0.6354572584530285
0.5781456859338808
0.6376286906840579
0.6633217236176298
0.7253068844528512
0.7287800448440293
0.637142222576112
0.6691430530526384
0.6508403801107092
0.7091637740058085
0.6457539730618308
0.7063895442404485
0.6455093169522753
0.6184078297577928
0.6274295314983581
0.6364176488748017
0.6807813163393907
0.6783080716321631
0.6758561412760788
0.72082440697327
0.7062421798688784
0.6274426661509797
0.6827737470893264
0.654678797976491
0.6336065158687916
0.7386674615767738
0.749445788709705
0.6525812995598104
0.7353630345450378
0.7601205202714257
0.7236535438249381
0.6293771463870078
0.6365875465722776
0.6140629553649761
0.6178340473170362
0.6058775888740825
0.6143289264739566
0.6310247971278656
0.5951237971809369
0.5996235042010739
0.5847485004938271
0.6113239108031379
0.6043391602627781
0.5885607573834708
0.6180580897070411
0.6197354535646632
0.6188138723175192
0.645750695615889
0.6527516024660128
0.6301442493099886
0.5695212786640054
0.6285026486166767
0.6541018811356997
0.6726057037698219
0.6325156144479638
0.6210124596099853
0.6470085850897412
0.619769852747231
0.6461865551504782
0.610899169998253
0.6165216014210915
0.722107036906694
0.736460913700271
0.7657942527349992
0.6476680256077584
0.6645952831479653
0.713244479558112
0.6484203274504325
0.6283187856203873
0.5920511914824846
0.6321091392108814
0.61898902304969
0.5972421636529194
0.6258747088400651
0.6236655056187422
0.6108559619673274
0.6351480507828099
0.6544681066604648
0.6565078120862882
0.6561004572280613
0.6493371782586429
0.6599368370457773
0.6509523832440635
0.6771650135548668
0.7139106454783897
0.5832187857713397
0.5890445677631728
0.599856357852501
0.6435273947082539
0.641052145826248
0.6029752129386895
0.5846736975134366
0.6089691260602537
0.6427220990881012
0.6859172427131499
0.6064083387389939
0.6100120457658451
0.6160857165983966
0.5840084746472898
0.5707877983455772
0.6563384577206162
0.6322463242682304
0.619568623889786
0.6243844173355528
0.6470263616452195
0.6228760693643168
0.6492431475833156
0.6054565173691101
0.5840036579230207
0.5943247122502158
0.5925473746721248
0.6115382580470949
0.6212969586476409
0.6238628356179167
0.6023253567734567
0.6283533612063166
0.6554524817791676
0.5772177267951709
0.67428528563743
0.6830461371676619
0.6980388843682256
0.6845121300293497
0.6379377657900592
0.6456356479757576
0.6176877272557341
0.6332059741870866
0.6293855015422672
0.6388251321160038
0.6116085666911413
0.6117537091706358
0.6172323539422687
0.6209420308614862
0.6443097080639133
0.620029258837262
0.6105769473343136
0.6267251167177775
0.6200108712892695
0.6486583699733585
0.6148521456369914
0.6390486001787197
0.6498089443150574
0.6283269089862928
0.596945389453624
0.6128507406166784
0.5978367478221606
0.7218629715873134
0.6016946546028056
0.6407137214251837
0.6384197359292352
0.6689632910356508
0.6486379405515404
0.6357251596143475
0.7173003857567071
0.7345261024747136
0.6540011017710492
0.633954152305678
0.6017091834384946
0.6215110106236416
0.6373649330687663
0.7187558132698317
0.620669007089704
0.709459844067817
0.6892495940379805
0.6217017160297379
0.7184513059791179
0.712844867954503
0.6552694097023017
0.6216962542006162
0.6053454516747637
0.636430896457804
0.5877947652357446
0.6152599296106129
0.6306844518451347
0.6394068574313289
0.6413392489519262
0.6410609595280844
0.5994352840174417
0.6062259597071094
0.593785793648824
0.6785884752816436
0.6178101777533094
0.6453169287105599
0.6414712300074775
0.604376353945158
0.6516260902033373
0.6376538019597866
0.5996652133996517
0.6221538357100702
0.6598184021192988
0.6201408570440194
0.6554635303962492
0.6428293831004879
0.6346296604163605
0.6563988770173429
0.6368684243843481
0.7417352148107326
0.7599721363052199
0.636242616999827
0.6099393398085643
0.6303453372051787
0.6118898689786088
0.6385901272242259
0.6128152736660735
0.6303339797436918
0.655361802899189
0.6510970342298366
0.6583144462783512
0.5899912400499748
0.6512218717978557
0.6403904460049936
0.6424068608059011
0.6222024270324351
0.5968268451455041
0.6236693898488126
0.6487277719669199
0.6041937169255538
0.6187658978162566
0.654248635302806
0.6262971615575256
0.6434944871199447
0.657024383370863
0.6789936428504908
0.6497089321337445
0.6101022594239409
0.5906364552660053
0.6090710837025642
0.7034053041780366
0.6759546774252687
0.5961335001586231
0.625690208308507
0.6706621722256053
0.6390422451516256
0.5998944850621705
0.6258289867172981
0.6241293376318066
0.6055577745101771
0.637392906825994
0.645337487788445
0.6010547659710639
0.7133279899838556
0.6143621161211813
0.6686014334115497
0.6423598621515094
0.6666901984045686
0.6382181095769046
0.6515944796044318
0.6322227758980145
0.6010954245350791
0.6098094945682416
0.6435228163450897
0.6633958984642757
0.6264456375404495
0.6537597149533996
0.6328598728979984
0.6612967878307411
0.6264623956247101
0.6145231582859214
0.6331366780227677
0.6553047582033223
0.710107905868183
0.6401978967553803
0.6422252037682497
0.5686913548683936
0.6429460260962552
0.680937663057881
0.6123628506338279
0.6208184663676479
0.6570357525298985
0.6321835011017406
0.6437843630874375
0.6382044114664592
0.7378754247930492
0.6704549665174157
0.664255134574857
0.6360493259326995
0.7222906668932387
0.6736021493041184
0.6941582141206597
0.7646658347007805
0.6445011145721592
0.6536287802370919
0.6216150292792735
0.6217000787574234
0.6405195929916117
0.7438647832668864
0.6591814655504703
0.6527494858100119
0.6552576858920874
0.6555594783391844
0.6739552324536252
0.6439621048221825
0.6496042297046406
0.6272465954312116
0.6587927219912015
0.6663920390293699
0.6320367860406828
0.6640425733055295
0.6557405330532118
0.658691892914654
0.6183145073617524
0.6262594506637981
0.6869466751070267
0.6730241513650976
0.6589322374163347
0.66075141165834
0.6582125471571488
0.6266488344791757
0.6657697048959995
0.6163084863937778
0.6382329462053917
0.7184449846892744
0.632654945958787
0.6380034568580776
0.6704862557309464
0.6662120442295202
0.6535374336069611
0.6943653640511396
0.7315667708568364
0.6447774017097533
0.6916863577901753
0.6658797048509021
0.7141658309870084
0.6443019639715646
0.6553060670027593
0.6872611020446163
0.6350926777078311
0.635914205099895
0.6830221155401351
0.6923546502853289
0.650109669554655
0.7159857350416281
0.6163917885720075
0.6591232541651624
0.7016536204213537
0.7004481625840573
0.6736042010813424
0.7201135324641265
0.6486735707528196
0.6702361206010791
0.7414137373525393
0.7698516566412098
0.7037753894651793
0.7234144952320893
0.6157635172201377
0.6233462369411086
0.5851898705352087
0.6579114125785159
0.6066106002916763
0.6427546184576838
0.6806430648755056
0.6520755068445535
0.6750996769213293
0.6040859674900556
0.6428429892326744
0.6660986113653284
0.6289437160313133
0.7291192134765324
0.642632961354144
0.6673770416066382
0.665444210155613
0.6391671484135881
0.6313591477292607
0.6640454366321856
0.6623103832934755
0.6944216686709384
0.6613064583184569
0.660537074043
0.6548084431470371
0.707758932854694
0.6662883395117011
0.653916356485916
0.6654712610916758
0.7130682850335491
0.5975097741874547
0.6378996187125109
0.7301359449780896
0.650914883419945
0.5856320910929266
0.6502254110060296
0.5620415815706514
0.752310173895199
0.7014027309603013
0.6942950839907284
0.6588927155243192
0.6231239718113779
0.6626360471974024
0.6195046846017918
0.6323837487936054
0.6317267436541283
0.6028090033092424
0.6573429835309186
0.6424878351595029
0.6249596043279374
0.6711190629717858
0.7420509141852194
0.610864712623851
0.7101597126557154
0.619557476450884
0.6145964702098905
0.662040968589858
0.6833803318559234
0.661201338972537
0.646336331136474
0.6470386352506312
0.613493097068325
0.6463776583005794
0.6208182168180952
0.6064321748960123
0.7271208802415552
0.6263558127960821
0.6459937156500262
0.729892799613141
0.6855392946582509
0.6487886515378103
0.650155613897896
0.6191625596498842
0.6833337903008255
0.6968521562817608
0.6216244965026854
0.6659115098600541
0.617860137521193
0.633186895302939
0.6244063236754179
0.6540095068400171
0.6235968236174515
0.6411598633450465
0.6541945235497145
0.6160489737633044
0.6192646911300512
0.6313082236202265
0.7157852280952282
0.6548441738466908
0.6440388124191638
0.6658889362208946
0.6569421984590449
0.6647063658025452
0.6274469154677862
0.7223122320916467
0.6648566708359731
0.6468771757598403
0.6363062706593029
0.6313136442559488
0.6409865119413068
0.6692795321792634
0.6117879517202885
0.6800899018640688
0.6200239190496921
0.6459508142531677
0.6589237510180389
0.6499085975062433
0.6699766367162802
0.6144173872849821
0.6060523822831337
0.686310492587115
0.6282141549278307
0.6251867258218665
0.673824159652526
0.6599785862038401
0.6331002664117228
0.6286720761464345
0.6228400648335742
0.6134519724446857
0.627383083054916
0.5980768563301797
0.6017520634860777
0.5589727685850165
0.6196633174908255
0.6373298003083941
0.6053680587375792
0.6177590557622873
0.6494575502836655
0.6164269900726161
0.6297996931682396
0.6490293421355144
0.6227802386906417
0.6200281136557633
0.6410596193625474
0.641234164967733
0.6494466296635036
0.6102136428220497
0.6470567565688705
0.6002147172203374
0.6065981447786144
0.6249973075373626
0.6996310275836245
0.6200281136557633
0.6311357280535712
0.6599812516371438
0.6482000028116411
0.5837907625459655
0.6173143256347792
0.6335158134309475
0.6309702786060911
0.5950672092422438
0.6430663746280386
0.6096488069324257
0.7064998090489818
0.6090293476566279
0.5963481340968517
0.6149521088151612
0.5887541172686767
0.6096955051125222
0.5877341939212272
0.6046789646105114
0.6008579808917373
0.616405948708863
0.5868305512637576
0.6362201222821731
0.642042095088005
0.6172446270275167
0.6146026962008082
0.6110801850560726
0.603543595939028
0.6116455509261758
0.5991684780092541
0.6186072023747791
0.6275734872489257
0.6070787325881102
0.6209336208334207
0.5870207358852172
0.6216028563191732
0.569834834992843
0.6067434214493669
0.5587910623976902
0.612822861355492
0.5764797798823857
0.6239635660326264
0.5996781383799213
0.6450968852443244
0.6496864165415129
0.641478388148729
0.606129269768699
0.6267083291315052
0.6218742607252764
0.649850033855861
0.6296576954035954
0.6456960608454155
0.6118975789249208
0.6336845023969717
0.6709329304437439
0.647550494382138
0.7267903161679987
0.5796192872763019
0.6400085609002748
0.6164488623515845
0.6632670184379569
0.7033208750347338
0.7204616273958638
0.6957688004819594
0.6195166728077208
0.6215502409266088
0.6307003913646285
0.6075277789881947
0.599602760160195
0.6135600887620507
0.6407336091647635
0.6215391652939727
0.667945097866905
0.7105224353770802
0.624246721236902
0.7006181561263084
0.6517465404409228
0.7092152074667684
0.6492363910440071
0.667010661030419
0.6643214545416046
0.6216945591480384
0.5989949359814151
0.6139002167553085
0.6454017288210006
0.7296429018744593
0.6564394444734755
0.6232106097546419
0.6492261625038573
0.6619201366095128
0.6098043186696894
0.644255165665117
0.6547128335728831
0.7439598795033617
0.6473388347559065
0.64076685527323
0.6535594261199581
0.6438644273596557
0.664177602504906
0.6759672779512585
0.6760382507398679
0.6583806665120144
0.631320454979958
0.6435067413289198
0.6364350448748727
0.6348933077989904
0.717791933932387
0.6434839614666282
0.6070028086140937
0.6525174651579734
0.6881439839308646
0.7609463768314159
0.728945215407789
0.6694800451913181
0.6570921334631642
0.6644045182322162
0.6404342518433449
0.6776523444308501
0.6700136367134351
0.6912339377392173
0.679810211767506
0.7613249766008936
0.6414146309454424
0.6923270580610582
0.7061531484383384
0.7511864422357772
0.7480196432752276
0.6658889362208946
0.6601540649740796
0.7012882936645055
0.653698848438482
0.647577215342571
0.6666634427520362
0.6488745922504477
0.654264200669595
0.6360207401109085
0.685837643789608
0.6779759686385939
0.6376426346342016
0.7021621450894981
0.654791441596097
0.681780293167603
0.6193820320899402
0.5763430151815574
0.6150544143144024
0.6215574417466416
0.6260747242607929
0.6547986862577334
0.620083770154909
0.6705792170834971
0.6573935699767588
0.5884425001660901
0.6212213040976329
0.6169365842607278
0.6317539692804806
0.6415128083946782
0.6056844067513827
0.7158185401019902
0.598203000934578
0.6236203422161049
0.6233545169960841
0.646783252539574
0.6193045420433032
0.5922674441803304
0.6379265519916612
0.685204955472697
0.6053519514732839
0.6061615046093852
0.6079416526872886
0.6117050709404634
0.6042227377243965
0.5981849174348917
0.6658257236596551
0.6476899261241436
0.5691790893430986
0.6049900825753072
0.569707345364075
0.6149226911603604
0.6067778810697244
0.6695901874938364
0.6394800721762425
0.6350138401974867
0.6177495241797196
0.6365529638873595
0.6483841536806234
0.6508639915534637
0.5743786201643238
0.6186636926979391
0.6305962810600059
0.6038019478232246
0.6490573737824508
0.6242919116789856
0.6432067397086821
0.6251609825666857
0.6571601580245976
0.6274889928182441
0.6205358981724852
0.6417776350697274
0.7106794354479596
0.6552695471749285
0.7100275086813816
0.6708661409643959
0.6568774951933806
0.6134377460317446
0.7064302787302958
0.6341867170780988
0.623860169509575
0.6627729268679109
0.6730549614550977
0.639136160049837
0.6603780273247226
0.6674931189868676
0.6817136377892844
0.6308037142545972
0.690141123370387
0.6683833488203101
0.7167109536077735
0.7142882822309565
0.6567662910640649
0.6402999817362447
0.6308733282372531
0.6154682336589483
0.6350697455101552
0.6181587351870388
0.6511023401182291
0.63171375690426
0.7113291501755369
0.621351003128816
0.6047970568608022
0.6349476355307929
0.7050715346980011
0.6149815331680188
0.6147998228920187
0.6432722763246673
0.6180157034970228
0.636344653761489
0.6770959401729203
0.6219975683603083
0.6253894905801275
0.6213382489510829
0.5937633106176906
0.6052809217882555
0.6331472092015751
0.6566557191766687
0.6910916565787204
0.6738939891177866
0.6302259419604315
0.65373469379032
0.6910325278139826
0.584634210200347
0.6781382813323973
0.6580064654255768
0.6910325278139826
0.5963030976837284
0.6558358828209804
0.6597780029050184
0.6253418347546226
0.6463024534149066
0.6622985653317582
0.6032427696555802
0.682842869583543
0.663743698726079
0.6948661748134393
0.6692473929749605
0.6312954087720334
0.7337268025549514
0.6379585139498871
0.6592650603232616
0.6566371786839416
0.6366251624027804
0.5817827287557971
0.6288317823680359
0.6481974881546212
0.6288852986221626
0.5913299194863617
0.6298558834719342
0.6474406450890938
0.6358979214169703
0.7411304820156646
0.6682032629587389
0.6642881265194018
0.6705632900932518
0.6754911360727065
0.6765759717869878
0.5914877114013932
0.6956803442554365
0.6706817379288604
0.6614711930473611
0.6897865533047405
0.6463173508371426
0.7641054089203394
0.7472119799675639
0.6762149561235907
0.7520513924492549
0.805869418010252
0.7197251173099872
0.6749746317845764
0.6403657426107092
0.7265743693254945
0.668342898254142
0.6632157609460596
0.6933577463906851
0.6892749060530868
0.6495501355560086
0.6821051294150735
0.6319418085638309
0.6381682308804314
0.652248984790713
0.6355279392385859
0.642846321258801
0.6362698939858279
0.6479487605611749
0.6704458529428893
0.654968245054157
0.6485766972948434
0.6517510997217183
0.691768067703716
0.6832128873309661
0.6791892986631124
0.6551048713995764
0.6981672136714295
0.7322489027073723
0.5960274240368043
0.6685945769190854
0.6846478865528842
0.6146646102637066
0.6702933300461235
0.6371142424048779
0.7004883424780004
0.6266561169557336
0.6307214637156004
0.6282069525268442
0.5914355841715065
0.6341887275887177
0.5548340936404493
0.702962458093645
0.6137743199947883
0.6726025453753902
0.7331027801035054
0.6240276593129985
0.6918475299261014
0.7292592351008975
0.707749517319865
0.6373587411020696
0.7736233014069503
0.6375293751472837
0.632427505877697
0.7494280049753016
0.6161444053902781
0.6930641027053535
0.7101264882886009
0.7167483585479463
0.7586193129938595
0.6630536915839904
0.6160580388841698
0.5955683723841504
0.62299626437454
0.6655524571939511
0.5918142939125924
0.6512222568815472
0.5974161845151787
0.6769622976354602
0.6430627450156345
0.6548667325769832
0.6019111951070463
0.6378495607959779
0.6465174683565963
0.6357433208486796
0.6522301644901563
0.7415289905836002
0.6503288275630875
0.7240824657871061
0.6411885477257818
0.6383020433770802
0.6757551689717338
0.6439218717654925
0.6476016575958263
0.6418702461765898
0.6320557210603917
0.6830143700498051
0.6807070224637383
0.6511179323240974
0.6440024131086998
0.6774863676146493
0.6710017137604656
0.6150411522876199
0.623406369767806
0.708547512592266
0.6469513480909003
0.6553903328561137
0.627762790586685
0.6761623575814065
0.6584915134133081
0.6275524709257996
0.6585901108181937
0.6420325917805599
0.6342876101027117
0.6186592442476334
0.6748277219756497
0.6094719929123836
0.6730514197488205
0.6120007405425458
0.7405382328171733
0.6781560287006049
0.6585519220727959
0.6746986516846321
0.6747771968187107
0.689212080699216
0.6698048831895512
0.6607273563956992
0.647530109766131
0.6582785327926582
0.6607966462094896
0.6582994356849432
0.6285654868429689
0.6357823386288326
0.6271370926470717
0.639001495767806
0.6190123527351394
0.6132794560460292
0.602871431017098
0.6154310566959884
0.6154303775195339
0.6158301788996802
0.6276393500195697
0.6334341436198514
0.6028034944264684
0.6462903690917499
0.6735904152331433
0.6285552255422382
0.6709018966058259
0.6197760578677671
0.6511221561250022
0.6165874076570366
0.6048220871885538
0.693928737884109
0.5958730170133534
0.673446418239679
0.6413173479400661
0.5935005000861054
0.6500214596572407
0.6544369669197455
0.6226659756256294
0.6624749591345789
0.6496521522067171
0.6319031866960239
0.6613993281204156
0.6245704001843417
0.611922727185895
0.6515966224251666
0.6852817225275315
0.6087250724476501
0.6908978829268565
0.6436011604185818
0.6591214480606007
0.659320393513442
0.6368296163032566
0.601684595688356
0.6651904860306558
0.6792689501847795
0.6577498561880415
0.7349814871224521
0.6272376814862365
0.6371250434141295
0.6718455039108409
0.6716409798865516
0.6828562396847647
0.6428793410902301
0.5946386229983228
0.6374534500421214
0.6666024648649906
0.5851258072907972
0.6666698649648316
0.6107645113906366
0.6251517152250808
0.6420624711341466
0.6552429898527801
0.6700684671867059
0.6659049056327169
0.6219623033704096
0.612238860081
0.6155969201667819
0.6572279701920564
0.6326383601181789
0.6214749619463387
0.6576045038998265
0.606299213176041
0.6316800119319514
0.6559836146508136
0.6393249644977581
0.7155055163224388
0.6136989375688463
0.7111940576626667
0.6570675100104706
0.660473874988245
0.6476113878409174
0.5897116775613662
0.6258676158325971
0.6421069527960811
0.611852732783598
0.6125424146787162
0.6631963324749237
0.604118286307532
0.6415177140719378
0.6289794258245566
0.5921993589022249
0.6413185105040388
0.5993295010983191
0.609566253686062
0.6374244052980796
0.6274190940672497
0.5900970759603581
0.6092956177062392
0.6792808071404113
0.6461401878565012
0.6090977489954975
0.5846822809473321
0.6392913711070385
0.6190486534411919
0.6476874765687981
0.6577644588323921
0.7551363289707191
0.6322490095284687
0.6851374852767541
0.6473465190537646
0.6787186235811645
0.6332646210982057
0.6354505104309949
0.6945839011364225
0.6046473259924929
0.6315549010252548
0.5910894984866919
0.6366974554847292
0.6570170187142521
0.665243712371072
0.5767427852258286
0.6083287262358966
0.6346853582200543
0.6449148899944903
0.6435441944504652
0.6678474033178723
0.6074522633068761
0.6235372270173064
0.6542145405603662
0.7064676574728775
0.642651499418944
0.6413922943356296
0.7375239027499205
0.6324959618058319
0.6510365470746575
0.6499734859797791
0.643043005070806
0.669881663601233
0.6250200853621697
0.6719042911156892
0.6295359397798165
0.6544759088427848
0.6658814593697064
0.6315259763332007
0.6553615162401796
0.6514689703192154
0.6188177347185424
0.6030079017971414
0.6388129000100067
0.6452565854020821
0.6318069158113753
0.600703180001866
0.6116984113157647
0.6524304305621945
0.6726309722852307
0.6239818827184326
0.6319416004705796
0.6314128768522578
0.6441190122691804
0.6234559109277492
0.6627817315963058
0.6516066453561401
0.6634098771553317
0.6939264180020888
0.6459458363769374
0.609228643190844
0.613922024785327
0.63845891287211
0.6320010184678094
0.6597044620944259
0.5961109162877585
0.6274027801050037
0.6279185155135156
0.7121749691886923
0.6580321615972377
0.5687819711386631
0.7285794158470068
0.6969429667522912
0.6866109504658455
0.6387537361167467
0.656228463734154
0.6766690254060108
0.6239155873051127
0.6256502329797102
0.6305011158814658
0.6425526066092354
0.6062680970422913
0.6303072959285656
0.6449421399555164
0.6288154313809735
0.6181246265616822
0.6036566416371307
0.5921224384694844
0.6453242315560926
0.6416136994792084
0.6576488081739505
0.6979615376383248
0.6755736845221567
0.6771921025364749
0.5931997466852765
0.6182213117142921
0.625582125661119
0.61158850975599
0.623491510776721
0.6391840901636385
0.6244690167092766
0.6127901088457802
0.6392043071480445
0.6688593931241004
0.6492187396047142
0.6524276801561159
0.6083183608964043
0.6273360290043377
0.6298897992180217
0.6043128751826073
0.6232923636920064
0.6365161174431329
0.6779453796587562
0.6535411065744363
0.6402823180466842
0.6784231352539782
0.6425422463167728
0.6386514233898076
0.6610382972854216
0.6915272613639698
0.6716186576415181
0.6976239567114784
0.7246300243378572
0.718325266758754
0.638883596474634
0.6090323110459857
0.6611071472659928
0.6641145868732651
0.626749153692009
0.63274111113172
0.6004198462993388
0.6451160184030773
0.6548621896660143
0.6227053728714123
0.6510323660916225
0.6341601403563251
0.6154407697037961
0.6102896446645195
0.6244562606462916
0.6246472664035242
0.6088476773824489
0.6168468236511648
0.6240588355749728
0.6305750867325486
0.683253682380416
0.6577975080346056
0.638137105557048
0.7134427267044011
0.7353562401627409
0.7644028876027424
0.6586431387609012
0.590398557831445
0.5801965569941799
0.5816481087278921
0.5947851730539587
0.5881129176112916
0.6050609374756073
0.6174567263250543
0.6052556337999768
0.5873490782690676
0.6194745269846454
0.6273967858481074
0.5950932350662335
0.6211434670974552
0.5954339442337188
0.5777551042566407
0.6100624466995405
0.5851633579624265
0.6004033341434498
0.6266572363478785
0.7119860436724512
0.7059789443280314
0.6302009207831607
0.5864251570396711
0.5831308366387087
0.6062328173196752
0.5697284392472511
0.5826547140397651
0.6242805210667862
0.6421078232137114
0.6064345835608025
0.5953974460466572
0.6039717172759497
0.6156545255515397
0.6031377633079532
0.6449445516600082
0.6443687892513791
0.5594943628834529
0.5672353362541694
0.6562531983634162
0.5865474767564977
0.5957334009442703
0.6090398867053104
0.5878351099943688
0.6161322373026671
0.6596720680800511
0.5755806850685433
0.6525922450963488
0.6025366678138546
0.6411359654638297
0.6154633048952259
0.643615373908633
0.6541710508155605
0.6164886194505937
0.6297566771678427
0.6386845961579463
0.6426057351689627
0.658707299990567
0.6600301587836613
0.6746278269241489
0.6119957877130218
0.6201536441340596
0.5791125682291315
0.6881707372380467
0.6567636578000766
0.6602238366149995
0.5992967914191258
0.5972488925261227
0.6055497091012941
0.6222104945351093
0.6407932197334472
0.61800862200864
0.5946114061724241
0.6043446047615424
0.622237497181162
0.6447653835058523
0.6246791905206353
0.6422600934686625
0.6401289448449594
0.5992552541272043
0.586759683397342
0.5931029229424386
0.5456713654127052
0.6418567795153228
0.6412638410804083
0.6460134734913562
0.647144801887655
0.6476914325631808
0.6641584113937189
0.6752215425695685
0.6316631963528643
0.6541769699500858
0.6497858501966809
0.6309228120004998
0.6429871167056129
0.6735774463317717
0.6501633375771759
0.6422526440941068
0.6626306994079708
0.7105992590558582
0.6703145145176493
0.6445149290042311
0.687576234048279
0.6405646882850132
0.6795069330632456
0.660579669677609
0.6298832368103265
0.5870347817898071
0.5725956056719202
0.6475771067779839
0.6234781366721782
0.6617198048027215
0.7425060206280676
0.6193684060805508
0.6586776332345633
0.632858403280828
0.6549754106743553
0.6347352936256836
0.6073264561422274
0.6125167920496803
0.6411705466282162
0.628332214063197
0.5970809532268849
0.6636552069029505
0.647662873839296
0.6616329309613078
0.69596694724579
0.6588687477314195
0.636106558896121
0.6715446737339026
0.6306034401759635
0.6362315450098666
0.6615212536796897
0.6340095236634498
0.651237008069448
0.6173716992290014
0.6614217949266146
0.6463772601349861
0.6133825311806026
0.673384603536892
0.7356802100554111
0.6422480774795281
0.6792118156515186
0.681685132112398
0.6570062964146924
0.630188524120935
0.6445629727534663
0.6603512763193161
0.6440456580532494
0.6548012258592826
0.6420791749540617
0.6042507412414364
0.6032289785942713
0.5723203029670159
0.6146293890804783
0.6439422754532039
0.6298948375197153
0.6255987595596527
0.7414649926194722
0.810970964343895
0.6054933281559519
0.6947950379697551
0.618984149006231
0.5990814177012517
0.6313267142344566
0.6142690606828001
0.6185948733004982
0.6165684681126575
0.5917776901383305
0.5976361418544982
0.596156065973216
0.6478391631774515
0.6234963049585357
0.5951072634667792
0.614740771169584
0.626066088464518
0.6428187539990309
0.6532748425705446
0.6010394376375832
0.7272287606038337
0.6810876817604189
0.5926524764517341
0.67057357316024
0.6172671201926864
0.6390536901176599
0.6190050230616695
0.6439574444765163
0.6510689080393587
0.6051707219938263
0.6579648038013193
0.6231141594358337
0.6624720808261518
0.5971346785775108
0.6602137565931573
0.5583743305132212
0.5751591845296354
0.632314198054607
0.6121827192143247
0.6439791931211309
0.5831254675341191
0.5528156814543297
0.5869483388051648
0.7121995674757463
0.6278830252079637
0.6543152871259903
0.7329092037436274
0.6292788705684227
0.6528545834266511
0.6611561949909057
0.6546758301311671
0.6095505382058019
0.6270266992338545
0.6532344846974408
0.6024259510661271
0.5995162390131882
0.5926870483738904
0.6254476297715653
0.6341515921558205
0.6344153186084288
0.6183134454942755
0.6497254189034953
0.6984212637759508
0.6772151961052045
0.6559682870933009
0.6240493178394917
0.6742193207087755
0.6629502686186048
0.6331891317516177
0.6747274022383477
0.6683205823813234
0.685075779433767
0.6849545951678814
0.6662517497785092
0.6661679248305414
0.6774397775670036
0.6368427616748812
0.6974307047785738
0.6532441245174384
0.65502684203687
0.6743169009759412
0.6214622339302983
0.6249846291200585
0.6535549338595105
0.6521504545728749
0.6388676341489987
0.6504295296530521
0.6649393713609804
0.754617917724501
0.6342205710064781
0.6090288956470248
0.637903175872837
0.6052439795330491
0.6044633258871087
0.6795824011631876
0.6600871258948039
0.6661579528381866
0.6356334277557167
0.6561865407437759
0.5819108439450587
0.6475034473380598
0.6643768455181609
0.7093366469926158
0.6127427522614401
0.6217353240567168
0.6220117997184272
0.6362330101912423
0.6196846834581593
0.6164155596655861
0.6304206348917365
0.6515780194209325
0.6457538623688197
0.657055013479399
0.6301334228006571
0.665214480397964
0.6751377599742717
0.6299759532737061
0.6723771309085637
0.6536865023388774
0.6870917480396607
0.6212585067044535
0.6270701353339123
0.6465898500111444
0.6783010759814996
0.733732842244904
0.6502070750444051
0.6371078845457915
0.7459209937128793
0.6287844117774019
0.785353191449486
0.6828991058289914
0.6866690063645898
0.6234185275119491
0.6585943217239204
0.6156938311168447
0.6605577886095315
0.6425514664045954
0.6611692159151185
0.6092188795033285
0.642944306990437
0.6387400498488568
0.6034956236388167
0.6270612379529129
0.6531050327522108
0.6274439219111788
0.6287919170929824
0.6723109502604844
0.6368689036815842
0.6517204370548292
0.6174389992348104
0.6208089784173747
0.6517227106586428
0.6457097019457285
0.6477369933110843
0.6571570323338661
0.651780325916921
0.6446296353799441
0.6379896476863715
0.6651864302829781
0.6361710751896401
0.6434638031917596
0.6453772137737253
0.6574658372187896
0.66094194624069
0.6309661849681714
0.643803117646047
0.629038659393187
0.6472138564877834
0.6506070631945106
0.6215117112275599
0.6403596867587255
0.6571140031915329
0.6473264735319317
0.6403538262515699
0.6390724900241285
0.626267355418528
0.636746884111911
0.6390015013261112
0.6348799814091974
0.6390724900241285
0.6274875946772366
0.607467104997577
0.7306401588929995
0.6242568007771946
0.6628223028311377
0.6517340396525593
0.6335093005631082
0.6476544092888324
0.6038079756870337
0.6550346178663887
0.6579776514648783
0.7399660570422595
0.6109025004403331
0.6139494881110416
0.6278112218436732
0.6473145568352164
0.6571523791746892
0.6529754895683314
0.6661831334231506
0.5995927039834524
0.5978684790449862
0.6493461678834755
0.65517012899698
0.6331437881069072
0.6373248635010684
0.659207435507627
0.6407060960081458
0.6561486331177572
0.6080734500254834
0.6114917701391
0.7161779597311712
0.6782793224348524
0.6388033920747058
0.6570461392839291
0.5897083749948034
0.6718815215287813
0.6908625222789926
0.6374068705344016
0.6331718959517406
0.6425797351947587
0.6531041485736792
0.6205142836419582
0.6622830507060432
0.6221099809831452
0.6542988983358939
0.6141174065535172
0.6115520582263292
0.6108150974827702
0.6214187679636493
0.6460090418523078
0.6233140983872052
0.6513810139015038
0.5893167269081652
0.6522197737121743
0.7078246193683153
0.6366239939324543
0.656138337586165
0.6455065952401503
0.6454971436986485
0.627955114559355
0.6127114807139132
0.6358755985824236
0.6797260108824531
0.6392928243288519
0.6561272840799715
0.6312434302329062
0.5902969246115445
0.6052352599990477
0.6437419378849091
0.6217727527622965
0.6085933366239904
0.6408868228664177
0.6396954234431111
0.673964911796044
0.578981918031321
0.609698442460519
0.6111718452109627
0.6250636526509588
0.6134661765926424
0.707795089777413
0.6131853664034722
0.567169672711268
0.6404562337407538
0.6368575369965598
0.6428821172853565
0.6507747262912327
0.6362445543813944
0.715141971446235
0.6033016297141983
0.662869214234011
0.6358956379188544
0.6226118053101081
0.6801194184865912
0.6472960343621832
0.6440563131466797
0.6136356087741842
0.7426751755259603
0.5957156913976775
0.7041193335383323
0.6245587419426869
0.6507425613826173
0.6572905384767751
0.6500701496262097
0.6795310852455767
0.6407343906382672
0.604596148866819
0.6126249921391701
0.601969950230669
0.6199621913471363
0.7007592495099676
0.6492000093531789
0.6503866244787299
0.6510967494316697
0.6280203730707578
0.6404807393737885
0.6530078366025767
0.6389971283746034
0.5847585261516584
0.6657233442470073
0.621509221868102
0.6630436175648609
0.6412033312666958
0.6689085255349606
0.6551936505295257
0.6114443931938691
0.6109841443084045
0.622252751896519
0.669830063490579
0.675403071763691
0.6490036849423089
0.6393115129880502
0.6755785579858977
0.6352230714307205
0.6773756162235509
0.6711245846617658
0.6282054983260339
0.6577359553502103
0.6278103816390461
0.6021023761796823
0.6089586788153862
0.6868388471718055
0.6567636578000766
0.6602238366149995
0.6022890959421402
0.5950784352623318
0.6064585477319125
0.6230270649752241
0.637978355275829
0.61800862200864
0.608288676540919
0.6102806174283766
0.6447653835058523
0.6243295043195917
0.6015378130017389
0.6443396836497122
0.654400717359016
0.6086149171454727
0.6404589799918691
0.6598601499937918
0.6412851284266274
0.6152328255012152
0.6480351547229275
0.6636971234522463
0.7040878956450997
0.6589847807025946
0.6485533775903427
0.613144118942312
0.6510511930539655
0.6589847807025946
0.6485533775903427
0.613144118942312
0.6520251309621211
0.587494532753601
0.6049767498192273
0.6031618452525956
0.6034322001280779
0.5658791662108846