0.6120553793424574
0.6180437369294399
0.6249220902610049
0.6391425372439572
0.6314537475101258
0.6553788306548743
0.6013629318742063
0.5669562328414041
0.61553860380519
0.6188614623224604
0.6187136856985239
0.5544471567820842
0.5863878563155612
0.6007637165953931
0.6086863067791748
0.6533880999447316
0.6113929100760902
0.6516483491641314
0.6395235969742742
0.5981657784064439
0.6613957508337204
0.6215727472824366
0.6504139250956218
0.6111970957942624
0.6533812560045499
0.6609237273123653
0.641154769158103
0.6312526212169799
0.6472430931652638
0.6383677349035831
0.606525148765844
0.6163147852763705
0.600375243112609
0.637996472070287
0.6051197046620277
0.5949128997533939
0.5937938145662099
0.6014395077054153
0.6137048357569626
0.6474544005227066
0.7120225287712066
0.5948779551005795
0.6600662862999971
0.6404471511404749
0.6682333556800218
0.5992847511933804
0.5996284896540698
0.5926834806243162
0.6395302589486332
0.6798196536901324
0.6508970301791845
0.616429956207053
0.5877029162869283
0.6112372878577429
0.6647484345820602
0.5846174634015624
0.6714447028178749
0.6520265376919246
0.5881789631527293
0.6178196541941781
0.6687222937882024
0.5689491565008938
0.6502655319704862
0.6390580257576448
0.5986826948000068
0.6699637264199305
0.5862817242089435
0.5877369383435725
0.6418936803585693
0.6322265456525096
0.6694327851493558
0.6303745443576632
0.5854951499626869
0.5951266707408404
0.6203660862707848
0.5954922756569483
0.5847227221121429
0.5965587810365783
0.657269541762104
0.5861060460200338
0.6236860283283368
0.5982563494701316
0.6025174131709687
0.5710979387843603
0.6307857114645324
0.6470782522564031
0.588302653676233
0.6257885793967218
0.631793388145962
0.6271069203205956
0.6825751814013089
0.6519482863855249
0.6567491049341811
0.6066659103409138
0.6000388301310269
0.6565087057533232
0.6472476411227189
0.6090063450212967
0.6095811191513891
0.6754076574953618
0.5964548844042983
0.6465976930417592
0.6116050230138584
0.6350356777234649
0.647488274016175
0.6079825366992164
0.5980749343316197
0.6388183342686806
0.6553892213107069
0.6559190639314196
0.6026022468200666
0.638858273524448
0.6889457240160745
0.6138583357933276
0.6377372105170228
0.5999335958681413
0.6164939441154975
0.5985699310445167
0.6473402440198208
0.6481418031302516
0.6728303616635678
0.6411178283879114
0.5921153303469633
0.595166625985847
0.6208759525043421
0.6483726031013812
0.6076189932749055
0.612402797934705
0.6208727917577052
0.6254522172351575
0.6661774142981135
0.5788981793822863
0.6497738889793526
0.6462709554595419
0.6092342530354918
0.6170930337054388
0.6550969016045428
0.6226118591144814
0.6159751940166406
0.6048828868320523
0.6168017135956888
0.6646782183378603
0.5997902126779152
0.5873991940416919
0.5695684491764678
0.5903755347367905
0.6448492678829902
0.6299977410967166
0.6395252116636654
0.6727201148146235
0.6832386651649096
0.6437538001880572
0.6767441148446958
0.7058230741930851
0.6432970887166571
0.6351025759621809
0.6527386249582185
0.6050327367918021
0.6705482610921809
0.6917726819753778
0.6994908555391871
0.6123399315592538
0.6612859178883282
0.6137196086506284
0.6215470464337236
0.615274132483245
0.6336828914647767
0.6397107431783565
0.5932393285144276
0.6285673000761485
0.6445316450582177
0.641494923264332
0.6464963206447778
0.6240433246714464
0.6362668293553166
0.6499672995144375
0.6531843684666009
0.6040891829177786
0.6334726879973104
0.6096359464423018
0.5989743648237403
0.6507523820346591
0.6387540853846947
0.6708814227006429
0.6584951946030082
0.6466237422739332
0.5921200368809193
0.6032969838687596
0.6242132469938535
0.6229530476516654
0.618566363175649
0.5970879580211313
0.6279208772099184
0.5940923636758476
0.5829656273789026
0.5737312013335305
0.6654317979319153
0.627091118235012
0.6249922286144253
0.6318574039717318
0.6340370900381782
0.5939945838820565
0.6519091001446119
0.6462654863314775
0.6366005852379407
0.6666311765142515
0.6619603806321405
0.6984454405886821
0.6698367640957634
0.6605919885475915
0.6880618599022336
0.7113228551585065
0.6002174324261469
0.5997950901114164
0.6611412250454937
0.6032142553954526
0.5905437432413356
0.6236335846917124
0.6476739274047908
0.6248370214023619
0.5940064184270044
0.588417015414967
0.6122079999112328
0.6201124225422229
0.6019387286530835
0.6405218016904747
0.624315590744303
0.6376468411119792
0.6073367709302279
0.5677109678201576
0.6163693237494016
0.6304963017399692
0.6367221492723407
0.6587217674230217
0.6481987297820495
0.6720989661677974
0.694993846436971
0.6325167121242793
0.5906089971034751
0.607266577974088
0.5810667010854085
0.648043772492031
0.6476762405556457
0.66148248749574
0.5994286897247709
0.6048409764560029
0.6761640076986369
0.6071679080314801
0.6086985085904073
0.621704510522219
0.6440320424998449
0.6312480734830086
0.6412607507392643
0.6518469703823725
0.6300021035957161
0.6643825998286146
0.6631319567503979
0.6561484983321422
0.661896467715624
0.6353341907217067
0.6499494469560104
0.6194428159754305
0.6668712939595769
0.6198979059819614
0.6417988202374914
0.7026003999355168
0.6659429850823857
0.6779147814272035
0.6379147168842048
0.659808895252026
0.6518684358441678
0.6193052443830683
0.6020413751162377
0.6651530586408999
0.6171795735984602
0.6304564605020334
0.5807809991742265
0.6462726433040431
0.6434969330482277
0.6157020313235553
0.6404826643245859
0.6300102511413437
0.6334137458568985
0.6287716175273359
0.6181057988578814
0.6569014699534281
0.609106235472881
0.6234576021410605
0.6129019387171283
0.6403142542691068
0.6086924403069613
0.6296492698924004
0.6263306491747754
0.6486212296183262
0.5851640336384962
0.5906353106999802
0.6748727775161439
0.6519889902401703
0.6564040922200517
0.6757051732020686
0.6093762920478264
0.6514454145901352
0.618029407379537
0.6766632920377196
0.6986642226805537
0.7034723740745596
0.6509370708635284
0.6342172185407191
0.6191233891300729
0.6115305196102936
0.637062927979674
0.607676619947259
0.6609614736997428
0.6518375499017853
0.7129423365592734
0.656171883645298
0.6314423233176992
0.6907927357562109
0.6969676480978892
0.6255711966276428
0.6774092179954323
0.6438118442761044
0.6559575257192605
0.643857583117832
0.6538756240308132
0.6882402984997987
0.6929540624770116
0.6172855768145916
0.6257332533379639
0.6341490591166953
0.6243779694286753
0.6508354363602599
0.5741400240289858
0.6549202235565171
0.6698535555635892
0.6672750430653976
0.6682814851468677
0.5893617952839476
0.6704215554583866
0.6506610045422149
0.6331672880783257
0.6293599663619853
0.6126439202038952
0.6190820408650223
0.6638957811657646
0.5895558247441738
0.6323537666074901
0.683256331203859
0.6659896976373767
0.6558362547541791
0.6653331179653129
0.6401478177668776
0.6922748297571633
0.6024046472553956
0.6212884938893968
0.6597319318332978
0.6919395065503406
0.7254224796049821
0.6409560537883042
0.6556476347376945
0.7372752595201548
0.6352176112266941
0.6329230372492978
0.620390634461735
0.6660539351555949
0.5950181308254978
0.639588874626273
0.6174333552559775
0.6219806673449112
0.6260819779818676
0.6964795751244279
0.6815917370932615
0.6971848043881732
0.6704334325085262
0.7166877640187241
0.6596871922244084
0.652353870800046
0.6216217455465061
0.5992719274573546
0.6176556288943429
0.6682197308859082
0.7468925305515517
0.7675436794386913
0.6591821062966922
0.7445175907014681
0.6964583865589603
0.7282089377468517
0.7118892671030441
0.7307398883417546
0.7105595620667892
0.6170779187223232
0.6055072175331182
0.5540325486494644
0.6581718813945812
0.6511924600696923
0.629716472780063
0.6189153869234009
0.6274497482779768
0.634026685994578
0.6383130906945539
0.6417479210775153
0.6580466942616974
0.7383614267631347
0.6468948614706449
0.6356573925550542
0.6680332805726771
0.6862045534041692
0.7408587825829395
0.6468943595922061
0.6457782581635354
0.6333774401635941
0.6553831861564048
0.6542040750829816
0.6387217600776401
0.646279298865134
0.6619831722512297
0.7117966863521648
0.6711254035547354
0.6684314200722035
0.6804845951102593
0.6735075279699604
0.6658243765190266
0.6597100363079509
0.6366894825847998
0.6776646629745683
0.6539151804016072
0.6841651610593327
0.6447461606898293
0.6658906472093487
0.6186357495039575
0.6733765677130675
0.7238969159383059
0.717109494466944
0.6928549069880127
0.6707665101889176
0.6965213538974763
0.6517714879578632
0.7144943731247012
0.6230809069116786
0.6631011795826527
0.651765317140324
0.6628956537722954
0.6850822172437423
0.7625894135713372
0.7027078013131527
0.6834958391798893
0.6612507095096682
0.6963870839627021
0.6851763750318771
0.7267015412986535
0.6509058397714317
0.6431752102683331
0.6768924177686264
0.6906384586807158
0.7020322174820164
0.6755735851939789
0.6667992471734554
0.7273196831710962
0.7086657136150025
0.6426359128457035
0.6905736818674972
0.6749813694415961
0.6301244415762672
0.6730737079565442
0.6927723945103552
0.7114760453791478
0.7238623704027163
0.6427642778792307
0.7069233705699398
0.6708833477653706
0.7484692391830196
0.7239311023914439
0.7528564225041476
0.5884881689256662
0.6453631469090831
0.6141004887116995
0.6793122623872722
0.6077971863487602
0.6433512688611639
0.7394307956072739
0.7012497944038221
0.6903181823045395
0.6432587333325043
0.6356815785343698
0.7090156611051331
0.6545628417362223
0.766542484155038
0.6574410124415414
0.7077701370968019
0.6714802542033718
0.6123806502736417
0.6774857451832081
0.6390493589666836
0.7004231350644815
0.6899111008495284
0.6983859233241925
0.7056166762758426
0.6677164537189126
0.6975427655223577
0.7320671409287994
0.671433770252804
0.7196234806064866
0.729187316864659
0.6459797343904309
0.6629501371005057
0.6956448524271724
0.6767367357314493
0.6183386794664484
0.6957173069532939
0.611291810667562
0.7228717800022264
0.7477659508160175
0.7393431952387856
0.6322862133289087
0.6497635578402784
0.7065994896062937
0.647844232008588
0.6614926114057798
0.6971292669335245
0.5822186231736071
0.7334108077017204
0.6769478938944987
0.7144424852594455
0.6516174373743793
0.7154069041141721
0.6310951893828532
0.7212184733828282
0.6732388986115639
0.6175386640424737
0.7404982612142494
0.7218594599279887
0.7251682678742403
0.7039608420591624
0.6839188035555875
0.6025131814431524
0.6921813760096511
0.6893118103906941
0.6088853833491604
0.7145384748157624
0.6689689954464325
0.6877943795380365
0.6957960711714793
0.7091715903947273
0.7176197440718107
0.746893366624698
0.6322796796239669
0.7070185466549717
0.6665999002118029
0.7038169157978305
0.7500505781565319
0.6367372084080251
0.6443589621718148
0.7003242201867756
0.6575018971622768
0.6290829845897283
0.6787891578563512
0.6806766772956528
0.6321772394135935
0.6721399662323913
0.69310658570112
0.6516135659811667
0.6501176028812764
0.6780460584433229
0.6286481804413184
0.6400517140696769
0.6359381696025739
0.6662380395547357
0.6453853995600665
0.6336696271498732
0.6317989099856212
0.6867117603603476
0.6625937033128739
0.6694203464254921
0.718532230268379
0.6324139743481934
0.6550075472235714
0.6192355359945928
0.6474910858473536
0.6270652848741674
0.6083698700368758
0.6549715835269214
0.6352873968498626
0.621528332209726
0.6593260316349937
0.67516954754014
0.6632512169152556
0.6472017857900374
0.6946226748088045
0.6888355816748778
0.6404745061943712
0.6253432998885768
0.6476247393244078
0.6260913256966315
0.6420531546984778
0.6068409252695178
0.6387808784862177
0.6175446412507374
0.6545119575664506
0.6096242157608603
0.6659334782020392
0.6168485337216096
0.6477958418231812
0.6502430631531123
0.6646012422771859
0.6712226673640466
0.5818918965851014
0.6311102075802214
0.6659760372654147
0.6354417079973617
0.6194604744797033
0.6557880626862579
0.595584932633753
0.6233213361271183
0.6592222921064286
0.6364267829939813
0.5818918965851014
0.6296513239966287
0.6652984819389408
0.6423727293828272
0.5778629195194054
0.6135549795005502
0.6330996540449397
0.6692950994292631
0.6544423521128998
0.6645683129738453
0.6133047333962667
0.6225592809082602
0.6048770892423655
0.5816917184787536
0.6460220386875493
0.6316717303574341
0.6188043354855224
0.5818935798151669
0.6204978636214556
0.6094964178698012
0.6561644976798615
0.6196166117661513
0.6619950177115632
0.6862201377716968
0.6345827380336099
0.635442353307831
0.6358349825012681
0.6221769331776547
0.6178376968364985
0.6382925089864735
0.6269905485457535
0.6175525664708612
0.6540156882396264
0.6482449312150416
0.6945503101590979
0.692739040579737
0.5852514756642875
0.6130081565720358
0.6218202806649229
0.6231536336117423
0.6080777028768702
0.6692271775941573
0.609994526071013
0.6367696477086109
0.6888627980218409
0.6464657900642006
0.6197639857951865
0.644397728173679
0.6390938344846366
0.670654034389115
0.636666457812474
0.6127273367020594
0.618563290745997
0.6334020983384248
0.6725979782877668
0.646136688380495
0.6090708027382782
0.6028102449523006
0.6447751800483981
0.635853486989994
0.6667875147354949
0.6729935823297245
0.6338258611187942
0.6567841713044201
0.6305895128257434
0.6635457576081406
0.6795073848200062
0.6535565417042564
0.6022321935182584
0.6073741537286852
0.6046849849768224
0.6531779052123132
0.6960323205195337
0.657499213083888
0.6132100009346307
0.6555503612529904
0.6773890632771578
0.677987623790362
0.6440951827484482
0.6835516042492691
0.6542906397345217
0.6239799422890077
0.6224823884370803
0.6631745086665095
0.6429966237069774
0.6481429797611651
0.6940848302491979
0.6541587091170505
0.6820359027806865
0.7001128349045272
0.6108065798046446
0.655815814345243
0.7217865198242382
0.6960749848551064
0.685500472992607
0.7660461711216614
0.7948009080462052
0.6954531979363865
0.6866890892791996
0.7868157193400573
0.7522795987183296
0.8012729030896218
0.7309596568019388
0.7417010905891529
0.7093116625976935
0.7274076306026386
0.6868479620905289
0.6531087121312271
0.658591815880781
0.6901813373464301
0.7316758483839806
0.6906431373187003
0.688044202861148
0.6734939914890311
0.672363762170117
0.683999255317229
0.7067322404871337
0.7137367866302735
0.6874031791325066
0.6482264635067312
0.7107240234478668
0.6593967428905773
0.708212968784451
0.6998597034999072
0.6991631021005739
0.6900399669136148
0.6952912579575896
0.6286481804413184
0.7026156850543617
0.6721396119759582
0.6159648494869975
0.6725566959101182
0.7221801620547091
0.6756321012445196
0.6707284738653256
0.6220989331854405
0.7085071212465381
0.6978188864345678
0.6399266376349236
0.6520890860866382
0.6346281585825259
0.627495140037865
0.6397602065137631
0.6168345803670701
0.6428491166870184
0.6541264276840645
0.5978847711728678
0.6661108915318354
0.6577172489846899
0.7227612263635811
0.667046292933958
0.6086859222357571
0.6213247405454163
0.6261480129102344
0.6491942535622451
0.6667843290668793
0.6455446434885314
0.6649578817418804
0.6479156812509432
0.6695577572353165
0.6339368349101231
0.6808193218301716
0.6545292201180237
0.6185572910846742
0.6306217003617648
0.7293723585602759
0.6356944938032243
0.631364646937438
0.5583611282480172
0.6451587164665482
0.6049503420464544
0.611951635937457
0.6291694477330365
0.6780974704532508
0.5945882010323895
0.620045949650082
0.5865779894264476
0.6639980637408381
0.6565559902429499
0.6354131072732325
0.6203213921873949
0.6498316352916114
0.6512846169571346
0.6793634425403473
0.6941321008363781
0.6648990022617051
0.6219824278739031
0.6229415076108055
0.670567373349841
0.679817032645807
0.6821894387863645
0.6700360774043773
0.7420222630664267
0.6650253408740608
0.7008982577709697
0.6681417428541035
0.6724244860208783
0.6605484041784887
0.7343230144973997
0.6445136505317742
0.6654246018703792
0.7264395846574097
0.7019556797678318
0.6023799220449427
0.7519522860503847
0.670283161421179
0.6892746768886054
0.7430683996756848
0.6911862241133137
0.6408757134563559
0.767605197973332
0.7438952241907841
0.7584937654351861
0.6809501771287815
0.7281230452222679
0.6699719060491013
0.730605565530215
0.717135414373525
0.6671103914460997
0.6621304229645292
0.6733599539552119
0.6734992766281425
0.7091660829628865
0.7268294193179213
0.7023495701024965
0.6921611625545704
0.7591660836902998
0.6909752105769897
0.6536748780987098
0.6882734774232393
0.7166055513431041
0.638639406000165
0.6614796245067156
0.6878582726336596
0.7068438727842751
0.7148496111828472
0.7465032532397647
0.631155541364477
0.6833045415487087
0.677557362982049
0.622869260806279
0.6045399700607983
0.7310318496323904
0.6709381724060925
0.6774146438427308
0.7149017771935053
0.627835124673004
0.677928715415569
0.6732032786280657
0.6568209620160549
0.6916546195197227
0.68634042443808
0.6732032786280657
0.6612448643773184
0.7036301844310021
0.6270863363470387
0.6595227162625587
0.6799914342541529
0.6283739119097013
0.6592191468737132
0.6527347783621001
0.6825352706937251
0.6743283427309739
0.6681694445501016
0.6903019625711747
0.7057883980275188
0.6975299554114036
0.6955228847091895
0.6639842789487339
0.6920975270480773
0.6787731735347281
0.6768905533813137
0.6855499428247923
0.682896667887947
0.6266309795443411
0.6870101650769015
0.6560072060491301
0.6540745844248175
0.6680884437441182
0.6798244233274684
0.739913605241274
0.7019133272750719
0.6940931197831225
0.7562986337519595
0.5850190303837675
0.7144967508376643
0.752416107152778
0.7049066719313425
0.7009296951394604
0.6818027371967476
0.7136998320197819
0.6730028435243093
0.7891366767040366
0.7031705033906704
0.7423630535141307
0.7335005458035414
0.6563946950543994
0.7479299254079583
0.6526083734564758
0.7087321128783141
0.7297674601489157
0.7640079763368314
0.7252250612854424
0.7002961974592866
0.7754644299416782
0.7132243324619728
0.7019727348539841
0.6780487732224891
0.6519539995357115
0.6632772190824818
0.7009834163409792
0.7021568513924658
0.7660024690185012
0.7849876538734422
0.7613955399428243
0.7248890150063872
0.7196017373937793
0.7220767552006015
0.7707919823367438
0.7993135090691298
0.7947928299664813
0.7903787058796702
0.6692575138610811
0.8079743028935915
0.7766985506566467
0.6966667069330279
0.7691497407103174
0.6773193490520287
0.6938476433746247
0.7892876211248522
0.6874001475680118
0.6589266032635722
0.6868671164478912
0.7380900148710888
0.5971104623336632
0.6715781965553712
0.6317068025614371
0.749826088752061
0.681306767846568
0.5804511977510198
0.7413853693339187
0.6853553667433596
0.6972549135913164
0.692303187128469
0.7345486113257423
0.6876319872942959
0.6160752075152599
0.7236262353768782
0.630664023965805
0.7083782095046504
0.6715001118612605
0.6976946451705293
0.6834344421805719
0.6361999429930575
0.6224487942993742
0.6275212967396075
0.701092741787275
0.6758441507969625
0.6385733905098984
0.687747193251777
0.6106738240423201
0.6563793551023845
0.73633739470041
0.6144598561842399
0.6265389704125767
0.6493414463287936
0.6739053675437402
0.6687168798568948
0.6698861261572965
0.7284675823261952
0.7139970957723961
0.6762909494346218
0.68919500650421
0.676908502726379
0.6988950851623373
0.6628259517455598
0.667393509471037
0.6443101240691922
0.7142310806109541
0.7519425640180104
0.6670842949619215
0.651491528714936
0.6322418377094575
0.6761948842620286
0.6923863722298584
0.644302675736516
0.6326519599882993
0.6781724510528171
0.6806379691517015
0.6674177221719441
0.6389467842392009
0.7149512320356708
0.672707158155345
0.6639326760328398
0.6811141096745186
0.6633452972528192
0.6168347946574726
0.6421361770564288
0.6992910080947955
0.6303868771347828
0.6649626930113157
0.5884107734664226
0.6156853508414435
0.6774785011929014
0.6651097957199025
0.6916852325763041
0.7061830035435293
0.6924234848828529
0.6507896396152512
0.6757050967920292
0.666144129068038
0.6748595919214931
0.6848660419468992
0.7057766009149281
0.6768673595599014
0.6625208725182216
0.6140349428810744
0.6498451741190308
0.6311182520560079
0.604243694158519
0.6230287141084542
0.6270119703959595
0.6510711657180884
0.6287963017402277
0.6076295645688419
0.6489864012639902
0.5951403846039859
0.6628083617082586
0.6768546417008348
0.634577531222809
0.6706289211377937
0.6684842699514685
0.6962289199147005
0.69199599492493
0.6097314096925242
0.7009067231768195
0.6331941049786337
0.6915505993892948
0.6693669196840337
0.649194704627928
0.686365120901848
0.6946536879574496
0.6450904243376802
0.7122502852220638
0.6622177472827687
0.6438535154511595
0.6233786421280859
0.5919369044320042
0.603259350354502
0.6265305701337867
0.6839068796685009
0.5981817833491315
0.7128900255673399
0.6564068503090066
0.6803587227431824
0.634932818105009
0.6635752024603744
0.6159150322573494
0.6839769994615053
0.6774985997465675
0.6333505405958356
0.7243751824002127
0.6537880140631975
0.6234956354323162
0.6861987801123989
0.7176183275858743
0.6931020608832416
0.6737543592424117
0.659854908411775
0.6644446330507002
0.6738178856587479
0.6133992682599221
0.6534633739165904
0.6295703445968963
0.6658209154383887
0.6786557285180103
0.7296117433055503
0.6898499965982032
0.6961964924435579
0.626877825476079
0.6356670899700322
0.6116368521627528
0.6548627661797056
0.6293638214266345
0.6335302000378905
0.6843016370324244
0.5496612626542798
0.5751097648113942
0.6117113466688121
0.6137324441349221
0.6102809471027424
0.5913497802532491
0.6178044912267925
0.6045645221638115
0.6657672976707434
0.6112368298325751
0.5916023421203382
0.602654304219987
0.6264582080080839
0.591333720441383
0.5914409948573406
0.6518306635980404
0.5778270618993029
0.6117053810687172
0.5972107568093152
0.5881091769719479
0.6373316232963588
0.6337091143376846
0.6397264772160373
0.6375249818286315
0.6332105837870058
0.5700443535986125
0.619102865914127
0.6660214935845081
0.6645490485783332
0.6159724127809005
0.5898209025161747
0.6446754686796488
0.6058194276273923
0.6427132846601036
0.6237236983049151
0.6942329791837015
0.6090857512255403
0.6152461475956499
0.6156901663076108
0.624774587277668
0.5896959049655691
0.5851241221956296
0.6611674586023296
0.5962872486257129
0.6302588845862258
0.6215486804123431
0.650012665182272
0.6069554621004034
0.6354513758606689
0.5867384019066801
0.5992623269827613
0.662916895375885
0.6645514579315472
0.6725687931103885
0.7326121336535585
0.6393795927229513
0.5937449675540218
0.7141442829505951
0.6653799265242588
0.6419795743069576
0.6664375687374091
0.6018503928999259
0.676732324069461
0.6566636343892738
0.6936866783861334
0.6232042316814884
0.7072999368390263
0.632668902868772
0.6890103080065401
0.6665985339437609
0.6750842276422719
0.7211427374267961
0.6716479371420073
0.7013473314762432
0.6907856537917765
0.6580606637901912
0.6528215312341864
0.6764592912501785
0.6749344106730547
0.6438780078609899
0.6129958452820345
0.6259798924376117
0.6913793988743372
0.7099501907850696
0.6737936277956631
0.6813495199790751
0.6881216080344139
0.7161733628040863
0.720456509777568
0.7457122982838514
0.6581292362208911
0.7307809351105597
0.7670842311444209
0.6833031880267182
0.7026958878041356
0.6771362134262299
0.6800616079812822
0.6545895467288111
0.6806205289417483
0.6394146581948278
0.6314373526731489
0.6449484750948378
0.6637204922538434
0.7068543262007271
0.6411017739657243
0.6879183807361686
0.7307344983546833
0.7247249245206057
0.6547132609906883
0.6805417524552552
0.7508121095721716
0.6951823276967677
0.6819698133746619
0.6564808732826579
0.639672902559005
0.654591781416486
0.6425243552296008
0.6864199293552133
0.6733389154882042
0.6684646287086656
0.6687630014480302
0.6556469545978894
0.6495303159504062
0.6532410653434316
0.6778685526208462
0.6319635965871778
0.6778993432452319
0.6792953722155348
0.6807463943202984
0.659401092999837
0.6551630995152626
0.6872329167239394
0.6631104435280898
0.6646922968156379
0.6794455965157354
0.7033268485131711
0.6650477679137597
0.7455774761051063
0.7141863317524505
0.6426964630081619
0.6816554626683958
0.6740423963800317
0.6872577762528223
0.6210895152451987
0.6611805408012768
0.6915172374782974
0.7629349811267735
0.7027912521303797
0.7036639431534201
0.7587222077172959
0.7234673793678433
0.6467753284314169
0.7929460823685109
0.8190903634424233
0.8082227254949169
0.7957645952949242
0.7733221372046427
0.6848198051369565
0.6710757782691114
0.6317569196786098
0.7016126515718566
0.6467832890300664
0.6145554801600941
0.6474868525975589
0.6433635600791013
0.6637351386299928
0.7068221720336217
0.6312819333596711
0.6732376917397046
0.6449711342981748
0.6618408420724866
0.6751107466104747
0.679598846715702
0.6872147704171375
0.651482297332524
0.6439307911275107
0.6598433756505548
0.6493976266437019
0.7033297539685132
0.637913064013732
0.6313849208036714
0.661270013697634
0.659208195027773
0.6452247398868605
0.699397904005947
0.5896013127113521
0.6288652681464174
0.6265699741206294
0.595156904309582
0.6093256751532438
0.6333244978431899
0.630236421454613
0.6553711259072026
0.606467837064991
0.6592454459459872
0.637773119668135
0.6017626505767535
0.6450457059419671
0.6172659046340225
0.6172138009857855
0.6187447861177725
0.6085994333419695
0.5992374211794662
0.6387368919603719
0.6241144911851131
0.6247316722385364
0.6802262314059478
0.6131597037356935
0.6663949487253753
0.6567042421788477
0.5946429703868257
0.6713936544450252
0.6051539284856146
0.6126399645135406
0.6332036517938454
0.5997420560297115
0.6115012258977138
0.5968184729121877
0.604388550054087
0.6423057305980409
0.6223461846402163
0.5892543011041362
0.5952522893554565
0.6631291753698739
0.6080828221286116
0.6147517267336023
0.6174723756640356
0.6095979173551289
0.6170559864146788
0.6917671119034668
0.5890099262652474
0.626436335619243
0.6180417255102469
0.6324087876183558
0.6208278176454817
0.6580158727217839
0.6335708499012328
0.6115144882593551
0.6282967920704691
0.6503902373676315
0.6725653605641967
0.6803758631314563
0.677765737998296
0.7047579963402021
0.6148971268978003
0.6583075782488745
0.6641058416827286
0.711430942450605
0.7070881220232743
0.6757180885263567
0.617985710011727
0.5774492102609601
0.6242500184686205
0.5895840267671261
0.6436039100277255
0.6229877847533987
0.6283154549236779
0.6374435749670591
0.6337639945206361
0.6762495266607756
0.5917236242913381
0.684523641578116
0.6457482343095948
0.6483716681153403
0.5942311298280636
0.6984325418472687
0.6271836977987759
0.6751899771967886
0.74156580324831
0.6744332525618381
0.6692056002850744
0.6703243588975382
0.6714833717832506
0.7312915728764251
0.724188517986865
0.6747130512376537
0.6683689596199893
0.6053401960804738
0.689728157315285
0.7218579106032097
0.6823070961225284
0.6512042709218435
0.6552708794485217
0.6680839037512506
0.6916173961365302
0.6765088952103896
0.705064653505758
0.6823751440325547
0.7357974500699501
0.7071306601849776
0.6492605511474204
0.633335317755806
0.5896267624057212
0.6548431003739448
0.679668211147823
0.7191639781979285
0.658227134565108
0.661182269456111
0.690658089229313
0.6643925954083867
0.6283053510988945
0.6074491028588727
0.5962025789999862
0.5794434014384126
0.6301733152326849
0.6303816557163591
0.6392034111405737
0.6152228490222051
0.6293332674376633
0.6499096773470844
0.6871628834379748
0.6519523396008671
0.6386467850290682
0.7027791236446282
0.6358582199523882
0.6673819742306368
0.6336997575513231
0.6507117568615983
0.7640424325498967
0.6649204882261828
0.7061200225181009
0.6616037322635779
0.634750718303356
0.7215599142890049
0.6627745618192497
0.6677447306910015
0.6918822618087845
0.6408076922040675
0.6866147071789652
0.6202160866271869
0.6391329266057609
0.6537794500642138
0.636827674539249
0.6576068954932202
0.650989110400052
0.6084364277934791
0.6796128832057299
0.6015029628915916
0.6300465124930282
0.6429736988765914
0.6337065050179982
0.6278839141899116
0.6464717615233692
0.6795015510520787
0.5953160066522274
0.6235957021581952
0.6033487246635029
0.5980428468455375
0.5981766220913721
0.586086368726025
0.5961843323325723
0.6194493835662536
0.6264724128701324
0.6236860283283368
0.6037942553719281
0.627013521579743
0.6914185026181615
0.5768486586860043
0.6245483075158652
0.611465080583192
0.6515496813187327
0.6373186721050242
0.5858615912743782
0.6669198114287204
0.6500297981827867
0.5994121776028063
0.6746979460333415
0.6136583932631475
0.6636505871955307
0.6227267972289029
0.6917336816625568
0.6468405647717754
0.6927694871147067
0.6686309756508005
0.6274644545509129
0.6642394361356507
0.616777074956441
0.6576100968670603
0.5524465501257301
0.5964303684377876
0.6282811130964604
0.6290090358874391
0.6510271330155832
0.5754798787397585
0.5135492333048539
0.5860065037517991
0.6196151148484618
0.5924885425794406
0.6172673787070176
0.622252717761347
0.6604279802446429
0.5863123951860737
0.6479439173485035
0.615811374342946
0.5948473547574936
0.5854031240026022
0.6577191692858467
0.608468967706856
0.5833169510721157
0.6141627938751822
0.6639518096385044
0.6238586032224688
0.6196769910769234
0.6360499410282865
0.6636258489330527
0.6934598392558093
0.658528974873063
0.6432882364929744
0.6649419255645637
0.6605848958894988
0.6850618708734322
0.643101252076808
0.6796103861952731
0.6907601306138454
0.6835741850045521
0.6954460658284162
0.6690144410036488
0.6054946807080497
0.6794662822112215
0.6392120014149268
0.7244737272044394
0.7005908337601632
0.7118154532476882
0.6590654635110478
0.6457195476485497
0.6680616376846541
0.6455630607975847
0.6516042533010743
0.6278954091520111
0.6455460458332293
0.6877324188659896
0.6629381608853688
0.6458140051737752
0.6478608691935799
0.6490357847929529
0.6066977103232202
0.6106926227239203
0.6757971111452477
0.7199085894554235
0.7152734355713727
0.6627649231734061
0.6291355817683498
0.5875481840075428
0.6433625360292778
0.6345317598006065
0.6570029690624094
0.6280600562667367
0.6737854531469671
0.6571637641729453
0.6991531685162489
0.6471564390737946
0.6637621071762408
0.6212413100924808
0.7151372330078422
0.6989159753186176
0.6805486685661858
0.6528526643197885
0.6985317818632641
0.6935004418068667
0.6550464937835258
0.6794186704533368
0.6711962220621819
0.7024210588200641
0.6259078743194608
0.6504765890484117
0.6847003936598002
0.6878650198843975
0.6777982841997288
0.6498610224816808
0.6575818377060825
0.6739331724089556
0.6657346141783124
0.6722459563788358
0.6465185543958655
0.7036984826932273
0.6488751539744593
0.712058446913059
0.6277247511504158
0.6725121934672735
0.6808068143152308
0.7244574806306429
0.7123192690672723
0.7194189634926895
0.749245113009109
0.6682084086234454
0.7695153789735292
0.6365264735614374
0.6410328387418082
0.6858971666801773
0.6741620923307259
0.6482025235696981
0.6628034028078368
0.6607496534973141
0.6813469477069504
0.7034676745369774
0.6782073050495868
0.6298403490839326
0.727195994682365
0.688374091830063
0.6383481638557841
0.6531986548482678
0.6798479582010252
0.6591542995806933
0.6759185030239664
0.633772205695974
0.6427717769305762
0.6660890048909713
0.6382970590169146
0.632895425018119
0.6405470632852737
0.6709212271522272
0.6625381771531411
0.6299555746683354
0.6779394345768056
0.6621986714558
0.6664206648594944
0.6178804786211134
0.6630970062747984
0.6536717887559351
0.6334903787273553
0.6429936646657086
0.6013977676925382
0.6630970062747984
0.6327063889372072
0.5892628664065117
0.7170281597435314
0.6758342070582699
0.6597877613360211
0.7026799040376732
0.6173139569050475
0.6490788785284771
0.6105903639539081
0.6592769011100125
0.6569586588614954
0.6612714294541855
0.6387980691518979
0.6498177535540831
0.6490139000252599
0.6469455545086837
0.6686522878960894
0.6507578796932822
0.6890217776747206
0.6140237270218997
0.6083281700532247
0.6126756048318363
0.638534259567179
0.6026867138871832
0.6292610179067492
0.6987163162032897
0.7007581696869929
0.6718292397971173
0.6333839714585331
0.6191265341100224
0.6328180634683757
0.6761927736540174
0.6901288941642301
0.6709290886705783
0.6443206329890472
0.7140736508827247
0.7208067228680126
0.6916394677674317
0.6327744817432772
0.630671799870811
0.6645378473645718
0.6416446224557454
0.7226703687546188
0.6938682594178157
0.6633873188302396
0.6757684742823785
0.668444445708948
0.6704300117607284
0.6335074411169842
0.710946819626221
0.641467356922699
0.680560505684581
0.594555637766163
0.5805274747771216
0.648191438354322
0.6138505630073885
0.6810732043824198
0.6449793928210865
0.646487413028925
0.6293027888302705
0.7028666259930402
0.7330973558955897
0.6620732476114107
0.7339384094800849
0.8187242068511937
0.7861182052738939
0.591115795691656
0.6088050788066197
0.6874238122458524
0.5817489545117036
0.6108211186376798
0.6257324711185978
0.6605283218620165
0.7059524783784323
0.6344371187418808
0.6312113643865077
0.62350175192343
0.5758339182705048
0.6192934400091413
0.6640654205875612
0.6296037653490651
0.581955737135996
0.6613633450056606
0.6352180704224023
0.6355480482026794
0.7229153044306509
0.6804431807973634
0.6987140002003883
0.6382603737145027
0.7118717946163673
0.6427657098423507
0.6679758715504449
0.6142661775631906
0.6656564804468258
0.6475285034538916
0.6117514934283659
0.6616192572426478
0.642072734810024
0.7013754696443124
0.6741422090179869
0.7095101912787395
0.6433493593157105
0.621943736420602
0.6231513567529631
0.6104751591814761
0.6088447520360786
0.6652107324297657
0.6185055869397167
0.6695949646822437
0.6528576800619885
0.6241093188701075
0.6022242420935204
0.6274226776855871
0.6440832626067002
0.6131514409083434
0.6191373760963189
0.6261377467883303
0.5925063309707751
0.6275070227594551
0.7022528028726
0.7162080354761371
0.7555167799351205
0.6916013212350881
0.6817224234489782
0.623989199558587
0.6245031411390634
0.6155069472394837
0.7241355083782617
0.7184569955825869
0.741309451961619
0.6772744415541382
0.719612268917363
0.6613970584480506
0.6990427134066237
0.7183539435039595
0.6616309994005583
0.7092199842785956
0.6262872012335825
0.6230514814056347
0.6536177634454365
0.7247454432369658
0.7070881220232743
0.6757180885263567
0.6177014205770669
0.5665118834724785
0.6398578952744098
0.6081558052531741
0.6320282643977425
0.6229877847533987
0.6226207165225592
0.6216215777373636
0.6762495266607756
0.5933672049438498
0.6222027804511184
0.6857823620896545
0.6757499633386614
0.6925943010000355
0.6928045758935741
0.7039667063432447
0.6694336970090093
0.6513097789348719
0.6601708684307874
0.6184514979069737
0.6716927023593681
0.6404470410096087
0.6383158877049125
0.6073002142314475
0.6538229016017733
0.6404470410096087
0.6383158877049125
0.6073002142314475
0.6690996337123207
0.62673240053042
0.6084412077205069
0.5914542113875741
0.5925991627234479
0.6532086960992203