0.6461334743094298
0.6311790862628589
0.6528362965399912
0.6573203060238797
0.6665840528739337
0.6901435076355079
0.6465614930519686
0.6404002112418699
0.6679039616316916
0.6524345042634013
0.6401811200371209
0.6257998870543138
0.6047514769248294
0.6350386915059308
0.6277858245151132
0.6391013140819063
0.678710350826883
0.6554061874542606
0.7063514368366256
0.6187441661056651
0.6992403115374589
0.6498770637470026
0.6753019216357259
0.6311692225251956
0.657682595428392
0.6701345904649976
0.6788477147384951
0.6672023487134613
0.6902915260784899
0.6707955595972322
0.6807641887156787
0.6668997835098561
0.6506751055511472
0.6721804539424454
0.6305892318161679
0.6505202923733349
0.6383473757545196
0.652720610220952
0.6977951878449544
0.7024417410915148
0.7700221492492795
0.6298800682859643
0.6809976936826887
0.6816262690272092
0.6854727763755678
0.6359646478718921
0.6425123486763136
0.6477125103211906
0.6505282589191006
0.7029335370272585
0.6455725013502929
0.6562934286049211
0.6227437171108892
0.6621015006625175
0.6601633897218979
0.6332156809343576
0.6679108873948824
0.668274384681217
0.6306489491665308
0.6641182060249357
0.7030969903212617
0.6717026373486712
0.6557713555345147
0.6900770777518398
0.6710159991760406
0.6867427071833113
0.6574168765815773
0.650021304138889
0.6484944647491928
0.6586331931686352
0.6763593743669211
0.6613265537593199
0.632691923303732
0.6464105302691215
0.6754931099956363
0.6695349773993923
0.6368033810007061
0.6396160875358577
0.6889653260453462
0.632448368129845
0.6784868335687256
0.6744413670924847
0.6846682793554323
0.6357935642789467
0.667965238209558
0.6782606539029534
0.6348626003641891
0.6638009981019477
0.6252965508378014
0.6368640396895251
0.7076332413161023
0.7020606275326665
0.7073352529109449
0.6697781350233947
0.6580673476688195
0.695755543644054
0.711616892993661
0.6592427075863374
0.6612057114542654
0.6647457253859634
0.6631418487715424
0.7057041311967754
0.6964605883195026
0.6818446661441594
0.7147522463423527
0.6632596592298833
0.6613380211360717
0.6909600426974294
0.7157213306201026
0.6988983027366781
0.6615281380164936
0.6942076894287205
0.7537675880887896
0.679337187392629
0.7245692287026267
0.6217859455916629
0.681417219351424
0.6582851892537426
0.7236465359612081
0.710322655687598
0.66974214123925
0.6758618424058995
0.6556473649576449
0.657568471866168
0.6812313400450105
0.7100911427081998
0.6829840505515467
0.6734625225034492
0.6959362910627898
0.6424988092213074
0.7232637105689068
0.6365433145815834
0.7317001075534324
0.7254686161384963
0.6823925356574578
0.653531298263215
0.73090368132256
0.6661457099024842
0.7033100475701276
0.6596092985199754
0.7014167165556845
0.72028292198847
0.6656987709252885
0.6453664425790424
0.6434023492032989
0.644686498915079
0.6720468411595663
0.697569494354704
0.6862146233007052
0.6908332958701896
0.729499658356972
0.7022555302876903
0.7111279222128003
0.7052736291760168
0.6891261955001112
0.7103428258400762
0.7038222017327341
0.6913225354824746
0.6962135545753074
0.7177454074885897
0.7337173394812524
0.645960453166947
0.6308745793340939
0.640481237926959
0.6604378715664893
0.6557930743640203
0.6805280940581723
0.6914895021230029
0.6926387507840327
0.7061643278694121
0.6696532508855021
0.707204439797466
0.6870538298719462
0.6903485446612363
0.6983599097243948
0.7235745116536098
0.7023115623986971
0.655447278518503
0.6552228379087572
0.6501430509004436
0.6638748193469468
0.6802900338552644
0.7182633754013027
0.7293721791929204
0.6626369089576438
0.7050338640382969
0.6088051239719227
0.6234896940256195
0.6625737603026769
0.6683932495738543
0.6513202287153224
0.6373945536836549
0.6818326420071145
0.6225925765991861
0.6062027574395802
0.6002958781579095
0.6858041454846814
0.647598886792252
0.7012769589789978
0.6877453906624293
0.6955033407029474
0.6233195924569896
0.673499612427827
0.695712080492398
0.7061979457962215
0.7096895878667677
0.7371159716457429
0.6998795039040258
0.6999325515870303
0.6442056177414818
0.7547679843962288
0.7012331283635191
0.6305580835512299
0.6201733419080065
0.6981643636036547
0.6427934935615999
0.6811160765196003
0.6762040332817583
0.6967765601272495
0.6998623105202377
0.6501654340998599
0.6409147683362569
0.6576563066459457
0.6645138943848622
0.6662237971898536
0.6979773596559671
0.6716806862290015
0.7213585184228
0.6641846312888596
0.6783760191723622
0.663045799715077
0.6873634301450054
0.6859881480182747
0.7091820577629767
0.6677566890605182
0.7228679939906331
0.7418825766370033
0.6547539194516112
0.6675103574400054
0.6921464472740559
0.6748128089316173
0.7334273936489728
0.7242077399703613
0.7219696275341392
0.6746287591624104
0.701809764795136
0.7101275691466821
0.6776962583433553
0.6687762336815731
0.7212384089060221
0.7025586789410825
0.6994398982355534
0.7005344951666631
0.6883946574389813
0.6694521515867508
0.7171695728667002
0.7192670694641901
0.7116231704290327
0.683625343211869
0.6367677458493611
0.6603272301249048
0.6748918351634395
0.6540273845094983
0.6622014708666273
0.6939325180447197
0.7150544856070146
0.7273894596107894
0.7095672847603675
0.6626885271127981
0.6661151425109816
0.6574702781207211
0.6763179039545801
0.6529177779952255
0.6438570624979522
0.6575734690868048
0.7024545811825998
0.6451240991253755
0.7421826939931406
0.7033896998170927
0.7017470686139674
0.6922609656484401
0.68032736761778
0.7318588621242483
0.7022029995596591
0.6957744315440658
0.7383639275249699
0.6977378172954966
0.6975524817267026
0.720005185727428
0.722577944487634
0.7058032715068311
0.6876517319153103
0.7007614799674939
0.7255387361614903
0.6269553741564271
0.6096512796954068
0.7058514080359982
0.7100771838995803
0.7197188524754172
0.7061402407410012
0.659641016204128
0.6770841978009468
0.6469998187858464
0.7481513247115354
0.6722638188902319
0.725880933331378
0.7363800201769238
0.6736034586965525
0.6924326312528175
0.6819564557847869
0.6892127263338762
0.6560183097808491
0.7023437258249317
0.671976525066337
0.7395022369256902
0.708581637563247
0.7007432835027353
0.7540746540188888
0.7604344120940152
0.7063355744157217
0.7372691681818182
0.715575119375313
0.7137248616469464
0.7196427075971233
0.739007853322687
0.7104358038852389
0.7227589052157388
0.6424001526426264
0.6686658425438093
0.6718650869695
0.666003438581058
0.7115666631104468
0.6269262028132639
0.6762244383462988
0.6948219275076712
0.7308822845651725
0.7283839960562641
0.677009220367259
0.7103895074653122
0.6712705128651627
0.7098232760451509
0.6767132971839475
0.6521271327208757
0.6971226507030066
0.6909952793686578
0.6553157742961909
0.6883445196992533
0.7164278237066782
0.6987514147994325
0.701658645174704
0.6627309111856252
0.6931285021332785
0.7739412513313573
0.6599258081681685
0.6826478286375068
0.7343630934917671
0.7197887813413208
0.7241406673177997
0.6985637448993477
0.7355077568021111
0.7630265619907447
0.6700951851901472
0.6813212056667888
0.6600019902011824
0.730876534182437
0.687298842552246
0.6933493365548644
0.7048641398642567
0.7208564695130127
0.6616985249618383
0.725428490023889
0.7487698772936817
0.7502464573767383
0.6703943794154527
0.749123223853937
0.7273271346203214
0.7114713159134057
0.6670498014383788
0.6665273853259456
0.7141187982494781
0.7331151270854296
0.8053973345022076
0.77058221454645
0.684812411237623
0.7780594747622465
0.7792888560451358
0.7709753904624247
0.74974663548169
0.7415466300708858
0.7215724827126385
0.6301230535335314
0.6592044996963715
0.6059783378285555
0.6924214701916231
0.6870082069901658
0.6638888847336663
0.6841579086096421
0.688618663015786
0.6839559802917744
0.6802189386281207
0.6981189696416755
0.7397313021894611
0.7112236527779144
0.7013158515927902
0.707185695448472
0.6923805347346732
0.6891473338178993
0.7191942194716239
0.7045348197383872
0.6778208269538267
0.6873948902773961
0.6866320869852452
0.6872371426887827
0.685919046885175
0.6713459284730503
0.7077625996754953
0.6799559041780199
0.7122116433870976
0.7077925993618358
0.778163344494159
0.7197348715418707
0.702611594799811
0.7071805786001178
0.6823952243816614
0.6852897403082252
0.7158113467562023
0.7360734840275183
0.7165251878764658
0.7125189928489831
0.6371092837546005
0.7083442661375339
0.7309495282316985
0.7315506632679794
0.7101726142491042
0.6976472749574965
0.7122345483648134
0.6892696493514096
0.724817203019154
0.6533393057039191
0.719182783403678
0.7122110338057991
0.6891318975573707
0.6857726989916495
0.6982025933518142
0.6638921754951193
0.6582063189820658
0.6945865724896199
0.6767083906147271
0.7373877753550944
0.7745002011496097
0.6659800886007141
0.7061101641396424
0.7295101103865048
0.7103586341998042
0.6585214973746892
0.6793475811381077
0.6685333307171457
0.7386970836629522
0.7238151130382466
0.7215436780743788
0.7610035563241541
0.7026929529070011
0.7065863928025621
0.6927196533958749
0.7273187660145741
0.7199751996529163
0.7373392956104455
0.6454669311769209
0.7103084163697685
0.6979561975288286
0.7119449056656838
0.7257772716734755
0.7575193172776716
0.6369604330761673
0.6953064103881408
0.6756446274479543
0.7155654431661516
0.660325655634437
0.6560130211536666
0.7312496666618141
0.6760747459095552
0.6814662997940218
0.664479374426016
0.7052230226896105
0.7253400507118203
0.7016917638903315
0.7537410442483817
0.6786211639488808
0.7553985775584389
0.6956345314620478
0.6982873728704063
0.6620399551993277
0.7175222915723302
0.7400652036137092
0.7037425075408794
0.7167877236180906
0.7652515862998494
0.6613883364363073
0.7119870738497767
0.7157734366170516
0.6904090297072173
0.7093905649288341
0.7374194625340349
0.6697013537656215
0.679562697136063
0.7057035545842946
0.7139067622413358
0.631052738066847
0.6766779418117085
0.6321680821718539
0.747667073784658
0.7158792158663009
0.7229225931386183
0.6582093373218222
0.6725974568011519
0.738321454016434
0.6543280999502988
0.6638582842106108
0.7401232853963673
0.6185745129937633
0.7442781414800268
0.6985494340864036
0.7613631618956728
0.6881649155324578
0.721824435851742
0.6696576079463034
0.7481776975720734
0.7371012491693371
0.6485697143315442
0.7561580948715237
0.7274888043198451
0.7428011739191577
0.7162351931066246
0.7396383510519461
0.6226466431881239
0.7231632899981429
0.7294091150021617
0.6336834119937103
0.7295300975465526
0.725112513400809
0.7249590100364794
0.7420275963372999
0.7299692668083249
0.7519301491866972
0.7541695568628848
0.6574095700306629
0.7363411626367439
0.6932501135617222
0.7457132301844104
0.740297254194329
0.6920433370698091
0.6983531936765293
0.6608319801215099
0.6709277561378914
0.6824158020711967
0.7230319945019291
0.6890522871855458
0.6605062986958018
0.6949514484227621
0.6881164550813386
0.6924155312022522
0.7206127070567075
0.7269283518569615
0.6857972515017416
0.6880535609883183
0.6932298691931965
0.7366196473458783
0.6734253752307627
0.6853643767664713
0.6881908982050725
0.7055998928958287
0.6909424794135859
0.7108051056178584
0.728458500981553
0.6762246788659257
0.7045407081398182
0.6758893010707414
0.7004738229660027
0.6671862532137831
0.6380866450808624
0.7187118479180633
0.6830987156733812
0.6758068036960619
0.7206035402044759
0.6917953593307987
0.6955164646344646
0.6909823761426895
0.6990388612783063
0.7018570585412988
0.6995219281216709
0.694711850797807
0.6877886273888179
0.6749723586594293
0.6923555122650956
0.6857855411875129
0.6924359945933309
0.6922280818995863
0.7179427319438716
0.671349904642245
0.7093193677606837
0.6952970657554559
0.6933456617783826
0.7227130107549862
0.7272105966872103
0.702428872658371
0.6295967762868051
0.7284317939067716
0.6798598058303776
0.6711412840324275
0.6951344622623148
0.7215191875590462
0.7224274586893722
0.7200673650024751
0.6835273887939688
0.7009386748540054
0.6295967762868051
0.7304830842275042
0.6850902739600352
0.6786222354312218
0.6695586353951901
0.697685562801631
0.6805751715454789
0.6884556773702082
0.7077874278133197
0.7097037093967008
0.7092153531435621
0.6626604814426759
0.6907425334055675
0.6137021562001168
0.6740092578300773
0.6892706205244474
0.6903931088514691
0.6510937267671373
0.6774152523006894
0.6608632207510293
0.7117265646935058
0.6982579678399271
0.7119842210669235
0.7451736540947939
0.6990255223998171
0.701739703739433
0.7359250000017492
0.7332387972595865
0.6943057798326586
0.7078115501772936
0.6932542677827246
0.6992968107481696
0.706521773851841
0.70412677530807
0.7300787963336098
0.7288149957216674
0.6636007489312595
0.6897332046671059
0.6957868937848631
0.7161074875887445
0.668066984784034
0.6830968687404715
0.7072471600538582
0.707948755340972
0.7070118363869815
0.697277988309964
0.6773164490907003
0.6976750451517274
0.7084758835876857
0.7386767211932573
0.69197707334979
0.6880804495996488
0.7130601770843763
0.7000316695766395
0.73880088335677
0.70181101942067
0.6686770341011815
0.6794584026485609
0.7096196813341706
0.7214017798661427
0.7255923862720357
0.7283603756814436
0.6872489856900156
0.7534684692591104
0.7209452987110982
0.7486161348272373
0.7498468105367756
0.7303076022851734
0.6727270145725349
0.6867006876077909
0.6735572385782369
0.7190582521924098
0.752627126760794
0.7176237790558769
0.6780725102995102
0.7221858271877444
0.7183718136874286
0.765339940269917
0.7324576889943208
0.7237541381605166
0.6616549682745483
0.6702977149061716
0.6555633010562862
0.7379805904585364
0.7079243077240062
0.715093236321364
0.6856996019883637
0.7312167639275735
0.7182966589615288
0.7355923448674309
0.680733279858685
0.7225536366070546
0.7544365949873472
0.7279403925591689
0.7192375356757517
0.7523047642418832
0.7751354749607213
0.7219375400853197
0.7161109288127757
0.7687245816886574
0.6745484677034099
0.7277424073310864
0.7189473614147629
0.733214875121927
0.7188241885979519
0.7307368340029707
0.719044265805861
0.7305639586413021
0.7108941729685494
0.7666063760360279
0.7499896873019812
0.7376549095883423
0.7205261434943517
0.6928262286242988
0.721603453705456
0.7350361129986627
0.7093758143445117
0.7520273630485307
0.7263976295996865
0.7031829998094753
0.7009794709873307
0.7063954696298426
0.7315393690742593
0.6928962489718733
0.7141130442623874
0.7075706126264887
0.7554058721299666
0.6857972515017416
0.697638606002978
0.6910478951855056
0.6587493467361889
0.7116482304669383
0.6634678701849699
0.722013606542437
0.6683993518752438
0.6658151787459863
0.6911244431341365
0.7574040516419189
0.7034037296933943
0.7049494547052593
0.7005653357388051
0.6264259336404886
0.6951319723127559
0.7016526090543058
0.677945004986032
0.695315516907617
0.6531091532906294
0.7086114797315799
0.6966145663102947
0.691751895450982
0.7231810266531544
0.6970961508437088
0.6902117676554045
0.680468574206218
0.7043621283721219
0.6824299938777466
0.6910961042928365
0.6634839005606396
0.7067191693514013
0.7490838746808501
0.6716509850112358
0.6874246987184383
0.7327298461720155
0.6997649551637226
0.684576716126635
0.7346948253529886
0.6978381209284964
0.6922092911333894
0.6082296821639291
0.7174147213521852
0.6721592940431218
0.6777318877596199
0.6836733227907722
0.700278642310175
0.6866854705261836
0.7029564461113451
0.6589217829875579
0.7711741209278404
0.742734068562604
0.6549318159876587
0.6651542521074473
0.714646599949338
0.7329051942999657
0.7877446636616109
0.7972841177321657
0.6745939097905421
0.6899918332179684
0.6788826424212677
0.6912435284609372
0.7359169981907615
0.7685950328937865
0.7395089207443281
0.8361070340677738
0.7755969514271481
0.7910620381522145
0.7637091291728967
0.7159551918121535
0.7475316300107001
0.7745064402375403
0.6706187880977076
0.7439670576764019
0.7973814876478098
0.776296325028555
0.7232927535273114
0.7966778643990766
0.7327004164193744
0.7519103053483572
0.7853487514167384
0.7594554060570708
0.7191202515799291
0.8126985983050018
0.7968276631287636
0.8032097227271177
0.7698140960324167
0.7504489374496748
0.7291801423515353
0.7211674379021509
0.7496641880084287
0.7146952438924928
0.7480445670196175
0.7050891838115716
0.7348483681335082
0.7265434281933517
0.7254419999184113
0.7618078341411137
0.7384873072014004
0.7338272664078146
0.7527722359062832
0.7182991499092588
0.7459870100241504
0.7421553361428805
0.6695723935751856
0.6988290535192802
0.7026446350960845
0.7290014533443612
0.7113963053684954
0.7546442541068031
0.6892158095479229
0.7052232744684681
0.7230040193507523
0.6969229289346606
0.6355368701159754
0.7227283399186398
0.6788031539708247
0.7297650055122024
0.7503772728635868
0.7098704794781591
0.7362053271916819
0.7185085721531569
0.7024555257366243
0.7457416353279641
0.728606377613474
0.7185085721531569
0.7020819736857845
0.7554387994451995
0.6843538542196697
0.7158552496543381
0.7087810462419386
0.6766199518099806
0.6949343960317406
0.7338857160827611
0.7428294280475047
0.749365198495238
0.721712057242339
0.7582291626352635
0.7786556503433348
0.7374581068630481
0.7528989568709639
0.7256668290207481
0.7371030490786319
0.6917527388752186
0.7202651129894743
0.7396003243270776
0.738171716617864
0.6885950780535339
0.7116447597443762
0.7118442488966716
0.7177266151245008
0.7363568435206224
0.7132541139534232
0.7505337410553442
0.7261579538120636
0.7096689812354315
0.8051339665473801
0.6661554274053492
0.7377957708153126
0.7903346838379699
0.7373933299816822
0.708387789870638
0.7486792134881561
0.7321740251812935
0.733195302761
0.801092705242905
0.7381282790824361
0.7127750250759424
0.7350557382240434
0.672367835645968
0.7053418144931661
0.6349465680775573
0.7481376696382751
0.7862192784887375
0.8148498810937176
0.7474652178737864
0.7348774207755757
0.8269910316164922
0.7661465510341545
0.7630869852331186
0.7335987909258128
0.724275662605059
0.716949178345579
0.7489073520765278
0.7603506780188585
0.8128059190275371
0.797936484511446
0.8004495602641959
0.7723109793141543
0.7635915051322699
0.7727645868413597
0.8240690114235499
0.8360114701732118
0.8183855870544873
0.8193063258615515
0.6420641271810661
0.8332890298824225
0.8066088487216568
0.7104019468547513
0.7841009934045237
0.7203166186633595
0.7593474126426556
0.8114424822801299
0.711791272993306
0.7013901715549503
0.6978828580145884
0.7069186686892293
0.6459673155226139
0.7604952213661359
0.7400511143500721
0.7907910061609958
0.7299009877780374
0.6253981224459516
0.7481733824806354
0.7351406511788527
0.7322213169440437
0.7076281224757268
0.7134316114821635
0.7579268774172768
0.6427326133308391
0.7742934385615836
0.687146068616867
0.755642920361539
0.7264064409269035
0.7395399942140362
0.7153026441277146
0.7137101325333015
0.6650435514385357
0.7096066148155343
0.7339481759132374
0.7084508792727026
0.6929864970929029
0.7329939632996287
0.6635654544113496
0.6792516275617873
0.7505862648700632
0.6380330729549233
0.6748468006797662
0.6673681466349916
0.7513559325588222
0.7205591662655578
0.725992734651985
0.7461214998460964
0.7409131786494503
0.6936202290383405
0.7755623186401751
0.6801480136131883
0.7568422210187179
0.740872868502074
0.6883263364708032
0.7462277303651558
0.7889964662745863
0.7976607745291477
0.7567566334446447
0.7342661276432109
0.6786432687903844
0.7155324664886258
0.7167018764586144
0.6760548301407963
0.6845027905424115
0.7290897948568774
0.719165255226205
0.7198628803663077
0.6402795004381566
0.7194645878466525
0.7078332232349993
0.693197050396308
0.7162366168201982
0.674464332801708
0.6571680603302303
0.6949454475401551
0.7070235459620443
0.6818253308809401
0.7059145996275432
0.5893849156687768
0.681280989972802
0.6866654912374052
0.6679112022799866
0.7450793529742108
0.6823091782747451
0.7415704798467785
0.697423063221328
0.730928014628285
0.7229280228286595
0.6671768422678069
0.702107253795883
0.7080252479351893
0.7181534985014987
0.6946749706861274
0.6271819385287143
0.7188028846862633
0.69719171388204
0.6689556262281181
0.6699548708601594
0.6381201339003257
0.6469976818258882
0.7002280601082086
0.672715467214651
0.68930774497942
0.6290396701852253
0.6878160444816108
0.6652973929847207
0.6676513161073816
0.7202494320044085
0.724970912080517
0.7583615311279547
0.7223222797857598
0.7137013446707492
0.7488541073566884
0.6903283209758608
0.7476420215042511
0.7384964237738112
0.6987645293531298
0.7627119252666174
0.7387920909431096
0.7378927742675554
0.7244085341468338
0.7084955590894482
0.6843050751721388
0.6428262258260622
0.6121737019724355
0.6444390362518759
0.6740204844273792
0.7648998209505605
0.6553193647643967
0.7001000216380661
0.6771857658874665
0.7498646083504134
0.6706779268321811
0.7216660818984303
0.7295552655977957
0.7543272941962728
0.6941156548932725
0.6712937820123137
0.6958791522398771
0.713818111760471
0.6863650863570059
0.7249863689555205
0.6908637288775032
0.7369646564915368
0.6796069979870808
0.6873357036339722
0.7524614121673974
0.7162312472157517
0.6682888523815776
0.6959768694236216
0.7077512038600569
0.7109496024347383
0.7240266362213936
0.7470830893642618
0.6997750143356893
0.6832628463443328
0.6811102050062503
0.6668290712444623
0.6713234153576725
0.6886753137511027
0.7007580229644824
0.6996547784060548
0.7321476236963518
0.6246745188043
0.6750800681562983
0.6748286504180097
0.6859715914533941
0.6529330559112444
0.6688338612417453
0.67575190776301
0.6639433290309711
0.7303745029745407
0.6415918236675262
0.6548381342291126
0.688847496808043
0.7031246165137007
0.6859538171320864
0.6993595328206171
0.7172490952063854
0.613534074088472
0.6903940282226968
0.6796335809004942
0.6516876122405382
0.7189428362856595
0.7304835413645184
0.6894027622023593
0.7201595939193596
0.676676007762282
0.6671279328092009
0.6666917714199491
0.6819235884711425
0.7200183870264318
0.6978497436459317
0.6520818065344891
0.7279603443671712
0.6376892612075223
0.6381813533211034
0.6587899152447765
0.7294468644181998
0.6310833669135038
0.6644663736687001
0.7007319845379142
0.654045408067649
0.6454665723820819
0.6554755590484735
0.7131049437894381
0.6508433225551639
0.6942550610367444
0.6562755308782267
0.7065217601051959
0.6305900794550218
0.6525920956713912
0.6690856649680307
0.6475996507760222
0.7149857987739208
0.6937941851488665
0.6699458327906704
0.7134295391827418
0.7211083402255358
0.6596204036578316
0.7614898171862777
0.6937881452271619
0.7359957413504818
0.7199181861434888
0.6564890340210494
0.7270030832270796
0.6655364400264376
0.7002324569207793
0.7040710274408094
0.755748551529383
0.6819011285976575
0.7436125572712409
0.688433719535457
0.7437556113389069
0.7354952232753916
0.726287186096558
0.7437551680929985
0.7337153091687406
0.7132219829507536
0.7249876897910337
0.7071810484386447
0.7224311263339374
0.6691749418572766
0.6383336902513702
0.6734419260151966
0.7354466424500847
0.7420574174040953
0.7035654334782898
0.6632510127915381
0.7426602987851522
0.7660532695583786
0.7554036721488189
0.7757913372093511
0.6727097479546805
0.7524477810883141
0.752043502350058
0.7350974099999351
0.7540323354773958
0.7356089247730445
0.7304555806271888
0.6955238474452436
0.6900984735527446
0.6926831506024739
0.7014122735692317
0.6830503323866793
0.7197079149092493
0.7385812435603534
0.7240946059991727
0.7237717137111116
0.73369322918705
0.6936778554708416
0.7432737310574287
0.7224075518958593
0.7180316304792146
0.7332290134761393
0.7469891365991325
0.7351053733858496
0.6732967558321525
0.6914894428951954
0.7191349804286538
0.7121532459608909
0.746466139003545
0.715119394234542
0.6868364594059603
0.7058941859584332
0.6911378804154333
0.7000938576334097
0.7295826369082056
0.7014426650820237
0.7460500741459093
0.7218444465495419
0.7204005549454873
0.7149172922186131
0.7239092024700742
0.7358389549060689
0.7291428134686053
0.7427301139276448
0.7327443601594213
0.7473015801735794
0.7240641988142847
0.7392269402274997
0.7205944834601351
0.7131277341700063
0.6924679664009311
0.719755440738637
0.7197202652321038
0.6598810585661338
0.685201500421945
0.7219881860866724
0.7469789703455066
0.7171919488381048
0.6610095330377063
0.7486608844722707
0.7593594261635309
0.7413682331136056
0.7645437024266859
0.769124864765795
0.7544392979295871
0.7980287624016323
0.7706821008069163
0.6835802351027492
0.7025360379935565
0.6866781906504038
0.7621075689177682
0.7096807807998181
0.668600917537331
0.6941417706490381
0.7075481424761132
0.709504098156294
0.7201039496005467
0.6612442151270261
0.7007209680463898
0.681394530104469
0.6835540665969799
0.7013435935199249
0.6778518137404547
0.7096544498060348
0.7229775841890217
0.660664570000725
0.6889670137394833
0.6767438810091898
0.7464851994849497
0.683532877799057
0.6716895404482675
0.6774013310581782
0.6636578541355916
0.6843943686202143
0.7014989564604438
0.6520914594101828
0.6821233471205498
0.6782666084237878
0.6225916930348875
0.6573254013512464
0.6999843047603513
0.6904643086399307
0.686506066494471
0.6540132826365652
0.6958094632163144
0.7151934084342004
0.6517366474140964
0.6706027788772959
0.6875082686709819
0.6770102248458083
0.666696530971434
0.6775450297165355
0.6317710768379556
0.7022119238265119
0.6812622475348894
0.6932305002331404
0.6966935512927681
0.6509510660262408
0.6786431038210823
0.7029325213532163
0.6599455927553193
0.6855451482703135
0.6637564373646332
0.6578005971680597
0.6331338375264428
0.6304995918207028
0.682312951888531
0.6619363702127768
0.636735023197502
0.6882691855698538
0.6727032904782138
0.63121253114476
0.6443746532633642
0.673800601651599
0.668705522591957
0.6929137189651143
0.7082507837312829
0.6666917589912599
0.700349978069191
0.7442368908700494
0.6735130481868862
0.6822634443463663
0.6705113232910537
0.6878372505799503
0.6866598495922012
0.6624623292185423
0.6667640332916909
0.6445852887744045
0.6973363444113337
0.6860100174027208
0.7097175771862189
0.7172644622859828
0.7037786007534895
0.7044413771723009
0.6679741055263602
0.7558067601596362
0.7266776216112161
0.771362681170298
0.7404309898485818
0.7325200059002324
0.6784247487453947
0.6731535040484155
0.7358157157444483
0.6612912434427421
0.6904611123258528
0.667907233525699
0.6525659167424701
0.6825699003746748
0.7118535872634458
0.6414070419945445
0.6470999209079442
0.7217898483155871
0.6836700563860281
0.6677807099378235
0.6689089865444512
0.7156426725919203
0.6401166290785719
0.7027999546344338
0.7057329240478731
0.717580980350351
0.6916694681207649
0.6715807316269954
0.7089596703211665
0.7517754635953213
0.7211973581849813
0.7166767252326708
0.7097889086685845
0.6475623302327865
0.7474021159517376
0.798273024255195
0.7292704004631406
0.7221870756969905
0.681514190654984
0.7148987990052541
0.7235814428437032
0.7205199648658609
0.7661982797582066
0.6582733579470188
0.7666228138841698
0.6872982124400017
0.6932351490453535
0.6665048215619412
0.6559637986846163
0.7017121793729055
0.7230895275726716
0.7310145756863988
0.6980276141707655
0.687639225752492
0.7025350038784077
0.6905848402141485
0.6656967786651399
0.6644367043093202
0.6616541829325379
0.6403249779112492
0.6646821804833614
0.7021975626868944
0.6411681822096843
0.6242418148617002
0.6931556481722286
0.6826209556207655
0.6964620776901719
0.7388306836336277
0.7063100277304597
0.6762683730119065
0.6881570202305091
0.7105584698065359
0.6491667410441108
0.6793119909742482
0.7942778162584292
0.722829955213539
0.7415448997315662
0.694118347766012
0.684309870134
0.7321564657209504
0.6940955401267477
0.6901236008639401
0.7091922948859339
0.6597110041715281
0.7147645112227312
0.6525226063766429
0.7126978610639316
0.7116656224806016
0.7047936497121273
0.7114952753099122
0.6534935203750274
0.6572395828993738
0.7004527226565767
0.6112842773763225
0.6840126810529841
0.6523562691611224
0.7038154521204418
0.719885807526564
0.6747050350473731
0.6545650691923846
0.661948639083121
0.6665426342534568
0.6663628100972291
0.6901895149493698
0.6561601069495611
0.6222612707029845
0.6513047436832156
0.6674583852058239
0.6834523283933567
0.6784868335687256
0.6840061381199334
0.7082761968711925
0.7368260305282539
0.6491994137719582
0.6352603935678531
0.6904991776995546
0.7212542750282118
0.7161394632222605
0.6715265733358176
0.7049921098963671
0.6608818104663974
0.6608675926950281
0.7246503941448187
0.6939711039656703
0.7033523350732485
0.686105425761922
0.7541704271957874
0.7161706235661661
0.7014811473588715
0.7231028171089174
0.6868903876144558
0.6747111848507752
0.6441896593005957
0.6782552043640201
0.6374119760952778
0.6342290659734671
0.6579092266658438
0.6641982525894291
0.6577671512529815
0.6254987592990521
0.6102703671713577
0.6617252406173308
0.6545006446708921
0.6304863407159362
0.6969546619986914
0.6524539802106075
0.6962525614682213
0.615029459389257
0.6843000768945048
0.6692252091020687
0.6561401233830566
0.6325949985380593
0.6609457311705799
0.6819024775390697
0.694318681522968
0.6652805957576899
0.6877537027476804
0.6763376116064272
0.6844155691587722
0.6913377464915405
0.7106856406630357
0.703812129456651
0.6783864115089611
0.6909546872788236
0.6715351739796668
0.723888675182859
0.7229123756323558
0.7060850393405188
0.7570132837414593
0.7266572879782762
0.7046767685137908
0.7482758652693702
0.7266484086216538
0.6675741876749806
0.7167331611107118
0.668729289570916
0.7402167660926462
0.7471598074294662
0.751739465745433
0.6821854627100857
0.672102580641792
0.6729006164599561
0.6701643890142306
0.6572725119168692
0.6812870699174853
0.6874742232170363
0.7221670086316622
0.7121739131182421
0.7162319100019591
0.7034430480560703
0.7006638018876011
0.6775489871436119
0.6184160318672521
0.6913992083169409
0.7626133488746379
0.7402839745504671
0.6877752239422456
0.6824736019051401
0.6481366735714525
0.6912763543674662
0.679427820629266
0.6948261206210278
0.6626356611374669
0.6955317800302429
0.6810849109732872
0.7215881700477955
0.6682750049984676
0.6452097597732104
0.6512201620941892
0.7409706620915266
0.7144029089546365
0.7027536467620134
0.6676033026115856
0.7438523287555953
0.7016891170750633
0.6947153923919261
0.7312503146796162
0.7620742928769396
0.6910743910062642
0.6450035173442167
0.6793657967361479
0.7176094763561228
0.7011515854070056
0.7041078902599106
0.6816328370280438
0.6370923339053608
0.7038481447347881
0.7066138079168264
0.6891301717567202
0.677320655685396
0.7157390660583473
0.7209156694754197
0.746214759112013
0.6461345078163132
0.7080469344090767
0.6887549149414569
0.7409025174261911
0.7291733669887466
0.6999135714156737
0.7176176012156118
0.7100354614463125
0.701746796303044
0.6424846258491463
0.6903807863207746
0.697282306928127
0.6785001577576971
0.6633588175136215
0.6658317874666149
0.704918347805727
0.6921291780373499
0.7099455300656783
0.7236235932305337
0.6243581497820382
0.7426996985666006
0.659191349482417
0.7025037400338715
0.6964572407617099
0.7142804869659154
0.6891846547466247
0.7231795379008935
0.6771630325269337
0.6947550051115198
0.7050376196662727
0.6727738435503885
0.6992601060163697
0.7110111508864546
0.7160604994304813
0.7112640488344552
0.6657728306485268
0.7114020015822843
0.6961302265496497
0.7102228415862533
0.6633362162586448
0.6871971647823153
0.6813908789679395
0.7001889634211967
0.6797528446123968
0.6538217417811918
0.6871971647823153
0.6399918996603831
0.6657826669004283
0.7211253708391455
0.7188658067397354
0.6829636744202762
0.664045302650399
0.7091781758746827
0.736130705924775
0.6749596805167783
0.6751454369113357
0.6842186813180586
0.7015422411616299
0.6900334058897538
0.6856442690283798
0.6876226118760724
0.7157771279061791
0.6770043983888374
0.6880580302455933
0.7269875984550968
0.6819072973672345
0.6449284589765759
0.6719742347468801
0.6935345796491584
0.669265401603584
0.6617569482402783
0.7106998146613337
0.7209224646701176
0.6965839055100447
0.6755407844596264
0.67947353181657
0.6965069107594931
0.7304624454161156
0.7197131042002479
0.6887910357799522
0.6629117888022974
0.7420782438783062
0.7534691176801109
0.7090642491134187
0.6614040593464235
0.6687744636707958
0.644561374169632
0.6673040140677584
0.7266005127412967
0.731119637905413
0.7000393011701314
0.7225756902288267
0.703996883744115
0.6757024456452856
0.6513123415376576
0.7239413004079344
0.6619442906398992
0.6471454879635438
0.6357122255976607
0.6243185552501599
0.6935065309648045
0.676302665142847
0.7262899542696156
0.7250877431516919
0.7290632385196611
0.737419815385611
0.7468883153514743
0.7555050140753109
0.6988340033804348
0.7430766914771625
0.7806415136466924
0.7634031884052993
0.6481084316087896
0.6390817014853638
0.7289941595637628
0.6941765186457066
0.7094402985837854
0.6407611747530936
0.7299537430971196
0.7396622263115123
0.678337998719281
0.6285554243839069
0.6608500181020699
0.5982195064433586
0.6769300825284681
0.697004936780012
0.7165788606705943
0.6888983001679516
0.7387364273467024
0.6567356961651769
0.6766473205061254
0.7435868028135936
0.7217821490254508
0.7371291691294175
0.6707464329785059
0.6798459467592843
0.6997655593768795
0.7056998391436964
0.645486051493009
0.7356904958206376
0.6944154140866142
0.6584292827085481
0.7048904968313708
0.6852605576558424
0.7520688362841894
0.7018280758321785
0.7611039970751495
0.6736321051740175
0.6561152159436169
0.6504395594577912
0.6632366942518542
0.6929314466491092
0.680757015293839
0.6533983272015695
0.7205398698051184
0.7203984142072033
0.6609739849419147
0.6859151344909461
0.6691438793772081
0.7149117337577526
0.7263766853520911
0.6813305810436151
0.7298072293440276
0.6783384039401315
0.6852608857551232
0.7635779515046834
0.781161730214759
0.8230158618841329
0.7557018864434709
0.7475934987292805
0.6780410420998615
0.6987738784204175
0.6445212541326399
0.730466288856097
0.7356687968632758
0.7297229982334043
0.6915771519500467
0.7441036692630507
0.7204021425528858
0.7162906881848583
0.7457838078330324
0.6962557357916563
0.7671414910029621
0.6816931643767918
0.6863411109219064
0.7560099427459284
0.7789072442290584
0.7404309898485818
0.7325200059002324
0.7122595155673423
0.6586855802134078
0.7469000696240972
0.6836452431046862
0.6949659185101177
0.667907233525699
0.6674517258206045
0.6841411914112667
0.6414070419945445
0.6484108839340366
0.681151046525112
0.7022558506765104
0.7059942095122713
0.7629752810124687
0.7114771686984808
0.729355970156939
0.6946350940086033
0.700723150236763
0.7197750438283294
0.6409392801020294
0.68366592838347
0.6575488722254813
0.657225764193607
0.6480970742459298
0.6695136270679704
0.6575488722254813
0.657225764193607
0.6480970742459298
0.7052661827086294
0.6722185013343915
0.6633067958629807
0.6285279926619383
0.6322440726271433
0.6734746961707304