0.5935660544440183
0.6309101648259974
0.6501069224108666
0.6469237600032444
0.6330055472217933
0.6020896862479591
0.6299183604360968
0.588932017897431
0.5912459119252702
0.6233756651280544
0.604549907913024
0.5713240150948297
0.599961944269031
0.5892889828751333
0.6198916048274032
0.626098388796898
0.5908882217508235
0.6274823078263103
0.6035147012385336
0.6242156022034202
0.5969922406211648
0.5668565768572366
0.6271001141622764
0.6195962866906879
0.586557721830221
0.5939492376941962
0.6295359559045194
0.5946930532105662
0.6422940484468737
0.6213904686042603
0.6659428350142933
0.596998106525208
0.6047899799693813
0.6163170857372923
0.5785753450564269
0.5698487170990855
0.5836498182889532
0.6156166046552133
0.6137287449369287
0.6531479862032821
0.6308063541209986
0.6024881647747491
0.6212469746149354
0.6184672200095621
0.6328248693159809
0.6054476470260126
0.6444550680282357
0.6161486492984364
0.6128674734106709
0.6150336353285488
0.6478280158663984
0.61461493095735
0.6219270495189537
0.5890831478083831
0.5902196061122207
0.6137394832231376
0.6598696200146863
0.5787519710080952
0.6208506164859389
0.6208694901352719
0.6457254834634806
0.5707725567103353
0.5582705408296299
0.632587622972012
0.62745296601491
0.5723765884689943
0.6193611159699685
0.6389872956288736
0.6048137612259459
0.5994568196361909
0.6024495879150786
0.5627871760164436
0.6184854306153841
0.5888001822965765
0.5886520744756312
0.5861309992589991
0.5907803407482257
0.6051190967681052
0.6551486986841228
0.6625774393576515
0.6735804186949889
0.6600361438337643
0.6579155498208817
0.6383013347370569
0.6612219432109593
0.6797940385157248
0.699100965513822
0.6647020790625889
0.6501866722338914
0.6970100759686936
0.6616753770208847
0.6426690897898443
0.6507825167746014
0.6216267536037758
0.6185188150078523
0.6463595612424223
0.6454557887383138
0.6634469419893595
0.6120159247801034
0.6205899144880928
0.6465994250867922
0.6420193141440875
0.6778431642272126
0.6644280500830392
0.6650434874892609
0.6127094235441056
0.64638222207853
0.5860093059034667
0.6442366515164212
0.6324888945760568
0.5881299973538774
0.6527895778067414
0.6475628794675459
0.6529626720645118
0.6621641781659534
0.5941597510649372
0.6665434096001438
0.6770721391218701
0.6430355761826063
0.648331193730165
0.6675570200948945
0.6315529752038941
0.6479677464828928
0.6420101491202578
0.6312799920473227
0.6493761078893345
0.6649932098686571
0.6183436648180269
0.6259824950493332
0.6467421084356826
0.6057261249972907
0.5975786580343219
0.6461971610967951
0.6496581198840602
0.6521322240665038
0.6336007385847646
0.6605780083981064
0.6410918117834774
0.6626128940484386
0.6382275359133533
0.6569726291672181
0.6664036714020012
0.6371448418747772
0.6229980002992035
0.6368654772497472
0.632856534610268
0.6112862018000127
0.6264341371839526
0.6578403545139748
0.6363710937148417
0.6579358286211295
0.6419402158662479
0.6451097417559831
0.6806799331953188
0.6276782840483376
0.676178415479744
0.6177206725848823
0.6461734991637083
0.6852239627820124
0.6949383295486211
0.6524576300284173
0.6167535349764681
0.6381735661124835
0.6223248011382759
0.6608982754263707
0.6450865249567737
0.6260913936028364
0.6122817337806455
0.6367054841842241
0.6466287108136108
0.6022735233411219
0.6463215096144995
0.5706755565507826
0.653968170963503
0.6069037181949751
0.6236024405041624
0.6089830236676933
0.6399526426313787
0.6479859132708168
0.6488082971736668
0.6069577163898778
0.6293663851174996
0.6174367638908173
0.6496493993391895
0.5949637665800144
0.617443196932096
0.6280197269018216
0.6196361628648985
0.6238505640910531
0.6344284365916296
0.657780473202901
0.6206728531121806
0.6560585900675255
0.6562403488880134
0.676297743551136
0.6555925242292133
0.6725777469688574
0.6164837021628002
0.6306561019409861
0.6264725519412917
0.6481075640518357
0.6171346921221229
0.6320934012359006
0.6722034585586334
0.6468880600687832
0.652576602331021
0.6571701980911191
0.6386312081063917
0.6890922258914742
0.6698007352239663
0.6745119077527856
0.7134130454732616
0.6685206333470012
0.6703980520287792
0.6841790261935086
0.6549981614231436
0.6367733358990821
0.6749781948389216
0.6833551868753068
0.6912002053273956
0.6255813101953303
0.6486175986503737
0.6428266371689604
0.6368142082212656
0.6419681950976915
0.68145347914826
0.6364771065335917
0.6587253684278556
0.6558130614110959
0.6068672183920675
0.6445209316571715
0.6182176055494695
0.6218325323671589
0.6782434275858845
0.6858726841011862
0.6480454719364039
0.6680723931900652
0.612908679364554
0.6137233327664434
0.6439214826298716
0.6116448629045481
0.6454049637724518
0.6484742055835613
0.6409953223801881
0.6070046764516603
0.6428926827637014
0.6765518823977363
0.6357445301233083
0.6467889712485726
0.6560094967458334
0.684600125564742
0.6563164507324653
0.6814324483009494
0.6744816243970498
0.6320361493396144
0.6512081082858906
0.6619695265801934
0.669678550825777
0.6330862327491589
0.6875185598588696
0.646606138424349
0.6413787982942469
0.6374887039281611
0.6304894699095938
0.6735198698062754
0.6717305553250771
0.6662878291157577
0.6342809026000675
0.6381474123365581
0.5844546325896898
0.6424613735301763
0.6280633005534536
0.6119543074886
0.6517162411062617
0.6496213852036908
0.6292120022136094
0.5870861919590727
0.6544449748537776
0.6197869055745401
0.6398697995674216
0.6852971310447927
0.6842274901363333
0.6440371679549624
0.6338572184041772
0.6231496452901331
0.6162449625783091
0.6307565751916561
0.6426300450664382
0.6019380392626097
0.6332028006978916
0.6103327478366783
0.660680296430331
0.6349260585232174
0.6228192764481741
0.5873468465092342
0.5769088350121047
0.6469732268070699
0.6359225439611588
0.656855255430803
0.6484667274474032
0.6103364010496206
0.6764977441778912
0.6491315643209509
0.6446952181847027
0.6171405945904984
0.6629728824079877
0.668159746963894
0.6509241764610751
0.6290080141664234
0.6288346472577385
0.5797231072370694
0.6154268793643902
0.6635097514391419
0.6080418142882111
0.6509379054977806
0.6559438733433223
0.6321515898409541
0.648044398270743
0.6963538734161917
0.6486871488783158
0.6606253787619442
0.6380385674739819
0.6404416245960596
0.6575701872700007
0.6508790847313242
0.6657474876251767
0.6948829111197635
0.6567537090634067
0.6358038970830661
0.6489383088186247
0.6490905993382524
0.6824722369573303
0.6251211194035169
0.661850321297095
0.6743197607079272
0.6688508571173386
0.6594889032458573
0.5974532131634712
0.684550692724149
0.6986167796645415
0.6435854297942099
0.6556733116712845
0.6269597427080883
0.6447052348089689
0.6672592019978616
0.6079212596539963
0.6673248968377751
0.6635143959894503
0.6474712419476114
0.6587081889210814
0.637086954796396
0.6574019512308834
0.6495301236966071
0.6488034862562958
0.6144356857603049
0.6800380950854089
0.6616429429947434
0.6711708367177278
0.6181823713260916
0.6175405436968328
0.6561449796977695
0.6701303732619126
0.658132353474728
0.6315672541142465
0.6695865342442244
0.6444207851428507
0.6384580869682063
0.6571724477404648
0.6566964980325256
0.6495933367306893
0.6045562209408234
0.6493754339175655
0.6220786687724755
0.6778842303608401
0.6672309985476135
0.6764603133128473
0.658517018335472
0.6348374421051616
0.6628827074147631
0.6541598090371089
0.6794483280172834
0.6386791080408547
0.6650237676804758
0.6687862178863577
0.6489617432571088
0.6356616707497472
0.6876382162989307
0.6588397158972897
0.6712501169231996
0.647026253750026
0.6166675131342163
0.6062013675658938
0.5889754820636062
0.6152818607185674
0.6237243547312208
0.5979156534801645
0.6384183763829301
0.623166347558193
0.596701678046661
0.637555413543019
0.647413287268755
0.6555408081518165
0.6545836442281319
0.6624039462313301
0.6255467843571376
0.6933408233128786
0.6454632368919958
0.6471910062672939
0.636630904716701
0.6397638457611631
0.6526796543483597
0.6541229147268999
0.6305588296028397
0.619004460850919
0.635077906431223
0.6524591300842262
0.6637249766332333
0.662195674541019
0.6502902182125647
0.6604453118643147
0.6378473026337704
0.6246211942908286
0.6486125968478226
0.6294469217380133
0.6251804260993499
0.6259222429115019
0.6171355526944818
0.6042089136835742
0.6841787971364054
0.6358246663693753
0.6478322755996936
0.680400922296286
0.6643431868064326
0.6390739244932325
0.6779085454080449
0.6531828872621053
0.6736967786283162
0.6658283062449115
0.62791839909285
0.6534005078564205
0.6441686600949539
0.6389594338394589
0.6302453814111406
0.6572902999328736
0.6423369765923449
0.6310458443536024
0.6730954391564804
0.6615797819086321
0.6624085848770204
0.6492399522593991
0.6213223382723769
0.6390747913237538
0.6349185162937807
0.6237414340718503
0.6212016841128846
0.6401057432853404
0.6371680147781456
0.6382287596323611
0.6456057128001051
0.6572704136724608
0.6397998408297673
0.6363645641611725
0.6368498723681151
0.6628647366063132
0.6607049183524857
0.6609509377027173
0.6953208614491184
0.607906181918683
0.6188997554557449
0.6657810636815834
0.6516439467623126
0.6744878530398325
0.6697804382677941
0.5941994967492851
0.6538703707578156
0.6198466810429176
0.655210964519556
0.5958988201419337
0.5885520595231377
0.6404530293224765
0.58894193583491
0.6210541853221051
0.5447199588122664
0.5928968445185656
0.6225736774652655
0.6055918032221941
0.6329812498280162
0.6154990016325558
0.6283942689035384
0.6321473361019463
0.6300273019930401
0.588160080320569
0.6511925678212352
0.6580563072020856
0.6236177599619634
0.6450816851966569
0.6599871847772554
0.6350217135823158
0.6314143192126858
0.6355116135408468
0.6234791907521059
0.642156815090989
0.6672583135169246
0.5874618933554089
0.6167991119318736
0.6761878720338282
0.6226502348671696
0.5853759276364902
0.6152151140720725
0.5755917610290641
0.6351153309919683
0.6304520706089295
0.6423598176150851
0.6431467511308971
0.6044063457261755
0.6365473505320567
0.6232116730618188
0.6320769253188434
0.634482771621045
0.7133437289964865
0.6827058341158107
0.6409179428655246
0.614444410351218
0.6560839900434595
0.6468730542274294
0.6032769052197966
0.6608482274579492
0.5969064045646155
0.6486847501143378
0.6960204352675228
0.652650978163514
0.6302901100183734
0.6391480085633046
0.618823712375204
0.6333111701699649
0.6174914425990318
0.6252464896553644
0.634773813287283
0.6209420856129295
0.6185749467184524
0.6769999703098314
0.6434606156231072
0.6945298930562404
0.6664830736015475
0.6911620603067807
0.6536805277617026
0.6467692198056515
0.6033228989135866
0.6269143858035148
0.6484208649288594
0.6035736997807477
0.5881309948336323
0.631030767516034
0.6213307549328619
0.625367401508791
0.6329260870407327
0.6515104136023802
0.6026947782807037
0.590747726949881
0.6247084783756208
0.6179618739106348
0.6202008417659246
0.6207468734958765
0.6171182972991358
0.6340344053109618
0.5992960727539725
0.5959363481118084
0.6458453307427325
0.6402947618633016
0.6142338983120912
0.6648129297151756
0.6460635046024356
0.6095005370366392
0.6137073131253736
0.599775325845886
0.6227351785862181
0.6148882208214735
0.6020268434958199
0.6032371830005111
0.5964612602698971
0.6361056241696514
0.6077105057811517
0.5916367783410816
0.6395367565514651
0.635900650397063
0.6414853430769426
0.6401006823047071
0.6482499791197279
0.6429272464688308
0.6131595025900856
0.6229059670341728
0.6524444386455859
0.6622080722628616
0.658840002422017
0.6169725190069396
0.6102751722484875
0.6780127758020412
0.6567238894230856
0.6180481445377569
0.6327975367131328
0.67052312463408
0.6778771524343742
0.6656057516319855
0.6652284821509807
0.688267945504397
0.6354884043138633
0.6322676784604229
0.6443086740740851
0.6555466520400742
0.6401585024536535
0.6554829067983715
0.6097452843800483
0.6450806082331532
0.6468297865236621
0.6517467953297812
0.6354884043138633
0.6308814417087293
0.6572455162121648
0.6751428958984377
0.6425038668403062
0.6677097602393854
0.6718404833695868
0.6673702874418883
0.6811511205545016
0.6905654752190727
0.5872604456055922
0.6427838489962951
0.6177724659685415
0.6243074731412871
0.6118405436539358
0.5852801656393951
0.5945238169450048
0.590796529595068
0.6253147064965843
0.6080605353029572
0.6088133686905416
0.602848488488961
0.6430613778048638
0.664467621263745
0.611367159950017
0.589201543802929
0.6250741472253195
0.6379789118426512
0.6346949525553749
0.6153854718543795
0.6393789587663056
0.6321580113565428
0.689753145160014
0.6098031369673503
0.5967617169393674
0.6556888980218193
0.5895774088486746
0.6365935659398884
0.5931483142609538
0.6255844726471587
0.6269677804227214
0.6057878037139894
0.6318809089897742
0.6274390309189336
0.6452316633618126
0.6270513058740033
0.6358762265242864
0.6586903141999374
0.6545777565213707
0.6831208729274364
0.6411690760291463
0.6562275848400153
0.6401666633328619
0.6598022865917044
0.6733878196257148
0.6604592034091479
0.6456261705177796
0.6247174447449265
0.6601102016053791
0.6612109586768387
0.6613431388296347
0.6638516567232337
0.6386864293843447
0.661780236182404
0.6462259044814731
0.6460162703837996
0.6204753672340615
0.654037031914718
0.6370625810415772
0.6071284674437888
0.649120992650542
0.6579296446211034
0.6461588802663717
0.6535342877363463
0.6514531275560744
0.660522276032862
0.6478994493752864
0.6568046471196684
0.6505581180033506
0.6318593234257319
0.6611229355352185
0.6146207979955957
0.6540222784326789
0.6339788800063194
0.6323985454856987
0.6367220376945317
0.6337667125621221
0.6289368864063286
0.6748081135121329
0.6716204599778421
0.6023632132500304
0.6125536757615857
0.6617137055570306
0.6897897305205299
0.669782988688275
0.6321183291436097
0.6455901480644816
0.6831916464101566
0.6099026823692634
0.662034289840334
0.5942742344518295
0.6324737632477448
0.6453009905502779
0.646862388318181
0.6613744011069154
0.6476464617375084
0.6471263611957441
0.6508810705148556
0.6153496951195906
0.6777928940050502
0.6904440301355583
0.6723938586129465
0.64724504044029
0.6642941421340459
0.6630621027395409
0.6935512259412977
0.670142179015139
0.6554741882962053
0.6380282837639915
0.6831312191165103
0.6514926428802001
0.663518771214306
0.6612021053883346
0.6394086646008107
0.6559705168253014
0.6555788782654011
0.6458287684448687
0.6171182972991358
0.6676445850625126
0.6506531269302953
0.6130496342937278
0.6611449862460658
0.6652995691539011
0.6521302113831378
0.6267056481476981
0.6075279097449926
0.606994489049422
0.6364330243893689
0.6418870393151554
0.6431115739272714
0.6128278550298689
0.6373555725932669
0.6015837486361366
0.645325597107812
0.6121691996635698
0.660601522156739
0.652478158596002
0.6043202976928991
0.6526364049780503
0.6690520467832305
0.6286318064715912
0.6686014107822116
0.6002532820339656
0.6218326937065869
0.6317076559853633
0.6544415633657048
0.6148040886602308
0.6252990352937057
0.620392803110522
0.6312419418465929
0.6311206214162854
0.6357495082061514
0.6374341342295055
0.5873879450568937
0.6334878129451097
0.7075894525166567
0.6068856429672473
0.6255885702945948
0.62790133787448
0.6678000071353865
0.6189337985896836
0.6392992278316363
0.7037800181944809
0.6858661249488851
0.6370679063802297
0.6496965603740628
0.5994398844949695
0.7024621851684968
0.6416185301611318
0.6343991017236302
0.6361023509715193
0.6492584585070245
0.6608795094096729
0.6409022041626704
0.6555750024272629
0.6480393864866969
0.6354871976486383
0.6265490523833797
0.668059451187914
0.6846178810762255
0.6704478146731268
0.6611331641557626
0.6781839041578438
0.6713866822446339
0.6651958471497592
0.6565363387166234
0.6390748863745179
0.6290511158158738
0.6405996819345131
0.6515007332079108
0.6404303907035263
0.700244925608754
0.6758785748419328
0.6205471120376432
0.7367952547436761
0.6784005114141194
0.6569852521801077
0.6789414390336745
0.6681825179062707
0.6595686005955702
0.6584531340891733
0.669182184633223
0.6685698922145462
0.6489224938475229
0.6389521382605513
0.6885370294201407
0.6658275114268144
0.6679268287764724
0.6269728923342641
0.6241486626237125
0.6715358811325659
0.6470778181307891
0.6800299698840708
0.6447144426707422
0.6461454815035537
0.663686944509016
0.6949252112348268
0.6716791602878562
0.6816954963709458
0.6489881804150888
0.6796141390919003
0.6359222757172467
0.6851366145883895
0.6779149055984806
0.6433529980664415
0.6766769032310128
0.682791799966269
0.6368942164263559
0.6271889425624385
0.6722913864603622
0.693676747809995
0.6094516113197427
0.6649015737011412
0.6672315343370585
0.6704965651187794
0.6909976607890416
0.6582249481529328
0.6664517627633211
0.648827880890909
0.6778749467556793
0.6510715318074535
0.6243122309582754
0.648827880890909
0.6040508017043166
0.6764955009630077
0.653057422928419
0.6577543627925287
0.6751482742232905
0.6412485763867073
0.6695158877808727
0.6656200245907701
0.6787392664013522
0.6536658088720042
0.6242620080416548
0.6466555053487169
0.6645832184373007
0.683549864025247
0.6486793868112724
0.6674023995541796
0.6466565713903125
0.6502187190376261
0.6487957142519767
0.6342761796707911
0.6841551856490152
0.6415596928007345
0.6738503766474558
0.6701945338191093
0.6519366245894818
0.6567407127567852
0.7004963073527845
0.6695873868430348
0.645058382844426
0.6375059799065466
0.7156918796944266
0.6258358078666241
0.6746325150899334
0.6831406848670287
0.6592954369172356
0.6770584663576671
0.6807109187725989
0.6394175839791124
0.6523084914247784
0.6905425888643489
0.6604937419320129
0.6913919602112661
0.658989787915986
0.6484131166642979
0.6346199316571027
0.6443205635760424
0.6009955496056238
0.6760951543443187
0.6702511166228393
0.6743532493979062
0.6614287547576124
0.6796785680685515
0.6351231372041537
0.6414100197903864
0.5981148860200701
0.5933213682539565
0.6716493214815162
0.6219317596489476
0.663060345029999
0.6550127879406552
0.6624728522529252
0.6820562652183149
0.6517374590946985
0.6330999673502935
0.6985597601964916
0.657586304437523
0.6311561982359015
0.6975566846760003
0.653040159515398
0.615557669073354
0.6670043165878254
0.6784356033631088
0.6518610754291619
0.6467370097333467
0.6690143435284972
0.6359334017679943
0.6473409415737118
0.7206804810398698
0.6914988763122174
0.6901486067078201
0.6484097567087129
0.6036469720290225
0.663518825236639
0.6283915772673739
0.6793490210107914
0.6520246845564914
0.6223461408051796
0.6650188187853999
0.6764655404428919
0.6770224140873458
0.6727899967899743
0.705791001057896
0.6674095055805734
0.6577338982994787
0.6986375121735554
0.6762616192602323
0.6326073053934391
0.6347896954326457
0.6578320063106134
0.6782845867101194
0.6263855672897128
0.6162173939441619
0.6019091238691598
0.6328159382479934
0.6372812482695368
0.62418386474085
0.6337533286189134
0.6189234751168646
0.6365322739871142
0.6057170890516832
0.6249682408355448
0.5983127627595064
0.644133517876685
0.6789866582435038
0.654753408923687
0.6470873259103801
0.6593540488691261
0.6539325643752705
0.6563641820180691
0.6311003453022743
0.6908614688034315
0.6297130052091096
0.657175827994611
0.650410777162626
0.6325717868057172
0.608441061863416
0.6430969193589958
0.6369854141504694
0.6193898718838687
0.617851676487982
0.6873321283625585
0.6604108828462787
0.6496325847274511
0.6215091960266133
0.659435960376234
0.6490042490168941
0.6685970477782218
0.650029365697179
0.7142703869301454
0.6687735982917572
0.6879451271844068
0.7305077139306351
0.689491541457994
0.6477168596453163
0.6506073985277421
0.6245176262355718
0.6155792298895336
0.6663780121246691
0.6173292829211818
0.6460918849665518
0.6468817081043317
0.6288027300430188
0.6248000424744585
0.6428052126117071
0.6623956657957902
0.6201197290931033
0.6462418004118795
0.6273343063613626
0.5977476667789922
0.647888950860863
0.6563815794825948
0.6249928763113954
0.6504098807104431
0.6543771996802809
0.6278252758996935
0.6083571770628795
0.636570465829223
0.6421018495160153
0.6307778836280495
0.6341177727528423
0.6656496105289874
0.6461826352989168
0.626819175891355
0.602544009252184
0.6478487124654589
0.6571236363450672
0.6632427729956353
0.6639915764712133
0.6581738066418682
0.6593954528834425
0.6583444443237458
0.64183630401928
0.647438652839663
0.6087534174379852
0.6617251348519846
0.6175076959621013
0.6483351245391528
0.648832371714887
0.6221461871072416
0.6262183778682759
0.6558633496019066
0.6725668267377851
0.6151680709124985
0.6752152624985609
0.645380014333222
0.616609328932674
0.646578010023157
0.625207782916385
0.6225159978002806
0.6549370065270599
0.6633134631895439
0.6355538761119758
0.6525032236561226
0.6693244214364862
0.6261631728675368
0.6675388970407221
0.653935473839244
0.6343551167748561
0.6744421476410274
0.6338586691159872
0.6450029823510633
0.664343806974314
0.6561597935363084
0.6731012050193627
0.6426109359849885
0.6184980030711139
0.6397603692094658
0.6600410484227038
0.6251922792704898
0.6678220904828055
0.6054157899097684
0.6676623521357954
0.6794542703333071
0.6565859583375417
0.6709398294413859
0.6621838166888021
0.6247097246587028
0.6612325513146982
0.6430325259231532
0.6537380118201829
0.6339918506107767
0.6749232117603247
0.6646504146016076
0.6173520107492028
0.6207001933426908
0.6325364210330164
0.6553745717504016
0.6256166842050332
0.6212317310560589
0.6430736394660195
0.6331809264662578
0.6520668775811159
0.66460109438892
0.6341265031143472
0.6326669638682049
0.6658378183166557
0.6061438317664446
0.643599641201879
0.6563195574180579
0.601474586036767
0.6653846161784261
0.6390972168734691
0.5997962668395546
0.6023755779462505
0.6419878044586028
0.6538281229034614
0.6428241149531441
0.6225974757258103
0.5959737687598049
0.6640787955741401
0.7022478235540517
0.6695404714166737
0.6252622945997204
0.6404533087153484
0.6078148332994571
0.6026989211331809
0.6252181759586246
0.6387767363496679
0.6458029919246296
0.6071103997242108
0.6425543504911698
0.6113972499352025
0.6550538138134191
0.6435730001401732
0.6199291762242355
0.6511793570995059
0.6839625057576892
0.6510936700690083
0.624485785508268
0.6664237139303817
0.6197351835721022
0.6524635514406303
0.5988075197293773
0.5989539047483069
0.6388105739945777
0.6394328883930314
0.6566280458052649
0.6679385990111434
0.667646025558153
0.6375679902073187
0.6790850677107532
0.6539369959942639
0.6572702405837976
0.6485574411068792
0.6444185578609554
0.6367417204944703
0.6303558363866355
0.656292795186029
0.6874090783091548
0.6750527649488712
0.6452108238551176
0.6549302470808963
0.6768825806100276
0.6534518638713247
0.645554751159361
0.5988536064005497
0.6481864997072881
0.667588338555233
0.655052608226904
0.691458203495195
0.6506077479772144
0.6602971898520642
0.6286695450317046
0.6238321624496267
0.6008644970773867
0.6237693405051181
0.6496476605784445
0.6351134530503018
0.5832030225471833
0.6273758905105054
0.6301726964557061
0.6292345373639028
0.6560359465080037
0.6227439683549594
0.6239269405966166
0.642637533887323
0.6580592035777268
0.6543027264619399
0.6595023133420317
0.6582141044676809
0.6485023391998324
0.6973814504516875
0.6742065120281975
0.6430192727971499
0.6548090381077786
0.6509321669599987
0.6497716253608766
0.6291258434732311
0.6307327174836954
0.6322309839681414
0.6567013735720405
0.6384596009973794
0.6504776872997504
0.6621303244561645
0.6424771716950761
0.6854472149422285
0.6346170567003568
0.6242179022750866
0.6344360690726554
0.6252659587456492
0.6722310788189636
0.670562390266383
0.6478021966392787
0.6628102692301271
0.6614526472419406
0.6327681678185799
0.6366683603766461
0.6203133098861472
0.6173511041329606
0.6241646492770516
0.5998475133195014
0.6819864858321519
0.6732525207701743
0.6556783196283301
0.6831651241218323
0.6751537811056711
0.6393173254699575
0.6867553195611975
0.6707793230585302
0.7112795274710862
0.677469746100946
0.6939857048824107
0.6461693035371198
0.6396682826868342
0.6644589570335486
0.6746138304108734
0.6763528194747213
0.6521572530906096
0.6814413465875169
0.6553274278018305
0.7103536006512656
0.6661280618320103
0.662312698223359
0.6379196192729946
0.6502298826452043
0.676786997382658
0.6319662211198029
0.6366911455958112
0.6354396393671599
0.6847045076994444
0.6611342477583201
0.6692384002150399
0.6603987273037012
0.6713145914583184
0.6217559597459903
0.5926840147073139
0.6636841786711654
0.6387347645350977
0.6550946449605206
0.6394535594568448
0.6281621904034204
0.6802650493706561
0.6547615307401786
0.6792748829008628
0.683265457597272
0.6786830429910171
0.6775137596263129
0.6808783127957215
0.6836801333532504
0.7014706411077473
0.6305976335258618
0.6266299202931288
0.6351455394844079
0.6351019121060403
0.6700357700641353
0.6820403748719738
0.6653087126360115
0.6552911512479236
0.6320838875133369
0.630498644474951
0.6323400510547155
0.622382661560305
0.6306723493910066
0.6224491000900525
0.6135442302450036
0.6466921308578165
0.5973136956206925
0.6300433866117726
0.66662635511455
0.5991872985584806
0.6522057265037092
0.6487833680415028
0.610589596880976
0.6400588078870532
0.6317930691275736
0.6470890201325995
0.6099091797573432
0.6406051060591981
0.6552651901958
0.6213914831684028
0.5645975853234002
0.6055720902272045
0.626479357930041
0.6377384845383096
0.6199096263410176
0.6257041817058653
0.6067000782360223
0.657082686604416
0.6330496642422333
0.6328862348479763
0.6238008211545659
0.6170724502333966
0.6116465606166614
0.6251736316909902
0.6190817193939532
0.5676285729593317
0.6286521540842915
0.651784356462859
0.6409863935540561
0.6431117144646198
0.6506551271547532
0.5985175280662111
0.6595460416883081
0.6054851185105024
0.6152253523506441
0.5891140788070316
0.5954177921285185
0.6232889541620791
0.6000529084928221
0.674747242998254
0.6185204417646001
0.6067421078040866
0.6473118669041025
0.6588922540950813
0.6346662144027193
0.6463511378217441
0.6286610611954936
0.6379850336482018
0.6283341038787913
0.5720644150523291
0.6554507699794924
0.6180435464733557
0.6432117027074641
0.6339998680421628
0.5963132261193882
0.645519988228862
0.6143718687291737
0.6509373564561735
0.5952802084226162
0.6034308549854112
0.6059959532963248
0.6205004863757665
0.6219058845353516
0.6179532309296178
0.6582174676026282
0.628859146833998
0.5945396771568527
0.5842305282848759
0.6160890844273853
0.5966824218247548
0.6401650517581481
0.6360554595217695
0.6836823793360286
0.6265488714140103
0.6482259868122753
0.6572411573533836
0.6663140215549782
0.6026255315573841
0.6549953047128751
0.6801189589977605
0.6320988620034645
0.6571190072938937
0.6883869501191288
0.6721270440686657
0.6325264382001382
0.6412997699069458
0.6482022430807249
0.6956044768988483
0.6729454187656229
0.6759029942621566
0.6603542428627505
0.6835218596277071
0.6960595349420916
0.6255692920245296
0.5975948961040928
0.5622071968232852
0.600240455255589
0.556838717840478
0.6156216846633653
0.6498975502715186
0.5879940258691959
0.6231959731650216
0.6389381362368403
0.6402808736296155
0.6317498269581255
0.6256703684755177
0.6070452801681259
0.6220461568493642
0.6196132102237798
0.6767166461677333
0.6085393495029041
0.6526608401782897
0.6556834575469215
0.6445475139253309
0.6301525644242886
0.6539883935837592
0.6555392437424011
0.6447060308869791
0.6597628718078935
0.6480940449467454
0.636430063852238
0.6401071814205183
0.6305686940570967
0.675624189130636
0.5969039764558863
0.5711262341227892
0.626438630147939
0.643539038228555
0.5998302233009871
0.6267037320854867
0.6312264217533878
0.6628828960670119
0.6459996673604722
0.6613274942620513
0.6761919136237945
0.6538905603272961
0.6794077425221189
0.659588691001317
0.5982736479013957
0.6323121343727305
0.5888785777244844
0.6545643226196677
0.61215961395549
0.6648727390698479
0.6634648574221742
0.6372260896657677
0.6451259745827501
0.6114772584357384
0.663439601660749
0.6697082773099977
0.633819339290743
0.6634292352801717
0.6733567403953625
0.6750452510812538
0.6410795396454043
0.6333402642672079
0.6735804186949889
0.6543641330932264
0.6644364627268448
0.6525544660903413
0.6101200741644578
0.6613470823201845
0.6230801377884005
0.6646616374877444
0.680668088747979
0.6308384193765033
0.6884315913295608
0.6725398252473448
0.5878837422376849
0.6570105564297684
0.613125324470923
0.5985322990317857
0.5948276834131749
0.6324208661167543
0.6490324678002365
0.6011312526152434
0.6237750217059522
0.6216723127962012
0.6123947249847723
0.6194457141314784
0.6431545126336982
0.611124994402671
0.6229702168669272
0.640376905135709
0.621661635812364
0.6725948749046642
0.62333033787603
0.6138105351138085
0.5970265010222047
0.6393151091986227
0.6043683985113547
0.6492749565176592
0.6481729482657852
0.6369065813109043
0.6102525611834848
0.63587370607806
0.6390243884482031
0.6339038956896413
0.6181825033106911
0.6694106600254953
0.5865403483510109
0.6198758549672363
0.6047584782885843
0.6179972158228301
0.6073173732602036
0.6186410914570258
0.5835812856435024
0.647724023398741
0.6712893905511411
0.6685787597074404
0.6450270786182671
0.6351317727049425
0.6396802855882787
0.626385355645504
0.6298555042465335
0.6240774596267036
0.6476514344044461
0.65003522868702
0.6219277562039079
0.6281451306599107
0.6000388620981811
0.6520603506891623
0.6529589311952858
0.6916397385828604
0.6190100750302092
0.6164834461144717
0.6705923563406416
0.6271728330356969
0.6112129507638652
0.6391205508522012
0.6576592874904382
0.6538211655710856
0.6721804983628761
0.6532568903767233
0.6589502350661534
0.673233588366028
0.6222090980494172
0.6701907660302299
0.6380800305435026
0.6222910474268665
0.6850086224522145
0.6847460282868204
0.6698954195478737
0.6884588584463303
0.6470558341520178
0.6331875685367866
0.6455156781053997
0.6155348949702311
0.6610161383998971
0.636944703586827
0.6842693010967368
0.6112692563095435
0.6542249257500478
0.5731163405149168
0.597063413787353
0.6524970851729179
0.623344336398559
0.6461207310115418
0.6331431629281521
0.5845429023991715
0.6103495702211846
0.6411751465987376
0.6239077938471964
0.6382285397400508
0.6640877962116579
0.6330784035415142
0.6201075635686849
0.6001865313331457
0.6559969545486841
0.6702334715832621
0.6223010752361303
0.5801302166346644
0.6050323484790326
0.6454447376654142
0.5979999484061418
0.6322971494027926
0.6443733892909491
0.631791640937207
0.6028487684766937
0.6767381403565151
0.6196680087123694
0.6403688383154423
0.6290399087289817
0.6392061134021103
0.5962460722405675
0.6105284731392261
0.5911535382605952
0.607959012490829
0.6082963614168413
0.6528822079241963
0.6653606762926092
0.5937149870930931
0.662012689673887
0.6014907668499642
0.6160247142300909
0.636845690056236
0.5875372963439494
0.6679771994193476
0.619139134887504
0.6788612525185455
0.6566329230589414
0.6589797196040926
0.6413351876688301
0.6375544924506524
0.6543717388335071
0.6492243141706759
0.6532058125530479
0.6252515175826756
0.6582882943719898
0.6867999213124362
0.6526089964241394
0.6293399620526103
0.6170623930497998
0.6248612223004955
0.6423914729409265
0.6409196360876905
0.5915687781792685
0.6551620286305153
0.651595366108966
0.6407051718604099
0.661768539112666
0.6328321356579797
0.6414512946391698
0.6260153531814833
0.6216728851679211
0.661768539112666
0.629883842538028
0.6709848648319277
0.6739526371020087
0.6376134335844204
0.6381751489256752
0.6200585665995928
0.6203512787832256
0.6337094481137088
0.6436120909828117
0.6277386419455337
0.6548369824930531
0.6531830337656905
0.6171735788828652
0.6116653559229943
0.6344579569382025
0.6578486946560891
0.6658461053911128
0.6454831757758736
0.6963287811235583
0.6638230351954214
0.6409563230588626
0.6647711359725668
0.6673549361221073
0.6815130569378401
0.6452610063575821
0.6641058008190074
0.6378734325968229
0.6529770094514783
0.661106683047195
0.6655618480732217
0.6402678589639428
0.6581738476483637
0.6297058769966575
0.7043042623554038
0.6342487672231563
0.7075557338702338
0.699914106352459
0.7005170610161505
0.6647882078468288
0.6540102012565555
0.6534659512167948
0.642252372765187
0.658621338606426
0.6325859011450571
0.6280381768971456
0.6630986739967275
0.6303364306669015
0.6687076099369141
0.6338806917835873
0.6691247104414418
0.6384635508487141
0.6847035216492915
0.5797257035964395
0.6661184100555305
0.6581485062401529
0.6658547525592216
0.650222352537353
0.6837166631219777
0.649194805961937
0.6730945519157908
0.6487959531950378
0.613546968670134
0.6825970909648815
0.6104098278553902
0.6589980368360837
0.6187307878245257
0.5929022948445712
0.613503357683039
0.6570785497890327
0.572148317614966
0.6111264099947896
0.6431140929652733
0.6406033833930467
0.6571325795815217
0.6374130617715242
0.612304372381287
0.6569002342878901
0.6486738247083638
0.6139860331500682
0.6473879124907211
0.6366505277705187
0.5939037059449366
0.6254130963179522
0.6271257396317284
0.6661876491950038
0.6368069740798086
0.6009347718052466
0.6445892321475347
0.6294699744149207
0.6779074916531415
0.6842788731003359
0.689901824199365
0.645049144151347
0.6326598089700068
0.6250889691028152
0.6393452548664107
0.6511814980509282
0.6123723520351794
0.6564093335578121
0.6577288517418663
0.6385451795564235
0.6095976343074272
0.6148961881681851
0.6263966512050214
0.6093088952376688
0.579456935023357
0.6054523676878109
0.6245155162012815
0.5740959061066824
0.6320088559362146
0.6703457033854144
0.646551625192334
0.6112535499740505
0.6234060895538797
0.6269863484276543
0.6383902613232284
0.6106452369509139
0.5954214078415412
0.6469366567067288
0.6063656598949956
0.6538466740950338
0.622977122874178
0.6473839749936101
0.6561199766914718
0.5748184342438503
0.593404809212775
0.6272684336985215
0.6205104152302003
0.6421526205066095
0.6168597493694488
0.625011146199126
0.6535657603314322
0.6021064022952806
0.6245334010275075
0.6334288914085475
0.6322134189006913
0.672426293214285
0.6047930433826424
0.6545412317010176
0.6211393796384247
0.6521982197954459
0.6180435464733557
0.6432117027074641
0.6515629072883327
0.5804271190432424
0.6499404501816529
0.6262720790985835
0.6488618872339126
0.5952802084226162
0.6092303023229316
0.6187058683353036
0.6219058845353516
0.6152951142507412
0.620310039525018
0.6695635303533022
0.6670473907887353
0.6466510667668831
0.6191933072348824
0.631972415519142
0.6335896112817259
0.6098896481841078
0.6445586369428793
0.6680644700971633
0.5969988857021595
0.6326106391534391
0.6458838056078402
0.6428514147060068
0.6208247966312828
0.6326106391534391
0.6458838056078402
0.6428514147060068
0.6618562685183184
0.5839993461875168
0.5907995408251829
0.5866657226883212
0.588018756916399
0.6198839979396035