0.6166202900317804
0.6555268493150369
0.6274562194299312
0.6572857509946605
0.7120847105817225
0.6984599096070502
0.5751857393193669
0.6302770604835299
0.6084265607527249
0.5740741216036745
0.6442579732156251
0.5878610220009695
0.6448600706555663
0.5641889397368844
0.6297807208640858
0.6221356633628777
0.5731944514738042
0.6075277010902235
0.5935509994509958
0.6049797740613782
0.6238169666448641
0.6040578777895442
0.6347833335716581
0.6103948864233896
0.6006999916609069
0.6108735132267187
0.5855857515686641
0.5980409794061722
0.603091614427896
0.6018509243216502
0.6373869024096235
0.6250638458731583
0.5499124322650664
0.6190568699207301
0.5442891089483612
0.548391265853371
0.6089107932047836
0.6155767224943844
0.5922582902760455
0.5852890656095682
0.570200038231096
0.5991385679171795
0.622125343290046
0.5907611086113872
0.6000742792284536
0.5746103843668682
0.5903791126141129
0.5745100685121762
0.5737714595213942
0.5964963943900731
0.6052979826963759
0.5567371400742832
0.5424899218081976
0.5622950808335229
0.5605890653064229
0.5766280214121557
0.6531081357377323
0.5859029121293369
0.6004569577135571
0.6410936712426195
0.5998862690878922
0.5305830235917127
0.5739944329349291
0.5892857502708191
0.6214647152760884
0.5896774987125115
0.5506243289542121
0.5848487140823461
0.5804666318626177
0.5555641600120222
0.5944451263822444
0.5844386479544672
0.59108438731928
0.5649150100710655
0.5535359716609954
0.6442049674234797
0.6273912041418288
0.6055269758553881
0.6682032522522128
0.7124816975982347
0.5926004340854952
0.6149312222362026
0.6086065648656223
0.5883971488628033
0.5907472051243724
0.5938782869905789
0.5973139563452604
0.5971897076496089
0.5846205148302376
0.5622489112651559
0.6547288139785836
0.6177392438364352
0.6268309715984409
0.5890941679794477
0.5725084347732317
0.632823211106726
0.6335953526815815
0.614908834588484
0.584693618855617
0.6217666258883635
0.5921703407008355
0.6254333614537504
0.6514775832156932
0.6115488962018354
0.6075213175659041
0.5817023737445197
0.5874770208926188
0.5682383613702012
0.6169848157755699
0.612946514075211
0.6098445895661446
0.6079543580557573
0.6391972680090863
0.596159537522611
0.649553216415864
0.5568473609947945
0.6164276330832213
0.5921140862450541
0.633247047703306
0.595881242857975
0.6229593448147226
0.5806690283781831
0.5759896110845941
0.5870572495054938
0.6292167851358791
0.6420548244327877
0.6262981937664324
0.6059089641289925
0.6074825886618986
0.6501897443624237
0.6481173099813503
0.5828473396426412
0.634888464493054
0.6323999228898128
0.6097119197965094
0.6102628995892627
0.632697797603088
0.617793256443406
0.6317177763935593
0.5898685435123117
0.6216853058515116
0.6476865627527036
0.6035500433599563
0.6284646814890202
0.5507030953307533
0.6312262029674555
0.6785439806013633
0.6342981527539695
0.6207588744333469
0.6454499086087477
0.6339673228051225
0.6180737480780949
0.6512663356316394
0.6259629519762975
0.6152040164027784
0.6323347896513266
0.6309613225558204
0.5980764773466264
0.6733605094878703
0.6585777717432256
0.6644195084404793
0.6541773980078901
0.6322043466080594
0.6291459108942922
0.6689872748064996
0.645490560287338
0.6392014561373098
0.6488071325038612
0.6220139532156089
0.6386513200758026
0.6273490289046574
0.6505324451294899
0.5838573590804934
0.6185281584714548
0.6474395009974048
0.6131237859916563
0.6321732063349815
0.6454026452453067
0.6263549834478255
0.6804664984576477
0.6306812952025421
0.646726160519795
0.6442380263088903
0.627005882616334
0.6318565077083906
0.6188112201372926
0.6395263906923334
0.6627512946079694
0.657732790599255
0.645621958265793
0.6319268223368005
0.6147756311177048
0.5978099379828856
0.5601390557822326
0.5980210611428252
0.5588715907791897
0.6614242295223021
0.625957794585139
0.615433395482866
0.6113166153094238
0.6424309401187915
0.6059037550721237
0.6247824459378155
0.6205447729678186
0.600677569413371
0.6536263354427706
0.6361934670775482
0.621155113340198
0.646536565231402
0.5937328335147942
0.6268939203300724
0.6217345752218874
0.6070659452543472
0.5741600939836835
0.7161241504332786
0.6037570614460385
0.6181512301214571
0.6356014610616643
0.6610193538179907
0.6312995466313641
0.6017974338326811
0.6044742943906297
0.6264893355616304
0.627643573448464
0.5961084150849628
0.6312579300892157
0.5611220061843738
0.6378017740041371
0.5722112963466389
0.5404529080279187
0.6505697334951668
0.6219440149659993
0.6306228991065067
0.6647273177170432
0.620197499062669
0.6467246299581355
0.6387802398275619
0.6303359726096827
0.6366591148748053
0.6387692768263925
0.6303264665637149
0.6393430671474144
0.6074749281176016
0.6067387470179958
0.6291975434164511
0.6266958574715737
0.6357417522304997
0.6236604590009883
0.6106756198950536
0.6345942320744374
0.6308969421066202
0.6140391316495434
0.6459141739575984
0.6736516577454933
0.6337578626141395
0.6330611696359196
0.683960143855709
0.6110689741264477
0.5976577007797241
0.6241533992055793
0.6484802587353263
0.634771273951974
0.5679535457680948
0.6373896040405235
0.6153123869568036
0.651802713294306
0.6222680869116951
0.6627059124228002
0.5914321624069946
0.6014167049468857
0.6188616797721433
0.6209253956733232
0.598507523144886
0.6332915516651139
0.6216300052324161
0.6094241413201681
0.6333159597695717
0.6261603229676924
0.6302500170003977
0.624734909725411
0.6552237314371098
0.636022882040264
0.6001294580642306
0.6117311199304468
0.623614096776202
0.6047163864846448
0.6032141385050869
0.5914049257200515
0.5938894114544929
0.5849222276739379
0.5953541100120159
0.6195109236612847
0.5930336879098064
0.5914020271566591
0.5445020482578038
0.5370468211566388
0.630670485551553
0.6321802245140009
0.6069664428746413
0.6193194336768102
0.6136468306013457
0.6523432793516657
0.6044115603430594
0.6389225164929248
0.6070189135606007
0.6302721818516355
0.6437094021341321
0.6048596902087446
0.634018574938113
0.5850095646493992
0.6097197115683114
0.5816037283378024
0.6042933552163341
0.5848135428154864
0.5934919644712722
0.590050336967405
0.5529411395615355
0.5824210316840965
0.6374071066213579
0.6090326913308355
0.6119096006424886
0.560828824223238
0.6360070960057627
0.5889064452071646
0.6215998425582832
0.6117756227766664
0.6291581120677501
0.6828184402808153
0.6782598849293499
0.6582633641184714
0.6315003155474663
0.6503901119480854
0.631877242193531
0.6368862855766807
0.6411561561468774
0.6304393314466443
0.637032704740224
0.592000232022026
0.6677977226304732
0.6532858324294685
0.6368397851818008
0.6371488871166272
0.6235662140536201
0.635612390424124
0.6449806503242637
0.6086109430313441
0.6623159582211534
0.6523517358109481
0.6463555643721656
0.6250383697856543
0.5817948936806047
0.654672021316968
0.6595605713292043
0.614571736820423
0.6152130963333523
0.6516752428053408
0.627283840057343
0.6386057473535816
0.6641463391419064
0.5860585572772548
0.6641238928037856
0.6371790317717093
0.6227726548906121
0.6472387179841466
0.6381510792429744
0.6047972379784455
0.620551706482495
0.6203771968264474
0.6114945709093015
0.6028847548113548
0.6438604555657262
0.6523340372044161
0.6250897583914714
0.6512568681380467
0.592925480390697
0.6474087119571581
0.659649285331072
0.6176036805713448
0.6308845582950994
0.6344113229329501
0.6243580329133248
0.6217299424471122
0.6213445443499599
0.6331401178814281
0.6340467655600555
0.6141822333003368
0.624157768209971
0.6413656878575885
0.6191236448950571
0.61823287171201
0.6484801591059975
0.6253701163453145
0.5893645272295516
0.5947506085049531
0.6197574243901667
0.6565392567759264
0.622097813301708
0.6256689244755923
0.6471319331345226
0.6424232467185446
0.6375894225115143
0.6227898434461125
0.6192983463388534
0.6603855420628223
0.6421301596189347
0.6088619334744023
0.5968447965945324
0.650212638650384
0.6428341669218316
0.6558431154647475
0.6498463086530064
0.6404976350229287
0.6337224180787061
0.6508307397119211
0.6385648348113698
0.636276674241551
0.6659777320020945
0.6615415080809658
0.6612677803650285
0.6537782181391502
0.6261976020674798
0.630640844399049
0.6285526859016789
0.583404884945389
0.6654660815070649
0.6279207642027766
0.6670216487973237
0.6165077363042071
0.6357531969608103
0.5956640061290898
0.6462568209340667
0.6579263557044077
0.6070267368817851
0.6702173218181845
0.6587478875563189
0.6590644488847958
0.6386482383452258
0.634376729516186
0.6190931408591723
0.6233921217083571
0.5789764041522995
0.6423135968726892
0.6481731623854309
0.6271312613646974
0.6161238581685505
0.628035680912328
0.6798105498942533
0.6502192221361371
0.6578455069614381
0.6402583629643367
0.6218530172893025
0.6125744639343845
0.6400537611388306
0.5993956028851233
0.5515172277542666
0.6282863663231077
0.5930205121302349
0.6026821827963196
0.6198233643257678
0.6295424930108509
0.6157795944489429
0.5839750619506687
0.6146574751053194
0.6301434132087039
0.6344500306593771
0.5919954035846305
0.6475183081975525
0.5790866074817725
0.6027993498540095
0.6147033915310648
0.6248384897557158
0.6783665949745298
0.6310620944988423
0.625011227997754
0.6505202626899237
0.6119290676033682
0.670263562419293
0.5646101744152107
0.6122784215959399
0.6565460416065345
0.6159309704479358
0.5978585762436637
0.5684581698762524
0.6006098868332527
0.6196499561431228
0.6036375023171834
0.6124598260446594
0.6005500592288717
0.6265872232436112
0.5989749301054286
0.5790091634833953
0.6164963836802025
0.6042999866520996
0.6533251231789687
0.6500407858909322
0.7033135369540959
0.6492489246854886
0.6177674295478771
0.6292933689868366
0.6223787028126281
0.6120591616283726
0.6388070266715493
0.6588369132950666
0.636515955194861
0.6630374628720136
0.6653015562712895
0.6384707875878263
0.5671916003664469
0.6288602638667091
0.595217818432988
0.6463233095440888
0.6261462745407367
0.6458658783559322
0.6006254379473636
0.6368610442159827
0.6390708855551874
0.6326308827675164
0.6277869193045994
0.6547088850066356
0.5902421428944397
0.6666319756951593
0.6069626088605368
0.6488361418053675
0.6372839777125385
0.6312847899571915
0.5612968816906264
0.6491215571453499
0.6028476719706253
0.600047621690119
0.6897289259113304
0.6261950375941171
0.6301569933602773
0.603623890295267
0.6423471519276681
0.5551001895116913
0.6404683432803965
0.5632630653425404
0.5560988451795026
0.6310126679559828
0.6123207327270214
0.6489695850627734
0.647162984495763
0.6426876951865482
0.6499722870547536
0.6569086260304569
0.6286289326847867
0.6374872469718442
0.5994108906606644
0.5929210387275886
0.6397179437441958
0.6276424027205855
0.6059795775202039
0.6886712570156227
0.651252052974661
0.6360201314602341
0.6636386011462009
0.6476595169553926
0.6353035983395137
0.6177402225934202
0.6529221496771054
0.6154987277584572
0.6194833329470927
0.6127139854459314
0.5876140507872344
0.6084466709852347
0.616332823344865
0.6018838738036079
0.6053842601729787
0.6396690037500617
0.6068610211269305
0.6388077694211403
0.6262327999918079
0.6283618608773035
0.6206264577788116
0.6182760464950698
0.618285156746981
0.5404807246816438
0.589134764081607
0.6172392048278412
0.5909276391900569
0.6224046299145476
0.6315940313337683
0.5550901890622507
0.6096629045884786
0.6421121959909212
0.6329496237716631
0.6090535487648996
0.6102841370308925
0.6496842372158623
0.5928432253277361
0.5978511854076257
0.6334197793820615
0.637422222482172
0.642916254453009
0.6399506583287174
0.6492609497068783
0.6634053388329376
0.6590564923466622
0.5968199501444198
0.6437521632608133
0.6667469890336387
0.6408611826410107
0.6476805162587025
0.6606303513151339
0.6834145136007255
0.5628823594880497
0.6449944619498085
0.6392570054224498
0.6300446984822935
0.6322690276402593
0.6548285989286785
0.6069623768140622
0.6233217546477392
0.6110895020617728
0.6145839062749571
0.5628823594880497
0.6557465710109074
0.6467885190814903
0.6416190325686973
0.6164199877824179
0.6503767390342249
0.6150953329562827
0.6860078145545692
0.6517241784944563
0.636890181852944
0.5989264888639336
0.5914873086771694
0.6223577409740647
0.6479385361093164
0.678416240430811
0.6551723473914256
0.6501608595820197
0.6497591299507638
0.6008821629050745
0.5544038651812714
0.6346844612301633
0.6536059843424804
0.6336842425209062
0.6243056735497428
0.6673197427578638
0.6551016554942044
0.651931029962632
0.6385890049469424
0.6280925983248523
0.6241519293290486
0.6187813432627116
0.6230674238839771
0.6086814330432091
0.6659077999419684
0.5998508729990479
0.616415475887755
0.5837120999792185
0.6478245858630745
0.5906839167400573
0.6279348154353276
0.6390569952451681
0.6061848767138421
0.6133067218387185
0.5883777805430421
0.6065614971072899
0.628909800588921
0.6024078021427332
0.6293678884706586
0.637006471409071
0.6698151598824952
0.6611663459143219
0.6290025300587815
0.6124168902988126
0.6627556027149205
0.6253832202655912
0.6694399223025267
0.5570172300047008
0.579658157313912
0.646485571709079
0.6116404985091362
0.6751245795305038
0.6546428543217266
0.5706559914908164
0.6101192929483835
0.6262294628830761
0.6042943219458984
0.5969971763496049
0.6156759449902157
0.6203824461875891
0.6122459308611748
0.6296215322164099
0.6195565206520173
0.6442893103726989
0.5998874913365564
0.5940051103563578
0.6241780572628307
0.6354264438298549
0.6412054149616306
0.6474845639398829
0.6312072756308499
0.6263511821190889
0.5693330861035224
0.58465895588116
0.6167128623824868
0.596569735667786
0.6065464085463702
0.6006418632105605
0.6149046340210977
0.5986768151318727
0.6127864160529309
0.560455998665657
0.5850266251654295
0.6291560665325431
0.6265481375595158
0.6260416105365838
0.5985087814773796
0.6086944451217287
0.6158466691983477
0.6120045432352816
0.6281820483046974
0.5687684704185199
0.608017815796348
0.658627526640953
0.6065934177770359
0.6334575499971127
0.6488680113455405
0.6126675416556896
0.634757435951079
0.6070006735574585
0.6213393986583841
0.6353032631228049
0.6289971887695335
0.6085717421046022
0.6345120057706242
0.6780736844543475
0.6338507876000135
0.6258670626192222
0.6376261908548416
0.6271172473637149
0.6095394295543621
0.6153213174910688
0.5827047049983256
0.6158802056457411
0.6024093318548711
0.6302449976439962
0.6156724943545877
0.6182636288841745
0.5876140507872344
0.6477100132325349
0.5932561760252101
0.5946273082842928
0.6018695951296698
0.6147773447254631
0.5973469574881869
0.6137087693069514
0.636414413162755
0.6303028380007724
0.6377261241738851
0.6282533596443772
0.6085773031362339
0.6119179870298868
0.5993491942857804
0.5853428888493376
0.6758131537474258
0.5919447303083558
0.5992801126629415
0.5928301673076432
0.6406954155443577
0.6242255884554416
0.6000319850993288
0.5904836200350276
0.5899644179720969
0.6075096360920549
0.6604495622408193
0.6381713992386309
0.6163782995533097
0.6161506357082552
0.6051544072487701
0.6143972422278597
0.6379296036171125
0.6135264393939025
0.641710908464155
0.6728640219929322
0.646956377174077
0.6334749446571717
0.6435285083412864
0.6297305431470578
0.603548443445841
0.5965151974727667
0.5987821207839095
0.6216445293646077
0.5659329308021352
0.616061233835105
0.6216838877421856
0.5981139814571027
0.5957502430285724
0.5824217599974884
0.6272920544964228
0.6062956101311373
0.6257205972308716
0.6226204130682323
0.6271705397075684
0.5988070433416549
0.654920043165052
0.6648701698745525
0.60612500910622
0.6080345255965014
0.5657628465662843
0.6173588192872289
0.6483147770191336
0.6310761911839529
0.6432545450095671
0.6580883986601396
0.6334943436224324
0.6646262779698692
0.6431436833549538
0.5967427425815013
0.6542498994262135
0.6463477705716616
0.607521595276182
0.6021464346565484
0.6583892782373673
0.6702412783525595
0.6228823429489252
0.6511550433436621
0.6616401251189834
0.6580682612354719
0.6504326127669384
0.6381907992794823
0.643052447725712
0.6429889817695996
0.6725815031258355
0.6541052905992922
0.6356928266031905
0.6292652940007205
0.647516926321175
0.63442157378542
0.6396963364710095
0.6391151209679683
0.5966224127426074
0.6019484890426492
0.615239126800463
0.6083119470744267
0.6046629950339407
0.5591252609365437
0.595196316892371
0.6146478602927073
0.6265135964640314
0.6432316717004006
0.5932633373745623
0.6276484780006844
0.6056058184579224
0.6193247315066787
0.6226956793449966
0.5766753156961655
0.5768161055058494
0.6241073838930827
0.5850769189019825
0.6188785712399245
0.6069547127607923
0.6262939856921874
0.6139278317699998
0.612319080674484
0.6115775117438285
0.6112305653148513
0.6148383206834506
0.6101770003932386
0.6553040179793201
0.6341185201567762
0.6008018704965481
0.5922079247132443
0.5882020949886727
0.6341185201567762
0.6047925306651888
0.6152170382731454
0.5759505527782914
0.611214023010908
0.6333504106693347
0.6345020592414499
0.6235312834901655
0.6461395480482254
0.6112976938327952
0.6161614493417442
0.5997211339759583
0.6123642572576532
0.6326589250343898
0.5817024733909804
0.6167090225329359
0.6158524939253183
0.5866147029688411
0.6170500790863948
0.5879624530431383
0.5967131410978327
0.6626011352113971
0.5844258864843517
0.6278000729462861
0.586893726701083
0.6035590180434077
0.6281830286749965
0.6130756574500957
0.6511392215683383
0.6463279229459211
0.5973257788349979
0.6521171424242748
0.5545865621399862
0.6045097942644674
0.6461670638840891
0.5863277466133072
0.6499731900808761
0.6125152687523432
0.604945072892458
0.6086386722562775
0.6271074312448829
0.6039271093944438
0.6166244510872603
0.6470732105506398
0.6621870895496762
0.6267822801036212
0.627733797304393
0.6064503682329399
0.6540605154314469
0.6385676439561093
0.6551297372177939
0.5980373467422924
0.64467364485477
0.6120600661068509
0.5971036246324545
0.5881102517250646
0.5924213258587452
0.6083216902808778
0.6096027659486641
0.6015643914497026
0.6377492833098721
0.6542524775437074
0.6233863608364025
0.6246484903659013
0.599921948719671
0.6371856724386319
0.6098491445059151
0.5891684204655299
0.668250605403246
0.5930848088302706
0.5679107774188027
0.6160286628036913
0.6538401500346109
0.6177180820840834
0.6525970892617409
0.6415975411972938
0.6525135445648959
0.6245524578375485
0.6247080695034744
0.5898153553331337
0.5988763050601472
0.5879880777771183
0.590675051339801
0.6666656198704807
0.6222213299483926
0.6434882178057106
0.6176699932208325
0.5512221691042956
0.6186477777335389
0.6348079285886196
0.6196820422582251
0.5975121788446978
0.6105222404623074
0.6233922737764658
0.5464981700301799
0.6539995275831925
0.6067720650150695
0.5886499998714695
0.6143739707933852
0.6134946262624297
0.5911439656132172
0.5918501812651398
0.6324184528305343
0.6257175794355782
0.6036642729138945
0.6425572776707108
0.5951596279477991
0.6107587094024711
0.5898269355620149
0.637959219701216
0.6049378226522801
0.5922496071400746
0.5975485571574467
0.609711130497438
0.673140602945332
0.590147069787384
0.6174439634548806
0.6048757327448794
0.6094627702783934
0.5709120435280134
0.660773704090447
0.5905915172090226
0.6265353387951829
0.6398599027423024
0.6112020688759499
0.604721703470159
0.6149837216873475
0.598856108678655
0.6175849536405608
0.6341372386087695
0.6282064040067835
0.6370568234527062
0.6275695786879657
0.6287959920409746
0.5962341124469793
0.6462986277394449
0.6382169431158421
0.6673172994939877
0.6502648435147907
0.6828583365102249
0.6677142516581712
0.6234765465897915
0.7476742185437335
0.6526057182019096
0.6217638021311427
0.6156814833869971
0.5931467032179242
0.6301854301996455
0.6543554081313758
0.5714284080740053
0.6143451631999787
0.6340045458323389
0.6238377974602299
0.6127616553192209
0.6131301789490011
0.6605962899457655
0.601277061663312
0.6330797094837577
0.6171578036581562
0.5636986076508892
0.6188830684418615
0.6424335660790247
0.6089037043139279
0.6476548639486465
0.5643086786754388
0.6199239520002013
0.5899616753302571
0.6313294762611688
0.6531540843906947
0.593383202762169
0.6156460466448714
0.642535741490418
0.5998304411681964
0.6001170803069296
0.5895562817648194
0.6083149059835423
0.5834172836127682
0.6294568863138817
0.6291985977264561
0.6597459661872481
0.6187426959366563
0.6277447429125382
0.5747409847859305
0.6104627254386807
0.6151937953950624
0.6288026272888639
0.6171794526491103
0.5795256500867326
0.616762775751244
0.6146471930917486
0.6279203509356982
0.6374803284424624
0.6398413000907334
0.599458330437774
0.5941608095399812
0.623445905533337
0.5724404771791078
0.631848108829501
0.6365049899875838
0.6119808518653348
0.6133489634761945
0.6137112827080153
0.6411330052494723
0.6225217735078415
0.6358661977748697
0.6482881218445325
0.617098735052435
0.6215830017896217
0.5677341740811446
0.6341875422693569
0.5976861042841232
0.6394546644746953
0.6103545903148936
0.6180952430065565
0.6441698938747192
0.5867755270469829
0.6107055793780302
0.6323215919368175
0.5933457620934756
0.5433664471301215
0.5890567071361498
0.582429082370992
0.6061313610307572
0.6044836496758977
0.605561687455436
0.6181218298085948
0.602521248899201
0.6054733465977554
0.6213540200304379
0.6389514579731678
0.6375718432786064
0.6175941442643306
0.6249180267986733
0.637271287630666
0.5849921403799053
0.5856009330627838
0.6594781755776381
0.6376817468162428
0.6028608486080603
0.6351708768788906
0.6442063376730085
0.6070129540244869
0.6807708400056863
0.6626864017366058
0.5879851359898995
0.561316550951429
0.6068145665896473
0.5762857222780596
0.5922962123730103
0.6450213379179189
0.5901249049832777
0.6369590383824211
0.6196765676776611
0.5796895166237358
0.6350034977923182
0.604514408876813
0.6236510019124538
0.6408383861074068
0.5948157851132593
0.5830965259116654
0.5784697941355866
0.6212218822194439
0.6608295274207749
0.5764469723931501
0.6298176814751644
0.6283523544922678
0.6409886891486412
0.6297392233209229
0.6445351863528688
0.6648618866435579
0.5808968597188385
0.6266912559238847
0.6082859783283557
0.6164088727147511
0.6338419731537243
0.5803754662840677
0.6221636234869015
0.6156641121508611
0.6251310705248937
0.632266046841871
0.6591525699572741
0.6688154080256226
0.6497693091883309
0.5859364327474801
0.6138817761464167
0.644441111092388
0.6336863429907573
0.6671894440097748
0.6287580139368542
0.6520549186003521
0.5905441112118783
0.6432924317935359
0.5974665312798576
0.6298852832536269
0.6329080764818609
0.5677012172695168
0.6498347121383874
0.631241803254417
0.6632819892205638
0.5977906252452337
0.6824730293010107
0.6219424442740079
0.6604085753546064
0.6353558753786491
0.654672014009584
0.6364969195892597
0.6340728471419532
0.6625609250214521
0.6803801558664457
0.6512742920400032
0.6419962788062362
0.6856250463154873
0.6134092990454871
0.6092855764154484
0.5964574079713344
0.584676261802941
0.6216316768189986
0.6661220806875414
0.6524299190556881
0.5691677778493778
0.615708058218888
0.6146742265183817
0.646910425396637
0.6659746191966485
0.6069677661736266
0.6487119747096745
0.6491318015363406
0.6367155926376867
0.6240801990753877
0.6479907901744132
0.6315864779830762
0.6529714040776706
0.690897514814656
0.6939068941290002
0.6580985772604256
0.6563559405356496
0.627895402261305
0.6019801292072615
0.6610461128973609
0.6280955569977454
0.659989239042216
0.6117842936879695
0.6176094007534195
0.6711279911099018
0.6537612244971903
0.6127897574754777
0.6590747052034641
0.6564610517212132
0.6497884195647489
0.5844109022310273
0.5984435527422034
0.6578369575765756
0.651194329623471
0.6262956324471534
0.6377571858023992
0.6351780581136383
0.6121773930124709
0.5592520801851723
0.6001530321330333
0.6002075226603723
0.6109946712459994
0.6593311776619719
0.6274145611584176
0.610104070246767
0.63895651765655
0.6185780530646166
0.6325492959486202
0.6092680376081815
0.6513983998467853
0.6406806618309647
0.6464018274382071
0.6402490757543547
0.6424352127464089
0.6307524125657706
0.6510874974487331
0.6236483082863868
0.6411895390274487
0.5929935630183193
0.6191073348839818
0.6881632090575865
0.6349044069730303
0.7071314919687156
0.6762721463227759
0.6104526280571791
0.6335910721845756
0.6418050290397895
0.6508273971564614
0.6246412947091015
0.5982482254235509
0.6151773199804652
0.622003890791001
0.629672365478709
0.6404171156275795
0.6540235498700672
0.632516602523406
0.6406816473193202
0.6118418479441646
0.6364862310724264
0.5988904447645106
0.658431417035981
0.6274806049471471
0.6395687428765757
0.6069997631725744
0.6250125666831087
0.6029557588485372
0.6389238351047755
0.6469548602431806
0.6418623468057894
0.6146209864262375
0.5993533327632742
0.6631825114870656
0.6517037876255116
0.6260497038881064
0.5990355884376759
0.6230368943640214
0.5979797726422394
0.6162584870087471
0.6025889856386449
0.6312120621343211
0.5901760948795927
0.6235784674242923
0.6317587331655433
0.5823776335795675
0.6219959633424633
0.6206914394032548
0.610515599860667
0.5895799159433377
0.606018815737247
0.6177814792152109
0.6241829254557058
0.5857789576982465
0.6384333395533165
0.6154200867497925
0.563468468742666
0.6203922330779061
0.5880393856949592
0.6626455858327996
0.6549823037519243
0.5907683048590818
0.6039627323953758
0.6349414695596685
0.5928167789313699
0.639889648036459
0.6003371091471529
0.6050869316425321
0.5914758106869862
0.6281883674901964
0.6294546419600854
0.6702383201347383
0.6417801455485985
0.6411505870126357
0.6156483853653673
0.6300588992102644
0.6122945612788363
0.618296219876618
0.6488406520269906
0.6106316394466147
0.6123341206831339
0.5915079090314385
0.6039119882165809
0.6213572548534549
0.6174783323355256
0.6426379352370157
0.6247839001665733
0.5860935959951172
0.5868978906082003
0.6447547308743367
0.6458750420283974
0.5967461690798553
0.6273024427713478
0.6584294423732338
0.6563546664411272
0.6289125537489638
0.6191612839698474
0.5976048149813105
0.6100505599970233
0.6547935469956849
0.6421548414760223
0.6423528630217006
0.6194222471072696
0.5777865031301168
0.6144190537805787
0.6047768492427902
0.6119667068800859
0.623593919045619
0.5959494449406869
0.6425547397184042
0.5815025988315158
0.6327780362758316
0.6308179768958736
0.6208563030811171
0.649714375289124
0.6178121029394632
0.5967550052174677
0.6161563572771916
0.6527005234996157
0.649704141542467
0.5878060284298221
0.602777452543496
0.6263391149836193
0.567826764958545
0.6294125372958798
0.6168430304897802
0.6504766736755198
0.6462610361291963
0.6141703911728082
0.608375295627192
0.6715843707039817
0.6295972032968471
0.6181957389702665
0.6193773308781643
0.5859077637265745
0.6510123911028338
0.6522282682611789
0.6228012327746898
0.6239283565624527
0.5906532792635675
0.6189635437079877
0.6112020295259888
0.6101231150196399
0.6280690362055737
0.6227621968041345
0.6128955288887478
0.6215203935063631
0.5837202990615623
0.5928252979238777
0.5854702648177724
0.6114488035940626
0.586395661635102
0.6592540950351702
0.59812547437021
0.6159259836907477
0.6507845691933214
0.6250262979010236
0.5945759921575353
0.642941871299072
0.6245637966579004
0.5927582971888429
0.5777735303235797
0.6366154822123866
0.6054545212430575
0.6012880630367182
0.6378685158206164
0.6749782952520158
0.6534949998644194
0.6408738599333733
0.6292392481967441
0.6130995636042277
0.599354485989012
0.6424613983484139
0.6072315253218633
0.5858542795712426
0.6556240769544169
0.6322014116176458
0.6031913244599714
0.6150010057384927
0.5663448058159708
0.6477398555354219
0.5872872832186773
0.6061251451657327
0.6582308853492387
0.5929848797079952
0.6100186076812036
0.5983542827363754
0.6110024566772065
0.6568556586249632
0.6258205596838549
0.6441936782915982
0.6221555140492335
0.599491494207958
0.5500489048786376
0.5631147341811356
0.6289497872628053
0.6254173519601776
0.6014682918981656
0.6041576369865775
0.5882166119441617
0.6271981207912453
0.5518773749704982
0.6194545317989372
0.6129427340391485
0.6027992524848993
0.6163487983765493
0.5979941412129723
0.608095161665926
0.6186611670682789
0.5842343360138045
0.5926004340854952
0.5744785752018878
0.620290167195677
0.6230961541679019
0.6232283996193182
0.5961734023269546
0.6468555442984859
0.6109794475802748
0.6319645184675282
0.5865706139776857
0.6148125841941038
0.6108522577372605
0.55387791601993
0.556841728919521
0.617562314200691
0.5626449392800461
0.5778155820978005
0.6012889074237233
0.661479822941381
0.6143116056344176
0.5743517934268234
0.5813238344517706
0.5662044259209593
0.5768515860067417
0.6202189064292027
0.5766806043702187
0.5733687644636334
0.5879439247742158
0.577152287627458
0.5836132226019268
0.5376427738307433
0.5579695748003475
0.5700245452854208
0.5993725548236682
0.6548847521163813
0.6255984857475031
0.5784829855345757
0.6482793870949227
0.5843987585833518
0.6229935165726932
0.6025161297753553
0.5813213497127452
0.5772860689255953
0.5918975327533177
0.562200368661688
0.5607865549839836
0.5506145235448925
0.6077776534545173
0.5656699279255186
0.5792828798164318
0.5441106925913646
0.5661894843712483
0.6075272669852542
0.6186486113291227
0.6199557178884646
0.5875233417537759
0.6063170943780786
0.6201629787371864
0.6013964717186916
0.6081942535656841
0.5848480720851207
0.6050282339259245
0.5980494994298939
0.5985046212085169
0.5486703636117175
0.5947764894558397
0.5733073037124816
0.617152738962885
0.601421170692627
0.6331943986825689
0.6338335627256357
0.5906083671871559
0.574380067898606
0.6061870695024801
0.590947221554124
0.6237120110142182
0.5676196113661434
0.643678123716343
0.6579303089231961
0.6161037918821193
0.5817320353349784
0.6282174814671376
0.6123387190572745
0.5939405453448442
0.6196339058106398
0.6473487875048989
0.6349050143035782
0.5981263106932757
0.6434672607591706
0.5935975537925191
0.6097140428964855
0.6204572571765942
0.6216625671287144
0.5866639403583006
0.6133919003033327
0.609288495716803
0.5882705451977676
0.5852020801265129
0.5856084836925526
0.5706431784553673
0.6672839481675225
0.666792021534574
0.6298443905291676
0.5848640381336947
0.6386460591022749
0.6341828543330612
0.5998762858185639
0.6822307945351503
0.6485531213323718
0.6173405162091818
0.5606548222308472
0.612272038051927
0.6414578940660381
0.6102932488913504
0.6262392686763311
0.5674524662057128
0.5747953302324241
0.6351773943323894
0.6031015001482938
0.6389116818791178
0.6275912896034823
0.6680656676316545
0.5888710354856537
0.652805485694149
0.5596192787567326
0.6279833903813188
0.6249612435769784
0.6518663571483907
0.6198554720707805
0.6320638726483594
0.6229788345057939
0.6091647476711087
0.6104223778558825
0.615363670987364
0.6106024461539334
0.5911551924849815
0.6192214914734264
0.5882977147470875
0.6125775896438092
0.6120542984182837
0.587754276780987
0.6335250467801079
0.6056661179224364
0.613024070556039
0.639622641896276
0.6122230550421375
0.6059414491906991
0.6288193872343805
0.6195310722400393
0.6082465500125043
0.6437415067117483
0.6433748886536078
0.6674101668759159
0.6367941181986578
0.6077631983230004
0.6344546135649259
0.611187346353408
0.6335752311219981
0.639562362146093
0.5851755547680481
0.6016866571246896
0.6357390329671995
0.6214142006734776
0.6001222234719439
0.6283122556375784
0.5939486227976362
0.6159533350813253
0.5960649908649609
0.586485108885565
0.6283122556375784
0.6120455030130171
0.5652919995872365
0.6280015208271634
0.6019528049115791
0.6134800840981016
0.6274004300244423
0.5598095454181745
0.6304450448015928
0.5554723458199474
0.5942321420380018
0.6188878269690173
0.6209452756653151
0.5826733996721218
0.5803726584734501
0.5879683888179973
0.6157065836677771
0.6040505637706134
0.62910230989107
0.6180599915950117
0.6092012159968322
0.5711265254993725
0.5952064959135087
0.6266575708533227
0.5926850473256614
0.6003157150564524
0.6374131592640464
0.6346273263141774
0.6199371365184136
0.6134049149205448
0.5982276212713011
0.6139448226418751
0.6335292766737299
0.6353795844015896
0.6108034566922792
0.5682361678977818
0.6532465319794235
0.6372424689203777
0.6392604803577444
0.5747821129131965
0.6199797058215031
0.6025135695439053
0.5956030257435938
0.6369383291953284
0.6109259528210987
0.6173604960029823
0.6306912366708012
0.5982078035854136
0.6248762844410093
0.5661028968329415
0.6421301310610827
0.5691369968747366
0.6116974914640376
0.577625547192308
0.6380197098678312
0.6499734043424976
0.6168045457229472
0.6660326677923577
0.6230066390063862
0.5962303324285536
0.5807095301517685
0.6257143943163465
0.638558926009743
0.6244843004094871
0.6157873829380818
0.5980884416085603
0.6269781029494196
0.6160273231158645
0.6498770995620655
0.646128172996006
0.6142523527352927
0.5520189436204355
0.6437964194440399
0.6322894907698751
0.6497231410908125
0.620186203266124
0.6300783900062499
0.6180274232839267
0.5754882926660111
0.620212603151539
0.6254795175295753
0.6479728687746941
0.5474816512393909
0.6258374978136143
0.6210292414644184
0.6138866696732457
0.6514595207907958
0.6069594295833289
0.6352914594880824
0.6235772969282232
0.6341852850419201
0.6223315745282253
0.6184479237232824
0.6051477623374596
0.6025951180943958
0.601189607466694
0.6474460643614476
0.6944290237177031
0.61714083455718
0.6426446618751265
0.6299568327847499
0.6418536265570116
0.6234110844866392
0.6271710199961635
0.6298145261755361
0.5975445653882276
0.5977943846542024
0.5946304985880607
0.5601511049792363
0.5763217664689658
0.6159252933738951
0.5786966084324174
0.6147496558518453
0.6091280835249229
0.6006242247449326
0.6147348259148352
0.6089265940731167
0.6002062413608038
0.5977794376325971
0.5994022572352308
0.6303376648290347
0.626927292320438
0.6300749668906498
0.6289465356241505
0.6379721562982543
0.5662751147108179
0.6002546267600213
0.5780270487418601
0.6371039572307099
0.6372831247955744
0.6031155764846654
0.6272241778708655
0.6425808264547479
0.6424690203625479
0.6221469213772496
0.6262397482189214
0.6470056146558661
0.6543923371310164
0.6282248789221989
0.6387223107627282
0.6063992973286314
0.6141225922334504
0.6047768492427902
0.6119667068800859
0.6314389664766858
0.5903628467926966
0.6398968162734153
0.6107018944880547
0.6471169496375249
0.6308179768958736
0.624819427117478
0.6137138405742821
0.5967550052174677
0.6166471586561697
0.6371804316820366
0.6642753161034421
0.6437119606975614
0.6391991797712233
0.6464548932105214
0.6385811118412235
0.6556703755185104
0.6050471138485659
0.6291280037701172
0.6032133647806246
0.6211909876736125
0.607495059090339
0.6510674599959739
0.619192523740319
0.6344479126665263
0.607495059090339
0.6510674599959739
0.619192523740319
0.666889991000943
0.6760222446873756
0.6203033488525589
0.6271900762181608
0.6280013561987444
0.6019226956786696