0.5729678257788621
0.633287523413907
0.6056639744363401
0.6238386187363092
0.5616210891013338
0.5600446714954731
0.5705382466037211
0.5754572753984623
0.5668882908487154
0.5902508745982925
0.6092219435580447
0.5763098663367778
0.6000078191323315
0.5996984577906547
0.5871059946645546
0.6046922353475856
0.5909951718608153
0.6201778503943389
0.5938024757033806
0.6211170258195219
0.6188560759225159
0.6197655812051631
0.5947552879678043
0.5829730492440962
0.642944077283631
0.6314131869924289
0.5795674383412053
0.577240624049335
0.5841782919966746
0.598438744938992
0.5899717322965792
0.6307328348773914
0.5747928344666916
0.6299114203527143
0.5750132400024053
0.5881935514672131
0.6929141290459168
0.6141515741104157
0.625480334172902
0.6151411982528595
0.5913972847545763
0.5916076057306955
0.5946336195473074
0.5999525632833478
0.619954904686196
0.5990081268653232
0.5875399854827081
0.5810149355201637
0.5980003514547227
0.5859472678900197
0.6100972549765207
0.5689732992743881
0.5858771819684582
0.5878096216994425
0.5948357514122824
0.5661776255974831
0.6221616198756776
0.6035066390828845
0.6131754167288663
0.6077754232398856
0.6188425309031765
0.5569201136619403
0.6619371579719471
0.6148003553982374
0.5965308444578763
0.6300510652885062
0.5577151525064036
0.5663109594590748
0.5727502484340068
0.5497338793911609
0.5923495356908586
0.5567450747225028
0.57277039637703
0.5480216676317259
0.5863430480266202
0.5899922659217037
0.5696528481923887
0.5754149966659742
0.6198449148928477
0.6032398175260778
0.5866967603773201
0.6103514758507217
0.6147091682114302
0.5656485365600743
0.5943910920903998
0.6408651172627401
0.5697105042010508
0.5783554488945151
0.5664399930143503
0.5661099815421461
0.6589841244013902
0.6174857014181185
0.6251071471635988
0.5921635604209123
0.5909181710664301
0.6137362108791845
0.6310522410653432
0.6292861204627235
0.588666009942838
0.6187490620431108
0.5792779699634748
0.6179602860593582
0.607815711615786
0.6228678867842689
0.6248470796716312
0.5929283623469306
0.583614732894724
0.6102297966332147
0.636979179297987
0.6498840267093211
0.619505348753258
0.6635900011999963
0.6766254962430976
0.5913426146411559
0.6356605236781699
0.6122393964511568
0.5892410632530639
0.6299607360900613
0.6118265223521262
0.6566891200576694
0.6041008770880741
0.6097977062072182
0.6200562488252764
0.6092402498541957
0.5845861662402654
0.6385807257827266
0.6145596049606623
0.5917892378414209
0.5683326246693123
0.6218917075284079
0.6030217438777673
0.5649192111401371
0.6757980440625718
0.6568545050456434
0.5936222364595861
0.5872186858320297
0.6323792583381725
0.6332916839703232
0.6233963337351542
0.6356510130142629
0.6215748149685336
0.6541677621981755
0.6279704196925648
0.6640078326391596
0.5886004821484886
0.6282224682603252
0.6223074608996508
0.6417220869287693
0.6487596847477731
0.6490552616391113
0.6705518178236076
0.6264141957177722
0.6557988166757487
0.653956343578369
0.6125205958782401
0.644308281125713
0.6068944541284452
0.6124378736805799
0.6206747991380168
0.5884742832046849
0.6044561947245665
0.5993632812239084
0.6488421829345933
0.6179262517129738
0.6219920801082671
0.6337147377929916
0.5838211347137235
0.6482104794250338
0.6252937920235447
0.6258277955645366
0.556379625195499
0.590706450310615
0.5878949268677712
0.6745862851312224
0.6601593277147266
0.6298691901710699
0.6460736611632251
0.5896954945258672
0.6259573145718407
0.610195225940151
0.5876768505213666
0.6401755048069281
0.644487665043736
0.6465641379099578
0.6124007694966099
0.6131777259613909
0.6046007368582894
0.6078301142716983
0.6230853902937099
0.584733567039493
0.636974897884535
0.5861494031526288
0.6595554171256849
0.585286843811282
0.6023805948966149
0.5934977517449349
0.6381307545475629
0.6376147430702976
0.5835972917485639
0.5883902125994734
0.6740873734095034
0.599845237084544
0.596847506888636
0.6449325375306882
0.6101948297103238
0.6132969399087241
0.6242565040004915
0.5991670120194926
0.6121698679893872
0.5896907671426932
0.6376119554494845
0.6340563990809744
0.5987895625097559
0.6129210407123635
0.6581708934251408
0.5996955319679402
0.5841753829352081
0.6052915553326315
0.663955860950535
0.6247712525976076
0.6103712139827824
0.5812743823201375
0.6423795715555143
0.6408455555519983
0.6277028443037193
0.6277371189723706
0.5931069782930798
0.6374037307415744
0.5739147587654471
0.5299917375095662
0.6149504389203607
0.611141452234527
0.6147723835804395
0.6735565586397244
0.5978318283101476
0.6178833937137814
0.6484949316950352
0.6105092994660887
0.5773853902415069
0.6189091659563005
0.601449129267487
0.6182711262444316
0.6178468409348172
0.6249014073231931
0.5788703967503421
0.6212122502041778
0.6721719403121862
0.6156886947782617
0.6009607000270215
0.6047500697857603
0.6156276325407191
0.6339748538131653
0.6231817255899166
0.6258585431052898
0.6039729762390885
0.6525778294416611
0.64156835608101
0.6462978921928844
0.6478592400204415
0.5393062150923827
0.6021883101751248
0.5564874301735465
0.6445540389713422
0.6030491440652194
0.6279080876254891
0.6582741183861444
0.6277652899583597
0.6574874792278799
0.6038898203586728
0.6200660894032184
0.6238032452021028
0.6017730499017545
0.5788711654851003
0.616665553182729
0.6127856504672184
0.5947496590326614
0.6094085331834626
0.666305501451106
0.6389807175593195
0.612585338943779
0.6323233352346043
0.6230950948231269
0.628807470362288
0.60025339002871
0.6299725800404635
0.6359992411086848
0.6258208201364165
0.5807865519448645
0.6256277242371339
0.6248123477004468
0.6556628386964996
0.6163501002049007
0.6100469749721004
0.5323134194292394
0.5479885211614097
0.5753811539891278
0.6540356196857999
0.6547273565272511
0.6033924857379371
0.6553164363972823
0.6101348115974408
0.6364737863509194
0.6106141411799898
0.6749770237999452
0.6282735124465068
0.6036645015665071
0.6302216789379864
0.6216651688661271
0.6626790333280601
0.5803377032672705
0.580710571338924
0.5668122436774794
0.6115755210480853
0.5968751912739886
0.6336090508269849
0.6121882996302626
0.5793385058623229
0.6055407138252639
0.6510764784256258
0.6027184110863812
0.6091160198120413
0.5914662110673047
0.6183700832420181
0.626115235784847
0.6104458883861263
0.6782658640230742
0.6334288455855284
0.6396055848156806
0.6208208076310545
0.6365506067947018
0.6243944236837501
0.6520116389484346
0.6449063908065906
0.6205011434813097
0.6416647458171955
0.6305285033589179
0.6362122747471223
0.5338883312277837
0.6593117217737547
0.6362184955610787
0.6364930487951316
0.6154814026965504
0.5812010982985756
0.6308630114770962
0.6357083971583123
0.6230636912931227
0.6306402405752439
0.6219247901163195
0.6067043720204958
0.6585200123512225
0.6583412198177448
0.6219650636462812
0.6423672383027633
0.6248285533240437
0.5898823867838491
0.6120244488495128
0.6387227449446086
0.662982805939627
0.6219850193378907
0.6082251580277515
0.6604775019664881
0.6316165316190928
0.6100651690632324
0.6482702001344389
0.6563754921897764
0.6050127776809775
0.6198048044941511
0.6077044049432144
0.6407379763499405
0.5782587395259721
0.6642165323874024
0.6861499495731431
0.6851194127284543
0.6710546277880928
0.623972104267304
0.6716477112327496
0.6441852865398957
0.5584618810185004
0.6711262735412123
0.6390690842952841
0.6211728847462036
0.6093639372897447
0.5986040622789197
0.6277621434850099
0.6547067766144945
0.5979925633718082
0.6717391290297043
0.6342021532309767
0.6431515080083428
0.6259037062424976
0.6600562886302959
0.6554016440345513
0.5914761032772204
0.6393948684243524
0.6518898031491359
0.5961277245828778
0.5875132535254173
0.6029632944831249
0.6223063460794842
0.6207524599580414
0.6349943549136419
0.6315496104605125
0.6949896585767235
0.6244523858438987
0.6154774515952588
0.6773704281104932
0.6568624510330152
0.6657616865285301
0.592788698155175
0.5947669246390519
0.5974893358705772
0.579685092447148
0.5846291510651838
0.5999339073064766
0.6272617057610141
0.5870915759402413
0.6180276798602077
0.627223507085695
0.6116617674138244
0.6184273245105574
0.62929593771737
0.5866872821041664
0.5657517686249188
0.5989069800151208
0.6355415360214712
0.6009880390044969
0.6471964797542987
0.6380340503705689
0.6368700320418362
0.616482047814958
0.6127452908491332
0.6460803433407943
0.6098002681329948
0.6245866390538295
0.6167518199993155
0.6257404370126151
0.586168316272059
0.6290119467527225
0.5956331556840263
0.6266489221445668
0.6049453898150315
0.6128392463137384
0.5967001406416287
0.6159520996835398
0.6511638045570431
0.6277151597905853
0.6101844448026943
0.6224649341043652
0.6249568854926124
0.648782739540956
0.6729777653857641
0.5973524916031854
0.6218722905857913
0.6424544185149123
0.6184699513230656
0.6317222312213502
0.5813021822329383
0.6468766020748139
0.6496157073712443
0.609087155576273
0.6506313602735522
0.60040530139905
0.639844622349826
0.6440848425214744
0.6682803558802112
0.6607075928541828
0.6691276443307109
0.6050470302136314
0.6356520749058908
0.6638578452892214
0.6558511552616221
0.6566236132473706
0.6632298350648196
0.6223719126724907
0.6194027973219632
0.6352620795238639
0.6567647472464376
0.6632450835193282
0.623841310884493
0.6622349065840345
0.6715011958299765
0.6852166901950247
0.6009020151480898
0.6349672587143046
0.6468290021597037
0.6571919942115403
0.6699217029244858
0.6545147776881368
0.6487490426081848
0.6562171578056823
0.6121837961658187
0.6310603912049773
0.653381703498442
0.6263563439740585
0.6385547368826919
0.6733562608357408
0.6221993679481245
0.5908792255581325
0.6645935653786958
0.6350103573004828
0.6502039768530135
0.6350041335689844
0.6468245456291534
0.6131645625877072
0.6479437995372467
0.646792111672207
0.6628743259295838
0.5588050115091515
0.6578783074151939
0.5518242726917066
0.6634756062504872
0.6694827527639942
0.6660467010846628
0.6235425213402807
0.6410607858588784
0.6477286823643804
0.6444344012015569
0.6244528939681752
0.6261342344403439
0.6130328346525008
0.6475450872797867
0.5940722451595446
0.6307443684067479
0.6218867483672362
0.6130334592725631
0.5456290840014812
0.654246459549215
0.5931052798267932
0.5864895596060021
0.6739278373705336
0.6182046756931657
0.6727002976494056
0.6026780618338375
0.6181663861198551
0.5746065756382063
0.6167921103449763
0.5882545708339129
0.5799835363259793
0.6123623615855992
0.5732498479113428
0.6186237342746125
0.6387033425692838
0.632131526706357
0.6355478113403547
0.6543012530134621
0.6049694107034445
0.6105984559463743
0.6076099577145582
0.5577927580429545
0.6153722257391656
0.5938208137827614
0.6068392178907278
0.6451372124358202
0.5776933849271203
0.5764515237165388
0.606820903507029
0.5813521068542625
0.5739519982659306
0.5808854987481867
0.5958831212825851
0.5981928050694315
0.6014035200115521
0.6425075919355305
0.5951717660538851
0.6166684515144891
0.6022524603596388
0.612027087062891
0.6078472290513053
0.6205503917442019
0.6192067130439775
0.6106448501442441
0.6075399259596553
0.6014315726452855
0.6390530459005355
0.5900021077184588
0.6186277025969742
0.5581643528329577
0.5939077204423876
0.6157943458425218
0.5582768653683019
0.5867979911666649
0.5829890459219442
0.5616310715427146
0.6112368706551274
0.6109218466055688
0.5985092818092901
0.6081045179493835
0.6703366251823759
0.5771232234734978
0.5987122331436849
0.6012215892596635
0.5941342098666988
0.5904634858876355
0.5770077972870805
0.5811518740266642
0.5499753498950705
0.6182836826244978
0.6198767066512945
0.5845972636479486
0.6206289732667891
0.612604578434034
0.6164197342280129
0.6454246588109528
0.6384537055326197
0.5983354138007889
0.5795907119377132
0.6292952643429908
0.6189232157795826
0.6242546040046246
0.5771734912845672
0.6031235590710302
0.5855573234570253
0.572500155558679
0.5974952046194189
0.6192806404792597
0.5795907119377132
0.6254883291290182
0.6375357849050961
0.630094128329405
0.5727738834791889
0.5840014861629151
0.6213440988703525
0.6001255231325986
0.6167572323949898
0.6214877351209835
0.6626788545279495
0.6362621451654622
0.6799665976400854
0.5952652674513373
0.6324758575384292
0.642949968278414
0.6328332928551521
0.624683317008762
0.5887903449853139
0.5370598999141813
0.6209936763998994
0.6479031189141888
0.6277546554500457
0.6059693462008063
0.6475668456074075
0.638398086506175
0.6260035651118566
0.621273465124318
0.582893462520167
0.6062044981039731
0.6368299279217043
0.6710972273608314
0.6463886727052311
0.6762604803740077
0.6388492325433494
0.6678805975912755
0.620955753020507
0.6237573638880776
0.6003728140432435
0.6204781843347812
0.5855973407117598
0.6705834189132897
0.6147798932768949
0.6261144269059677
0.6468666164253183
0.6222804038754677
0.6374496499156028
0.6497334451217442
0.6382719341814553
0.6920752981527372
0.6583860617265692
0.6394570884772462
0.6278139548293813
0.669706058219625
0.6415871110229413
0.6242217776232968
0.573451130696894
0.6367302744281051
0.6205393785895543
0.6199752776696147
0.6934889913522594
0.6736218895363864
0.5964271724612633
0.6857904684103674
0.6456030470558797
0.6684323320318191
0.6333074964427824
0.6701593769960763
0.6611981932426877
0.6342446238822055
0.6334819887070094
0.6648330171154526
0.6526657427153204
0.6401690825097399
0.6600121428942536
0.6271329214844538
0.6259720055046922
0.676741708089293
0.6659399192135117
0.6741804496534385
0.6325892066973569
0.5720304551511565
0.5892727485588038
0.6069988456282301
0.6084814268848844
0.6218800363776715
0.6384787145056916
0.6124842242964954
0.6332260658861799
0.6142462467511933
0.5533154804832363
0.5986658380426401
0.6426426252503287
0.6320882358605373
0.631513959102075
0.6147739944558978
0.6285555576664867
0.642729424685503
0.6571627290279428
0.6905894495253831
0.6140774188061792
0.6253889773600305
0.6490486051519727
0.6437729986117914
0.645221447369418
0.6809918524605597
0.6539036103169231
0.6166516874605951
0.5731571936833694
0.6486994622267741
0.6451208187615162
0.6355394897828736
0.6242358442628636
0.65065744899991
0.6553623034120812
0.6504691240136724
0.6041347971618856
0.6726867472846066
0.6279445465357368
0.6357380473323463
0.6188066273710301
0.6240643342159247
0.6638125402695181
0.610513919109876
0.6533044420124877
0.6700930920835886
0.6580606404736279
0.5951717660538851
0.6519660150520032
0.616848902162643
0.6339206493784629
0.645803648771758
0.6372432617898489
0.6972720856755843
0.6539742525472985
0.6570932686138601
0.6627322914882474
0.6854463375197063
0.6680169251603902
0.6899987962310213
0.6271169457161638
0.6088286288754339
0.6214200543352144
0.7080176092061816
0.664049842829775
0.6840706397484456
0.5455303160957696
0.6208902771803207
0.663940375231467
0.6887307841047743
0.5925203547371545
0.642372970697623
0.5932564797103632
0.6948758897462154
0.6895640543980068
0.6289914206995739
0.6568962971810921
0.6320187380399798
0.6255623026253497
0.6866523988485158
0.6451610108914448
0.6558023442618313
0.6437533556415308
0.6348564017731048
0.592351361002859
0.6679521135541627
0.6076523866982346
0.5949584681034941
0.5679670907570546
0.5936771808837035
0.603901791382759
0.5917982850396586
0.6180946589795437
0.6274934916174356
0.614097780685325
0.6089179953872293
0.61288684618877
0.6568683339427653
0.6011654536840572
0.5960736470899876
0.5718031947873689
0.6375369888106924
0.5978214128953935
0.6288758553581237
0.6527055762323444
0.645506793536081
0.5841576333529418
0.5807511993883702
0.6096001284927012
0.5999379941645704
0.6546390504987766
0.6269857799004404
0.646075147869618
0.6529674279005021
0.6682569214053596
0.6307570133212385
0.6530788121373761
0.6081680067076133
0.6145495001037508
0.5880049594806314
0.6606252545350483
0.7045616110044117
0.6648148650922144
0.6219698132267617
0.6976018877303556
0.6334496781374618
0.6347848545437891
0.666631435270076
0.6301725934684655
0.6626083469625614
0.6410550145285218
0.6324998592729807
0.6422678495254169
0.6249857882245957
0.6333901183144524
0.6730569094161968
0.6629639938305653
0.6574250232645491
0.5923685648379315
0.5829114073136809
0.6270775323012954
0.6112499188408772
0.6161969015420163
0.5920819387422683
0.5988677813655388
0.5945376595016941
0.6629190812519153
0.6242565447615801
0.6312904502107628
0.6443019601905626
0.6436798306474908
0.6105011885158939
0.6286593847022659
0.6114224221112022
0.5962375939791793
0.6157915274576875
0.6251366125336976
0.6039615709592816
0.6316818404840496
0.6074166474160833
0.6244366494819273
0.6198144379333522
0.6403745766883787
0.632680387340394
0.6459759102909276
0.6197622153349105
0.6144388951779323
0.6439597012696259
0.6315503967346962
0.5832862228621951
0.5987071758169361
0.5716007525032537
0.6315503967346962
0.5717391354003591
0.6236492347346478
0.6065483218546441
0.5950095447305599
0.6138954105954904
0.6341323060313955
0.6193598138801581
0.6690947021001099
0.6637349631869125
0.6361596199305581
0.6122805324104906
0.6097909110808083
0.6718669695855134
0.606192685392202
0.6020405484329857
0.6101217308499545
0.6015969408910414
0.5583905982710774
0.6173046880563263
0.6639941702080419
0.6196293396774766
0.6284736898038927
0.6310617866775359
0.5941402585929532
0.5921836995293033
0.6017743812212493
0.6172911015712613
0.6723292739496279
0.6660393361486453
0.6818668314592048
0.6564997215108733
0.5458220699502775
0.6534383792580247
0.6428245181481539
0.6152533074825169
0.6286609517279261
0.6152113887735507
0.6220105345164298
0.6185825301148067
0.6261962973798563
0.6298067404544859
0.6545919979987518
0.6484835929576331
0.6520656129856095
0.6470302657467271
0.6291785434533353
0.6318352390742535
0.6371303579268792
0.6810217831074823
0.6333100050071939
0.5791245410083273
0.64056139292864
0.6078933144709251
0.6071197249761238
0.5843897667321728
0.5743548757086173
0.6250007906686168
0.597314869659406
0.6094334109527367
0.6282421962635578
0.6552445486668266
0.6085199900377999
0.6065160609423947
0.6249130476931886
0.679829072240175
0.6235121231257444
0.5952940764465332
0.6358437958959509
0.6123452239124997
0.6068778351089118
0.63815028017578
0.6562410258428399
0.5768693514046079
0.6695057353214475
0.6509591447488076
0.6293286537991818
0.6194978024177021
0.6366562235475248
0.6117026504033488
0.5768846681429192
0.6129992273788025
0.5707892493048656
0.6680824184265676
0.5979450207283941
0.6870139220236029
0.6454008589189526
0.5199647582564482
0.6533168836787935
0.6614896387026571
0.6395185557360216
0.6034951661543418
0.6753436539998598
0.649543229619676
0.5774467608902204
0.6938759707346605
0.6421999960467436
0.6311535665499057
0.6687485492452996
0.6624246736435538
0.6017078622844654
0.6054731925934212
0.6212810844125315
0.5798964600795878
0.6207378771602414
0.6090196465039884
0.5741977095034703
0.6501963645042033
0.5713400899293337
0.6213162568534062
0.6270666792944648
0.6106823443913065
0.5766345526493728
0.6580458925595428
0.6620816175022837
0.6412164167694907
0.6056843965266623
0.6205094703658007
0.6097796116310549
0.575950489465673
0.6094973503221726
0.6261667753494126
0.6127403368077349
0.6940095125782889
0.6683709389844333
0.5882800719312878
0.5856059717366879
0.670777483918653
0.6393063519888712
0.6382356716208154
0.5812053879007572
0.6396833905130267
0.6125541318592964
0.6074403733310811
0.5897097385575425
0.6260016142758239
0.64178101158005
0.591004527290093
0.5908681956583745
0.6397412019699834
0.6133573443019739
0.6513561008738518
0.6469449537172894
0.642047429182696
0.5909828174327059
0.5853207668840809
0.6354989677005893
0.5588659499327971
0.574600976000726
0.5648699790440427
0.629252931210931
0.6282590352137097
0.6237050111208814
0.6038384838958035
0.6225743124646319
0.6510675682247409
0.5873736969450474
0.5990206508024003
0.5946396779345358
0.5949983636665905
0.6123456236352891
0.6187613811163476
0.5616309538934087
0.6364362851576411
0.5640416436685737
0.5888699466580012
0.5394441131469276
0.5776431338233168
0.5951386958933091
0.5671138004275068
0.6038096388518591
0.6007573472896359
0.5732440352662519
0.5771336771200195
0.5491901554723753
0.5903880411092515
0.5821634419815424
0.6050004249763435
0.6542111465093856
0.6269520673748352
0.6451473045376419
0.6379645538081471
0.588630344335864
0.6307330924530274
0.592835348543632
0.6473183804876285
0.6197546578460957
0.6107114346026102
0.6212028578910908
0.6044745143280611
0.6475891897838733
0.6939064185904
0.6493299644696036
0.6383589307217369
0.6061588629323456
0.607968150428908
0.5533788683778733
0.6196879142729438
0.642906025704535
0.5800035204236019
0.6567184757558132
0.6790518782473962
0.6067356994409359
0.5863025319726294
0.6138029818686943
0.6441466775099117
0.6503005049589814
0.6048280841690404
0.5926567959275977
0.6564166807813829
0.6227496270011353
0.6558802702814099
0.6257400399614583
0.6360899620399677
0.6671286618530132
0.6491067081305296
0.5920016074916078
0.6455721656413399
0.6238798539200006
0.557378516732371
0.6021278357291603
0.6172412609927154
0.6487102115701813
0.6789794181169602
0.6462631915951623
0.6331986325283426
0.6033495477901589
0.5905160451033642
0.6171822855004939
0.6321297845283865
0.6198708500365662
0.6480357720044391
0.672187184157418
0.6440510332949604
0.5873290760756875
0.5785464213941033
0.6122449015452975
0.6473290915631732
0.6010941087561177
0.6255786173312032
0.6140580350035231
0.6023707976871153
0.667403180262425
0.6418770381924912
0.602111563155587
0.5973304666407898
0.6363836727962142
0.6117106234833699
0.6229215562487478
0.672141514086307
0.629901720630283
0.6454509195960653
0.6208645207541746
0.6338591986838968
0.6414762016556685
0.6298290705496629
0.6180303852190576
0.6656708703623947
0.6035261493174127
0.5392301786700816
0.6442183093359561
0.6181938562561949
0.6212732911478357
0.566605622294438
0.6199674802162832
0.6286226553170546
0.5965243032587423
0.6051578757457136
0.6067615444336896
0.6136599628811912
0.5772716524346765
0.6408518157176801
0.6012314641524777
0.5995788135173195
0.5860721504234587
0.5898817105732543
0.6399413070336256
0.610150669777981
0.5918299547280682
0.627497533336308
0.629273557915214
0.6196189624966292
0.6459543451455695
0.5819980024439758
0.5620281515758515
0.6400894087671928
0.6227248447082014
0.6119412104153256
0.6093262559721374
0.6471107980625178
0.6006911352586689
0.6424268500389407
0.6130724383028051
0.6058808298895086
0.5973455895315172
0.5238534600034067
0.6202583370854355
0.6281044303701403
0.6230473638995396
0.5835130841352357
0.6622215261862847
0.5940002942836257
0.665946224734848
0.6240631076008512
0.6366735565952546
0.6660237108802655
0.6148772930022363
0.6327288185142782
0.6596691463120096
0.6195460592015256
0.596465661415683
0.6427700181043224
0.6602316441012349
0.6105563197971832
0.5731990350838855
0.6253673153798438
0.6121775555581851
0.6176984872150569
0.6137991451636565
0.6129204206936077
0.6107101884627317
0.6149088281227201
0.6253184757378528
0.6574631583868716
0.633365457145968
0.6434355721504553
0.6635904495455845
0.628074973930564
0.641164879597174
0.6298866319784616
0.633250303592293
0.6311418540565488
0.6548725393664834
0.5916420650843139
0.6100581012693836
0.6183052023182173
0.6220761788082028
0.5945809469767785
0.559136670198004
0.5872136135256598
0.6548114165090534
0.6614305146960218
0.6122041902304827
0.6217279391306982
0.6648913552996821
0.5993122965303406
0.6565218613238438
0.651525796679113
0.6200118906683206
0.5921287672834447
0.6149304334353882
0.6481907748874735
0.6450472875050329
0.6552102276528854
0.6135955632522405
0.6274978627177553
0.6468009384562562
0.5968337041929688
0.6478129659504767
0.5885122838491605
0.6043618903515342
0.587785050905231
0.6028395025571259
0.6193775176221527
0.6110670248904435
0.6334992899013937
0.609567683717998
0.5944757260097919
0.6526544688205629
0.6276396392900809
0.641446867587498
0.6491909486655574
0.6522520176797736
0.6063676041231463
0.6036427117249853
0.6447737024630646
0.6134165871585923
0.5998038605679598
0.6261845824782296
0.6045791252241896
0.6355960060526543
0.6537816064747357
0.6371621359740276
0.6317070637040213
0.6095675370292376
0.6249433234440795
0.629545975194337
0.5921598356084171
0.631610142909553
0.6389032369130714
0.6427656182999678
0.6423390337057677
0.6416865634190655
0.6185600443864352
0.6728811169022111
0.6203958004385324
0.5716656460852698
0.6414961520604324
0.6342425312988401
0.6240226309631456
0.6768219789128023
0.6319706678786563
0.6038630032466387
0.600258145047857
0.6207541575110617
0.6306442693880796
0.637151646639671
0.6483631390108515
0.6276649705106725
0.594348690256557
0.6376956365524593
0.6076741593927929
0.6199281819372487
0.6092983062866845
0.5860736761078554
0.6011535276260613
0.6241690834376149
0.6312254889754918
0.6109793654106994
0.6086051169853307
0.6650396819782225
0.593091492856326
0.5646015833954128
0.6174866969171531
0.6297381052287289
0.5723497552173162
0.5872106463276289
0.5948452364853306
0.6222896347263135
0.6514044257432626
0.5659934187785958
0.6247513353950436
0.603358568599492
0.6330371738225277
0.6711237545698694
0.6634557794926897
0.6117497504275637
0.6384762654388132
0.5923551271709332
0.6086125793289496
0.6584264071044122
0.6072863455014463
0.6096731621370652
0.6340035700863872
0.5954508023075186
0.612424420314566
0.5833943397859891
0.5929246687909367
0.6284220947261954
0.6165894757465203
0.5962718334408315
0.6158494408122315
0.6195394228332729
0.6085169220564428
0.58766620196452
0.5966984046690978
0.6237869687783214
0.6186876919775117
0.5798705754937159
0.5845867564863295
0.6628143873767869
0.5893491450207525
0.6681845881182583
0.6100701876849551
0.6102896315786557
0.589665472053406
0.6105181725839485
0.6172984723853056
0.594903532509717
0.6045189178593625
0.6123665445700087
0.585762905542427
0.6146784836037247
0.5753552559694822
0.6015352135719194
0.6002668710797905
0.6382046834513121
0.6452843516508309
0.6190575287480704
0.6587113717693157
0.5893283459805816
0.6752805410590085
0.6077023909204833
0.65945805866894
0.623533725341242
0.6190611928407468
0.6555494121015093
0.6591670422378262
0.6596478223259135
0.6370985919641964
0.5934676231049552
0.6103710192473755
0.5955345968036229
0.603464412331594
0.6200885882584983
0.6344492607108672
0.5803010071584956
0.5770733422978179
0.6334175473530619
0.643351977701903
0.5344543402443771
0.626511946242646
0.673601825770946
0.6539369620811776
0.6804524196201382
0.625766315703039
0.6319771466598119
0.658582989117302
0.6190113054022973
0.6188889778413001
0.6295924922334224
0.5745632852233116
0.6287622228733718
0.6479099065279983
0.6453714976489634
0.60046293203154
0.5893550551618162
0.6294777964087953
0.6627212787077466
0.6104847369825085
0.6491354574388882
0.5678026305835319
0.6311458049855572
0.6374374589829337
0.5860557888678167
0.6028499640434923
0.6385232761796603
0.6608517679958508
0.6312238963647028
0.6501645804105459
0.6671346814219011
0.6041096540642246
0.6651796602861179
0.5921787167987955
0.622334900448022
0.6259310998988892
0.6172187296715304
0.6185575738722854
0.6053958780419769
0.6283290642115184
0.5886726113648363
0.6057166471040276
0.6245809343789062
0.638701757191352
0.654155748498196
0.6193880591618823
0.6383671311002452
0.6598996048617051
0.6547862537533689
0.6331175826657515
0.6344833733293296
0.6043111848179528
0.6129286401930996
0.599274917845561
0.6682888887868819
0.6471819588010889
0.6396075870994068
0.683747414967564
0.6560655926465438
0.6414437435726331
0.6823399526777297
0.5997027232072746
0.6138225127415127
0.6297227946032184
0.637665710258708
0.6370754419296685
0.6511552614822148
0.6179993612664273
0.5624768266918951
0.5789304673696807
0.5444337502609381
0.5350056464605552
0.6039788228883058
0.6073071554567082
0.6318024124484141
0.6185340292586302
0.6121684857465806
0.5770904624329495
0.5522676552451445
0.6150284267053798
0.6078574087210646
0.6109162961543774
0.612865537649271
0.5668501786298942
0.5819731274214002
0.6208480633489238
0.5865325308586752
0.5866967603773201
0.5738905566455977
0.6111679959207961
0.5862259713412491
0.5775727516791302
0.5890382848392716
0.6204384168987105
0.6383138835269547
0.5951443539247325
0.5636457544136311
0.6309630204054403
0.6087821276193703
0.5309877321011883
0.5891237430427319
0.590977124366946
0.5863711927973799
0.5763651505358577
0.6099138391719998
0.6156499846551752
0.5833325615094106
0.5783876689790104
0.5644333088900312
0.5764960807341207
0.5295305472786062
0.6384328514217643
0.5709247551062763
0.5749575972479786
0.5642091577945515
0.5738512382481288
0.5770214190797129
0.5381355138826205
0.5321839667395666
0.5900658461597427
0.5771314519375761
0.5753483427701971
0.6051525785277936
0.5669380000391124
0.5790379560209156
0.5654486508053956
0.5746844372230935
0.6009547752248946
0.556409728828274
0.5476677834339146
0.6098826646658222
0.5805720336629483
0.5608137487354855
0.5998527389124482
0.5956768531560521
0.5801275922717269
0.5832105584620401
0.6020995573157452
0.5825275469253172
0.6382012864684764
0.6147920284462883
0.6074237311830487
0.5820835691279248
0.6159678551364186
0.5797000645531252
0.5727250906171876
0.6084746309412047
0.578407615033692
0.6439513363263905
0.605253449238746
0.5899186571849685
0.5514630946643231
0.6044189284097854
0.5913621819307616
0.6471235654287528
0.5868508122167836
0.6150946107596086
0.6109110393334964
0.5884295264410614
0.571455534316735
0.5888427874912621
0.5811454451014003
0.5715227679915164
0.5882019318420809
0.6086421539975218
0.6042106847687227
0.6038649008569775
0.6102390165873681
0.6269812582649302
0.574424540554225
0.5547106875387796
0.6724244635446094
0.6525299178286573
0.6469595351778727
0.611779834351499
0.6313535409065371
0.5816489734399776
0.5982300896972147
0.6125890973931926
0.6000763924157886
0.5726583869779135
0.6104667669660948
0.5572295455897178
0.5855748524976939
0.555796363445619
0.5620931109007261
0.585201198387013
0.6264635531544673
0.6364498473594059
0.6103858915165801
0.5741815690713462
0.6374945871766214
0.6332869278683249
0.5934162818479036
0.6392979474047459
0.622709465362712
0.631175958293436
0.5798331116924292
0.5528391988524521
0.6225233330862497
0.6395169996912452
0.6139414515980625
0.570275216694051
0.5573985508293836
0.6236243970612747
0.5712053538498449
0.5992431669833407
0.5469948967230285
0.6025860670228924
0.5287921633498441
0.65111867435025
0.57924599663318
0.6263162013159096
0.5944783700707377
0.6011437716861635
0.562733294244984
0.6186571153218865
0.6136647473230198
0.5843462666970483
0.6154047060496111
0.5922414384788571
0.6029349934521181
0.5477604170857178
0.6307951858187085
0.5860663506579151
0.6142165317023458
0.6020956158921804
0.5432334114114443
0.6251592941615469
0.593578584201488
0.5555391803614182
0.6300631740777806
0.6827118756765395
0.5858011685298186
0.6300509809836546
0.6215161649818002
0.6474268014314377
0.6557351945792144
0.6112694085987437
0.65496175183988
0.6651357375017228
0.6530884452197593
0.6525959352747992
0.6816082628038236
0.6770964430399213
0.6425456163184241
0.6079173711027801
0.6100209042324712
0.6573033197404062
0.6683086406156731
0.6275870058925125
0.6563206524073082
0.6338248121837172
0.6399787762692456
0.63550427310836
0.615945882970095
0.6563206524073082
0.6035359711483258
0.5548279108825839
0.6784888979563773
0.5944435832884498
0.6634868540950531
0.609139210402528
0.6040028391178734
0.637934980356219
0.56913018459805
0.6836043113887804
0.6013370998922798
0.6448004355575069
0.6121214199552197
0.6033709779949478
0.6307100598479318
0.6318789422840301
0.6203180891611081
0.5962255217595923
0.6129699015944444
0.587944171404802
0.5841897458926963
0.6002483117645807
0.6131461254189793
0.6040213642705742
0.6284544036024443
0.6565137384853406
0.6534896130981135
0.6385219089336155
0.5816018434642551
0.5944860599598792
0.6031456224831446
0.6366578745208111
0.6453188955522831
0.6270949807285091
0.5778640501977568
0.664240728326175
0.6501005107841099
0.6088597714048847
0.5876073395482928
0.5958952129506642
0.6174518125237343
0.5853653405457673
0.6267592074401952
0.5993289551681614
0.6088421263659016
0.6160679965702514
0.5912594251125356
0.6233112213390269
0.5779743157937234
0.6572120115684797
0.5845395614275682
0.6535830134919656
0.5456408443595437
0.5966696033220806
0.6274091079583631
0.5660240830719729
0.6403821068513312
0.6442881667115016
0.621873508798673
0.5970992475192199
0.6400100725631813
0.6594726681608275
0.6358886185774731
0.5766931030269271
0.5947059167127975
0.5874479984056765
0.6388135247395278
0.6347548090891141
0.6475452943916702
0.6554776702942967
0.6317833353676455
0.6129019226899733
0.6202670250612472
0.6564702670077172
0.5943170678411472
0.6439996510379701
0.6081960510679291
0.6054559366279346
0.5900024468097228
0.6338361660219414
0.6128445228355943
0.5954998261085904
0.6177524511563102
0.5843503406861351
0.6322901769949845
0.6059765841458085
0.5962689092246466
0.6528629923747153
0.6218186465768908
0.6232626141641935
0.6598774161462357
0.645027063950063
0.5918226313465907
0.5928799229521332
0.5938165595973339
0.5971011836559271
0.640062019112596
0.5881672912640546
0.6326682869197677
0.6123855862308023
0.6367344391135616
0.5882582240722928
0.6438321923566401
0.6147661791772911
0.575185149118585
0.5700655681975607
0.5695541645626316
0.5687041191663378
0.5886951909542864
0.616824609226652
0.5908040821842441
0.5905204845397218
0.5765085709529993
0.5907271228840422
0.6062009473551054
0.6046799060426369
0.5906975308259345
0.5660048012492043
0.6179096733735397
0.5896836247560612
0.6297476330509963
0.630523867171521
0.6315210904114507
0.6312486483750994
0.5819980957262079
0.5900485769879807
0.5766732715885411
0.6537954295046652
0.6388943599594018
0.6162220873606769
0.6447868633285996
0.6379444118115295
0.5896780432003023
0.6455117862839107
0.6260987669531369
0.6013890640155962
0.6481302016270214
0.5947700336338904
0.629590380349889
0.6371813527222001
0.672448839762354
0.6077023909204833
0.65945805866894
0.6274614249204874
0.617871014004517
0.6592157642446271
0.6731792864116858
0.6610570125993069
0.6370985919641964
0.6081838420091868
0.5919299726591956
0.603464412331594
0.6188017949920493
0.6428587913142284
0.6567897911330632
0.6401541010444446
0.6444713598526904
0.6182200034951763
0.6513223214032783
0.6543110624068021
0.5793929203966216
0.6343063527442738
0.5956225586799114
0.6319440692909205
0.6357689513672516
0.6041860223339515
0.6023839990177781
0.6130631926086465
0.6357689513672516
0.6041860223339515
0.6023839990177781
0.6208984907889744
0.608935222561811
0.5777615064282993
0.5576305412309135
0.5607829261391146
0.5917725207709469