0.6007468048154606
0.6219824313588377
0.6505522399654821
0.6348120119980634
0.5791799519942317
0.584200972401149
0.6011212637848832
0.6130036759645112
0.5710716020826387
0.5656328946404078
0.6038058427292281
0.575513296434267
0.5769657697494459
0.6027447173646626
0.5772066138067159
0.6117723584341027
0.5984652606934171
0.60957493884147
0.6243363114064441
0.6311085832040055
0.6078141780158466
0.6181372708909033
0.6205139836406023
0.6149315173035305
0.6220597110248846
0.6286292124409013
0.6199783638558137
0.656151292259191
0.6091522500730812
0.6070775229878193
0.6348650359184775
0.6317517684768756
0.5623940388458968
0.590360296688684
0.5800766685995726
0.5965140092027785
0.5788690045506645
0.6021501936509095
0.6079168346114985
0.6174147138008376
0.6075579959670165
0.57049951597168
0.6287720036225571
0.6398700170050532
0.6132769123221983
0.631537058757888
0.6210523349364904
0.5481085962627222
0.6251908003873233
0.626346438104678
0.6339326350543093
0.6173555419747185
0.5866635149628406
0.6123437201288815
0.5922983609510324
0.6063673108635025
0.6353332794996709
0.6189879409044342
0.6414540212664464
0.6168672337731121
0.6042193107960274
0.6233449397684624
0.6165044226798512
0.644947304908553
0.6484592859645099
0.6022975636730482
0.5681072710342938
0.611195439980004
0.6201461661509006
0.5940370201128072
0.6132618513128062
0.586738418274267
0.5770294284874178
0.590335513206164
0.6141941178103819
0.6210996018760236
0.5902606794897486
0.6039353399069826
0.6620172833907323
0.5957418843324186
0.6301198700293555
0.624786621962218
0.6481345357997425
0.6301824424719485
0.6268419194398823
0.6429781057198757
0.6599790108582152
0.6272859670188242
0.6199129564121644
0.6386608360963364
0.6832685351638339
0.6452152310864269
0.6563557755419838
0.6467290282485411
0.6343580610566345
0.6469811655871862
0.7275055079391842
0.6823642366056762
0.711743051779282
0.701061291415122
0.6737368342234638
0.6684123400437026
0.654465369455782
0.6686638843917417
0.7074805222738699
0.6986574602495524
0.6533025037694768
0.6324147162418741
0.6583642356635053
0.6480530729680599
0.6469697072523632
0.7132473532075616
0.7233648316673349
0.6314865720628543
0.6769754123271529
0.5964984638521423
0.6222273936691795
0.6327651386625465
0.6800267705887757
0.6964688224014443
0.6890480263606491
0.6492354872549421
0.6743294572510176
0.6459953605609299
0.6424503517454287
0.7015312822148712
0.6763491431515662
0.6297943119127697
0.6227903954498196
0.6331745743471092
0.6183321488057094
0.6036592257294289
0.7080129557134177
0.7035156367354405
0.6177208694127588
0.6070454330224857
0.6849090613835549
0.7068690893857114
0.6727227790873149
0.655725552333333
0.6689846648903535
0.7166117411914439
0.6688427734805266
0.6573812728650548
0.638747885179441
0.653846425527731
0.6418736786698617
0.7081980834531756
0.6651697080540312
0.6919380060224329
0.6963734321044427
0.665689049100716
0.6563491373370932
0.6117901129326081
0.6285520520080587
0.673072807245555
0.6598782862668541
0.6436314302217805
0.6595460486823884
0.640213191068727
0.6409521450605477
0.6169616586987958
0.6381572528379377
0.5837113913708478
0.6148145474995088
0.5869026588881787
0.6465099884899178
0.6496184283867009
0.6245749861758172
0.6725009181463076
0.600926801213158
0.6993303434516628
0.5767585730394031
0.6096678096438178
0.6299474416845525
0.6138096972237894
0.6372580939494513
0.6536681076293831
0.6375439443864597
0.657751440225383
0.6925285018664663
0.6463607875705291
0.734105781264675
0.7040636038266882
0.6480199071229858
0.6069802892007325
0.6160943790398176
0.6129720262663746
0.6184429222359331
0.6420762611526425
0.6518481387388048
0.6176759641791736
0.6681227369304895
0.6210750022722675
0.6116303266940424
0.602742061309314
0.6474203392230812
0.606864606209174
0.6448891078452426
0.6033573802403913
0.6183772762824897
0.6037936764315784
0.6296590741094825
0.6020155822998949
0.6163507825469383
0.6021544517445107
0.6205268458259803
0.615084151258594
0.6124845026256522
0.5958773098829591
0.6146628895116026
0.6101407568892842
0.5962299999536598
0.6049894925846148
0.6537841348990139
0.6331992468347016
0.634160632327092
0.6198694001804076
0.6696258525782128
0.6801650851036879
0.6299491997976122
0.618889449978118
0.6517299496154308
0.6824329200222111
0.6197679868467348
0.6535027748511232
0.5908263880561492
0.6354093206889904
0.6248932847038419
0.5922159097142091
0.6480116955853394
0.6431665222349181
0.6224239406778437
0.6205650215554916
0.6324101288047693
0.6176958932031777
0.6540494747512933
0.6189935433466556
0.6369284060122048
0.6367531200817891
0.6451901462999597
0.6465755038824147
0.6198727312957624
0.6256673374464623
0.6215303078676868
0.6399185878685862
0.6450528807281793
0.6413998414082703
0.637273031001173
0.6521065780804168
0.6767147159259937
0.6698423290419849
0.695071149137913
0.6206698905515848
0.6008314460117542
0.648147931132452
0.6520459585124007
0.6316943747415974
0.5930558596346092
0.622072894601565
0.6034393219164901
0.630325791660292
0.6032766437929477
0.6390361005308264
0.6209899884930532
0.6152395728821066
0.6284080978806041
0.62882963180964
0.6004103392574386
0.5830678271075955
0.6108926459798681
0.6335380084881783
0.578686396913836
0.5914464792637261
0.6137937425795006
0.6217046689841127
0.5854314458790256
0.66525584358865
0.6264682496313264
0.6695547842642752
0.6651563296846408
0.6630646983462759
0.6541569764375608
0.6295831485564841
0.611441151047042
0.6142582610261937
0.727771091965811
0.823488513757116
0.6659988383108963
0.6440523461509948
0.648208116376734
0.6416735912462161
0.6187186073952367
0.6184123616930309
0.5998317827325468
0.6123876227883696
0.6117681664062944
0.624825113334609
0.6258749275922741
0.6008931897724784
0.6042437660435763
0.6320783590591312
0.5924687368010174
0.6713509654466701
0.583497511144408
0.5953627572618768
0.6445874258924902
0.6111322645507204
0.6472480125320265
0.5990302293885715
0.5886716052218613
0.5999232828987406
0.618373094774488
0.5917100467953031
0.6602296546072207
0.6274123266289798
0.5917447455252635
0.5980588878216672
0.6578824598614463
0.6090597058521107
0.6178705180960145
0.6237652117550356
0.6370432712586679
0.6459587672677741
0.6333057208006683
0.7115095678122292
0.6548664753587221
0.6677407474698485
0.6783469193663421
0.6819339228612242
0.6489609955488527
0.7425548597112611
0.6880191302067792
0.6620355861925504
0.7248072993843604
0.6679741404233287
0.7118025952084024
0.5993368691846658
0.658200100878726
0.660215145934987
0.6474066096632728
0.6554040702433171
0.6442890632620678
0.6734498969958828
0.6844173391393862
0.6454764662392708
0.7007768335345297
0.6612889684124035
0.6505962705808812
0.7754747890877293
0.7483930126635493
0.67849143202273
0.7007037993891038
0.6630698609100106
0.7423147520980855
0.6509097261473316
0.6568838994914378
0.7223817557587159
0.6177927395619817
0.7628146108952116
0.7350762231147298
0.6170536620292998
0.623018578530291
0.631518196292503
0.6583662086847003
0.6502429209489995
0.6395430633502767
0.7215060149733149
0.6430823253925201
0.6490963306258846
0.6170549348207569
0.678692792008716
0.6242144630255145
0.6370021248750496
0.6173252964263708
0.6158975557700009
0.6282828754055303
0.60246830391153
0.6465483455729515
0.6610612492816732
0.6432207166329038
0.6404198832296688
0.6468341257790562
0.6013762392705415
0.6372723716238642
0.6211881356128551
0.6148090142748711
0.6408462964810732
0.6304528692496632
0.6116647013711527
0.6718306811354228
0.6893761779103866
0.620134023884277
0.6700449023331349
0.6952464610382727
0.6617122043082853
0.6611051034399026
0.7005079388913795
0.6540854882194079
0.6545803519199022
0.6542480794657977
0.658813327640391
0.6346982982422197
0.6617709209996532
0.646509138759943
0.7018530731810593
0.657559217957056
0.6068686453498967
0.6534646867879731
0.6452771658219162
0.6650029779359998
0.6715772827072524
0.6533488735436879
0.6277241862857378
0.6529242371307188
0.6787934549988593
0.6525755102936122
0.6566033490060875
0.6535832233587398
0.6635424468894638
0.6419514654640659
0.628516634705422
0.6536905119190485
0.635765825435753
0.6306266532763428
0.6451710789785386
0.633502658563519
0.6476931243697401
0.656785202487082
0.6070365522310588
0.6490473374438297
0.6853999671017142
0.6572529828847063
0.6813108614812898
0.6894295777865006
0.6812468794855066
0.6502647238810673
0.6507840016717096
0.6658496097122136
0.6842105714871636
0.6455396078224692
0.6367487551039753
0.6332517417995526
0.6332473941048945
0.6371792569715865
0.6240093271720504
0.6743723605413986
0.6458243514651858
0.6635984377828755
0.6407537615648999
0.6478934470089676
0.6511999091895323
0.647314714534113
0.6430205216418503
0.6320382219783102
0.6442834005927307
0.6092318290428022
0.6376211719955105
0.6437368576619659
0.6495815959251375
0.6632314699810377
0.5935337703701891
0.6623314130295748
0.6733971568411475
0.6682933664363969
0.6332880882421602
0.6699771336695723
0.5984513143480664
0.6397184639898272
0.6418622261315703
0.6431501645951659
0.6598938985896864
0.6451118816827321
0.6443028847008693
0.6888500169740348
0.6631103593204171
0.6709541525294273
0.6839593969563185
0.6233735617448448
0.6363573814457315
0.6149908953749639
0.6468037029712363
0.6097184259910059
0.6581442459921373
0.6659846332776972
0.6281703940455733
0.6556075675605297
0.6465671269973854
0.636364356811665
0.6394244731850642
0.6563327841512112
0.6136490517893808
0.6909299310686604
0.6380306006003129
0.6473215367487782
0.6582437971911718
0.6465453596829253
0.6162308293620703
0.6491716430231697
0.6554006301384286
0.6645386590865855
0.6303269764433729
0.692976173096958
0.6254483903241811
0.6180206488329567
0.6440363391950372
0.6301889829244116
0.6172806518711618
0.6119247305652613
0.6208249459547595
0.6498889715322429
0.6309552610706398
0.6608460196057715
0.6748528166010017
0.6374567089628631
0.6730338673736463
0.6377130262427211
0.645027619156668
0.6388232926939699
0.6013651901395612
0.6647786087836675
0.6138835397861403
0.6373180552963319
0.6438288844250445
0.669628895996825
0.6329981280731246
0.6742335400559295
0.6299671262100335
0.6085573177649803
0.6571544057510241
0.6450853806197904
0.6680407290604821
0.6282647578386327
0.7076119612911949
0.6037277123015362
0.6482368818484245
0.608750620413343
0.6200013271452376
0.6587727016714828
0.6457998343081057
0.6628265095413223
0.6546411052452827
0.6750659324285859
0.6660937946355255
0.6840051546736053
0.6252159975566872
0.6407978588803095
0.6675833974373386
0.620881176407704
0.6689737825189124
0.67147870294147
0.688138543850527
0.6257841420216588
0.6632439270032465
0.6196949017412603
0.6264215309778491
0.6455680486330918
0.6711275456255381
0.618890562011845
0.674637376148163
0.6822159319267044
0.7102581821233972
0.638976532656143
0.663826271815507
0.6588241253013309
0.7132833278385603
0.6606711410148383
0.7505706385362484
0.6578045960750003
0.6421302902490469
0.6456581788050193
0.616236000613501
0.6390823358034344
0.683857046567947
0.6141813463897823
0.6364203357918023
0.6122723932315669
0.6326281813378238
0.6324197313481033
0.6335717547287701
0.6488268396693515
0.6430452437637131
0.5555851381945993
0.6343559929705276
0.6526428264750503
0.6673823736096934
0.6753181911090826
0.6398202449863084
0.6723509085295931
0.6467360116502437
0.6432747128787615
0.6226998066854139
0.6486453849315322
0.648004921786491
0.6266209105245293
0.594740816175537
0.7165880281633156
0.6990175502648548
0.6395522777923407
0.6520600843886696
0.6803664497014209
0.6543133172134126
0.6767714037189602
0.6515771391925739
0.660075324745656
0.6228804937373249
0.7008653413895408
0.6796131294175535
0.6783642452703896
0.6333050836237653
0.6634461733932161
0.6493423413530184
0.6473052761775492
0.6376021631045279
0.664003349936425
0.6228804937373249
0.6849803443350851
0.6851325654567563
0.6753826933461595
0.6240868971086826
0.6362048075823141
0.6140928667577497
0.6418990818564426
0.6624478068651528
0.6636807346703414
0.6530101085745219
0.6373086470266507
0.6794323432923906
0.6326650160452775
0.6265744263894205
0.6282647785027456
0.6617750006339668
0.616829946252488
0.6159719033239303
0.5979478481101764
0.6174843611568244
0.6187175130398253
0.6267909549636981
0.6187634139257421
0.6342427074699742
0.6499436699186198
0.6853398851878446
0.7020226763695692
0.6200201692559666
0.6757961718258667
0.7199236446129014
0.6652334973544892
0.6275377196826282
0.6328186592815188
0.6350610240963327
0.640456547217566
0.675340461888378
0.7110453834345777
0.7256811445991359
0.761861154454799
0.6574148624359935
0.6246017095691775
0.6657780344124024
0.678174395223892
0.6491075190928393
0.6501748699623753
0.6496742888726637
0.6300157650104906
0.609763172776827
0.6570286875883401
0.6522494514543264
0.7395334848902129
0.6372059119611309
0.6605761866510637
0.674579564695718
0.6531397298411236
0.6088689997825242
0.6122121585466356
0.6481198403344234
0.6138912734501543
0.6553604335704
0.6707560898655575
0.6003212349046452
0.6687453908679045
0.6491893295960061
0.6611386817682571
0.673653159078051
0.6334989143263069
0.6555993794744926
0.6558652645860767
0.6502846318809661
0.6142869352059216
0.6323473356121241
0.6270231145951114
0.62746902455808
0.6540173487535544
0.6664673286891648
0.7244231776010711
0.697788877072399
0.718487271509401
0.6470063110828582
0.6131828947570049
0.6111170153820217
0.650341061731423
0.6558733557891643
0.673010855086225
0.6087645546872336
0.6147397303175481
0.653193578428881
0.6631465994260545
0.5997278651254836
0.6695000751232585
0.653568478000496
0.6804145070581602
0.6690467442122122
0.6088973304408083
0.60828329953708
0.6434126621033703
0.639836356015177
0.6426823676818105
0.623900662168745
0.605414053967265
0.6350290618772081
0.6159881860402856
0.645522270451422
0.6531429509405281
0.6260348661059665
0.6386857943023133
0.611672056338966
0.6528620311211176
0.6534385680024903
0.6553232039263657
0.6053794452707577
0.6511554847417029
0.6821732553601817
0.646642600472796
0.6498983129923779
0.6641193607676942
0.6783345244029925
0.6530918500226276
0.6338881601925576
0.6603230452152844
0.6319657361438782
0.6222178790706304
0.635949203369748
0.6558553703554553
0.661848811383661
0.663826271815507
0.6334021960405226
0.6705829956782414
0.6389783990854792
0.6453207524097844
0.6134905023850054
0.6534123370423017
0.6311928104394652
0.667489220452651
0.666731604407115
0.6573593274784736
0.6519098533560845
0.6910355445391323
0.6561752911413702
0.6238648658775146
0.6134104362076318
0.6449667981747621
0.6243984806519338
0.6334644467027059
0.5760405303919672
0.6343149028720872
0.6350827340761697
0.6226603141727134
0.6335292256243416
0.6313826816755995
0.620263450589939
0.6168185157486473
0.6402077687660138
0.6086236465305981
0.6269127364542493
0.5822026964988554
0.6059207652262298
0.6333272244466549
0.5868566339898986
0.6339468697339361
0.6482055800735239
0.6601081058908694
0.5929991783579632
0.6311495691662314
0.5983276184714805
0.624996310338102
0.5835575733096406
0.6172038564714115
0.5952665065711321
0.6007097966390025
0.6297831259146371
0.6277312744352965
0.63341864312439
0.5943337864918186
0.6387211448333754
0.6357612540926737
0.5955380300991339
0.6133689452106502
0.6210615871268362
0.636173042031143
0.6111099597114841
0.6354473739393699
0.6393195487942949
0.6053325683019782
0.6305273761092782
0.617805702140683
0.5797330538734499
0.631297673765172
0.6468623976710691
0.621674650902983
0.6553104840084976
0.6201430817459986
0.6462499537814387
0.6598426379592863
0.6160860870298188
0.6619366555964378
0.6327396141503213
0.6552332419842168
0.6697040221153778
0.6921741557254427
0.6613022881995463
0.6528549583757233
0.6613386487980598
0.6739770829898338
0.6768268839661743
0.6556296201800511
0.6492941485228274
0.6521918208768366
0.6365557178197714
0.6627336357512633
0.6656015745540931
0.6626981814510449
0.6343829504201367
0.6716463639575095
0.660375697139853
0.6641587755266479
0.6364107540317454
0.6439455542268949
0.6072421644357751
0.6214701650960534
0.6337667908890627
0.6023337883188402
0.6321280790119472
0.6247732950788848
0.6373469601158208
0.6346752593979137
0.6506728025082866
0.6543161716017853
0.6528584580331684
0.5902433368314267
0.5953453015871103
0.6275667027682935
0.6153558131040755
0.6277191425385554
0.6441887649041975
0.586928189638313
0.6326379400004943
0.6436298304277572
0.6734443535211989
0.6688877806755675
0.6697956050925605
0.6597753578107303
0.6359700467669284
0.643488181415724
0.6306510430597093
0.6244104521368682
0.6348027774465773
0.6054937051711873
0.6190673144010396
0.6230686939300073
0.6348027774465773
0.6064725571074229
0.6357982556395061
0.6479055845811701
0.6512521716801388
0.6448697744746467
0.6574244599457326
0.6425008573975161
0.6667802999024139
0.6000763365659382
0.6571596086870785
0.6423233985230725
0.6700092265276024
0.6483773137668956
0.5974175998564978
0.6177397983910219
0.6374444222675596
0.6020770770409387
0.6021931484043416
0.6257443677484955
0.6727503252847998
0.7123232247287951
0.6492082418829582
0.6679532203351712
0.638409736911951
0.6457849914845133
0.6432775358691724
0.6322043957308832
0.6844082234237576
0.6706064186547737
0.6512821421119964
0.6614046503406826
0.6055436917660181
0.6240768919964149
0.6246282480284202
0.6302357213557384
0.6515238851382532
0.6525084364428397
0.6333127117242895
0.6487532281692181
0.6548750696858837
0.6473757819732723
0.6420205273323311
0.677422417321579
0.6403513532934978
0.6140609023291925
0.6091252524465076
0.6654688626942075
0.6394813102830132
0.6541395537555893
0.6398891350335286
0.6165077976671757
0.6320909652872191
0.5981544835203
0.6160335926687099
0.6252236492419265
0.6301226856163538
0.6011291751831808
0.62217619932863
0.6456707806978363
0.63625287405676
0.6348355428169945
0.6192123487506986
0.596559352097369
0.6238699383424617
0.6775806839668916
0.625034228498562
0.6123443965338139
0.6374331833847666
0.6269918916073457
0.5576814318797603
0.6521186395253739
0.6312841575377136
0.6062419458689337
0.6581047178000748
0.7268489333597421
0.6920114435555735
0.637993009002743
0.6840276397330065
0.6208326320956904
0.6325628454121521
0.5857159232195922
0.5899780432157166
0.6648721967731149
0.6015788390536865
0.6447705711498186
0.6475608853765731
0.5550602838315281
0.6261273642381529
0.6495985532972045
0.653192943356586
0.604682515400271
0.6388443317346056
0.6551425145986547
0.6119111162150749
0.6735700122108205
0.6214218831757112
0.6555493182190996
0.672096890346186
0.7169168094758751
0.6505536756823941
0.601366684002973
0.588216808636288
0.5466481376470052
0.6715320882328046
0.5864430420790887
0.5554509574090184
0.6598786342373139
0.5520753697407306
0.5930850606523941
0.6110963940984447
0.5995828792647154
0.5625397871406127
0.6587088683141572
0.7043126343246812
0.6694954179982274
0.6285129546469376
0.630028851408087
0.6294802154168734
0.6283699709325745
0.6371730126291281
0.6750219230720649
0.6549928440148459
0.7023391034241656
0.6181747944780984
0.6289690918081232
0.6077038831617498
0.700278525069997
0.6742848010419287
0.7337208084875404
0.6152506995902013
0.6606850316932436
0.6287228042502533
0.6131896468028462
0.62631605309291
0.6600676702844935
0.6277518400675379
0.631065815701389
0.6293043118785164
0.671568850090865
0.6358321114506541
0.6016561973604181
0.6285588562237204
0.6427552540782991
0.5984305277341077
0.6362329186584501
0.6525469834168444
0.6189562244405988
0.6370028733920187
0.5908333393012624
0.663158145000006
0.6476176307097493
0.6205010269422442
0.6390438554307305
0.5983325320751753
0.690306475160592
0.6390358874042055
0.6257870005146273
0.6407768985860457
0.6078323302967117
0.6122459851686343
0.6244825701403092
0.6064125815215954
0.6482798574936623
0.6045173330280933
0.6332624029615521
0.6003962495155386
0.6278876430746725
0.618647507231243
0.6007929184627689
0.6156758688883471
0.6251126401318804
0.671032833691084
0.6323155052048962
0.6102281774566426
0.6224970273938871
0.6521779449243097
0.6578160073661352
0.7060968581217477
0.6848209187805075
0.692305249515008
0.655332292032746
0.6681036822102397
0.668059191908251
0.6391078754504356
0.6693618750309486
0.6584259236483845
0.6447223625108327
0.6574724088023536
0.6303788271769352
0.6865669521251994
0.6878932578388992
0.6733903258003465
0.6106647916873523
0.6471383102206885
0.6117188525256676
0.6335101738257358
0.6580729817746279
0.6500528648778666
0.6419269467646067
0.6422939922344674
0.6631253158564812
0.6613781625645795
0.6284779438936763
0.652453278265347
0.6027640211310211
0.6773452116099717
0.6558536637673275
0.6039448273723739
0.6759514387452019
0.6412702177677622
0.6282815879342721
0.6643002872257628
0.5913593766758198
0.675094085961829
0.6126392745244379
0.6269421891367158
0.680596862455677
0.631195896679912
0.5980718820046568
0.6270079037284361
0.6968776476858024
0.7263177639572003
0.653854048641404
0.6248304822598273
0.6105720077546378
0.6496460368775768
0.6190080682338588
0.6430922437440824
0.6375968019664487
0.6439538058391837
0.6072394143423315
0.652077148161216
0.6668154516845172
0.6466633810020607
0.6237850905956654
0.6478088767754372
0.6552215788320356
0.6343503654170479
0.6575184844632477
0.6496554090572919
0.6384625838208196
0.6941863390764633
0.7224434618946229
0.6741883150562851
0.6845480267756827
0.6897119263312146
0.6405153937594387
0.6654930963820258
0.710926243911077
0.6649611403521904
0.6929310399143672
0.6969319483899244
0.6834095222957247
0.6706147353535991
0.665852258980059
0.6540936635326087
0.7239790862124751
0.6365425138885707
0.604929086778357
0.6736397399573993
0.5943813177356665
0.6701793323572042
0.6214976747602333
0.6555742070950475
0.6581598887376793
0.5931780723947965
0.605603107041257
0.6465290263703259
0.6640927913231389
0.6340968485699198
0.6782146331721939
0.6283748570209889
0.6438572898598737
0.6503255142935489
0.6097634621494431
0.6849825615940366
0.600282875223544
0.5919850507910183
0.5815303480930895
0.6287042367751133
0.6272294049766148
0.6410183254006481
0.5671860979471828
0.5822833356550788
0.6170427035881235
0.6426119191830116
0.6131815541220876
0.6058575136614259
0.6527756072158094
0.6212982643434911
0.6318704447913607
0.6311821385169774
0.6481578735253196
0.6543826722331921
0.6057622909454977
0.6203704842603123
0.6102003408623121
0.6275880792815005
0.6377422220554464
0.6596791248844492
0.6008609907188676
0.6620911918736297
0.6589053860704698
0.635661465376101
0.631415776295555
0.6529777178742293
0.6457785798424377
0.6581810737102979
0.6467684882918227
0.6138110990524063
0.6655362957213327
0.6399378147052929
0.6294891353507077
0.6065517276877825
0.6920677404864704
0.6642488870334917
0.6471831577408488
0.6205769985218689
0.6081069735060616
0.6154351096305753
0.6491975727006002
0.6560706256839205
0.6703375663945408
0.6190186536312229
0.670298325923799
0.6591779149759674
0.6612405974214097
0.6630455195164179
0.6498935235582467
0.7179423588633835
0.6734564793774994
0.6918790174745485
0.6954406912385689
0.6572502060298312
0.6509302369396527
0.6803462708337049
0.6813722421327243
0.6002308714419967
0.6348126041529119
0.6652452308369577
0.6575344150417046
0.6460400659994024
0.6516027649811797
0.6484591555016159
0.6378408928659105
0.7081053330409249
0.7423606048047293
0.6747779466603979
0.6615505022360942
0.6769915577894491
0.6761033032257635
0.7093659915277405
0.6930396925989629
0.663349797708487
0.6594977451550962
0.722957185385537
0.6704193844287585
0.6870077695289418
0.6286856761879522
0.6498372157733768
0.6386912876117298
0.6486561618119436
0.6282771816282041
0.7387377694386169
0.661954825291681
0.7055211165913178
0.6642303096143052
0.7284984617717783
0.6484709772465316
0.691833574152354
0.6460646914702957
0.6837769887175701
0.7024368262125551
0.6275297035897149
0.6630721538522364
0.6388580635809562
0.6536692736421821
0.6452380003853557
0.6626115754385938
0.6634993774119521
0.6459882316945492
0.6180262095809879
0.6271047881407532
0.6329999313069201
0.6877199581731954
0.640267617407939
0.609089860571001
0.6305822520133192
0.6462092303639184
0.6653347680272694
0.6547362195420339
0.7011911458028166
0.6769773322754319
0.7065420087859082
0.6565246731047792
0.6291218702763643
0.7008287893525734
0.6472095917208525
0.6399410769966707
0.6419194005468096
0.6085341924803843
0.6356942546261084
0.7352853553275619
0.6175374523959108
0.6147344474371197
0.6186114734916172
0.6450680577627743
0.6432248220612803
0.6113251269405837
0.6626227704797687
0.6254174267063206
0.651914228278172
0.6462648639903111
0.6337036897303201
0.6257747471591062
0.6317615311070762
0.64064390379658
0.6369346453667771
0.645250697629643
0.6618489742777826
0.6410578996013899
0.6402241732851643
0.6710607575283886
0.6755081559481803
0.657654216903539
0.6558174998204184
0.7015548975918459
0.6532914234021283
0.736462757140413
0.6143558452075608
0.7178007743769095
0.7383966940902167
0.6497724161471121
0.6661102925121034
0.6656718918242821
0.6584455949003784
0.722756484286977
0.6556714070162418
0.6270717771080332
0.6935781471130714
0.6311270110079489
0.6246387076988479
0.6692937135383268
0.6264408065446353
0.6121166373006844
0.6237313227136204
0.6239338993093544
0.6638274035415865
0.6648937783170339
0.659774652874717
0.6945179633301799
0.6415790547161642
0.6723441445328785
0.6616624653321501
0.6419785097554042
0.6675903154031504
0.6304433060130522
0.6433352639651057
0.667830917747199
0.7402221228344941
0.70050536411745
0.7125319072861196
0.6529966713490586
0.6686727241867932
0.6451298152117131
0.6288026352377013
0.6293767293723002
0.6599713338242796
0.6213450937134178
0.661775110082587
0.6511096097105393
0.6466430739951513
0.6870172398816229
0.6323299417423213
0.6474775532159299
0.6938684497140518
0.6560608766206315
0.6681936209018711
0.6888464142533209
0.7083204049299279
0.6730299147873822
0.6078504877553443
0.6439979256912385
0.6298359590288758
0.6660634053358262
0.6695079341379382
0.6773727917505862
0.7088406225101145
0.6735158935876124
0.608602213255116
0.632109887896917
0.6284840268162424
0.5934842165294222
0.6580299143055579
0.6995212335517934
0.6485934705440576
0.6375232611847469
0.6705528230327432
0.6288264355954876
0.5570445964863424
0.6574891546254418
0.6198735669214805
0.6690841849195736
0.6686887342169895
0.661631929061531
0.6936852173351382
0.6847799497241306
0.6688866000440756
0.6272155525569206
0.6213978628982302
0.6290134274931978
0.6567324524804214
0.685149117459382
0.6719345089933987
0.6252590955587085
0.6521889685904314
0.6458612321431599
0.6549020902306981
0.7015701724472139
0.6613403738475695
0.6177740546941857
0.6537789624926066
0.638101751909047
0.6517964066670341
0.6472897964841291
0.6615978352310019
0.6354870416441462
0.6630292020511444
0.6714371817931131
0.6604789942783245
0.6691453375919045
0.7000869898517248
0.6597345626558533
0.6516419236316596
0.6744736260283695
0.7147905522943944
0.6370699511111111
0.6255383795397325
0.6677753265275347
0.6539094257709943
0.6295924822077235
0.6730237014118363
0.7076058055362753
0.6735998794573227
0.6932135002698993
0.6912130661638479
0.6279069578357159
0.6360014962931186
0.61750452343264
0.6260241721690588
0.6673970840082176
0.6301917870497549
0.6613465483509684
0.6374244768016373
0.6255281659906117
0.6386097701923854
0.674307863293158
0.6452226371953368
0.6627416830740965
0.6814859523184411
0.6401103220919578
0.6331993855269845
0.6483692573487805
0.658319707396164
0.6653857442624812
0.6587035599844989
0.6544659471127395
0.6382094361136964
0.6140535178359539
0.5736921028658488
0.5675716797159028
0.6260481132370121
0.642967918425043
0.6555649690224552
0.649051040421868
0.6638090862393592
0.6419879953074743
0.6117773160262836
0.6587686491278524
0.6615005872519165
0.6094721477326706
0.6905279543297298
0.6781270028303279
0.6858182415560128
0.6095760681700396
0.6284884371602505
0.6301198700293555
0.6373281287315387
0.6892239804357081
0.632138737636798
0.60365654530392
0.661433347141524
0.6888829201602608
0.6794024055714206
0.6749641028070441
0.6152105432377151
0.6797297067362731
0.6636754310985742
0.6453216715212423
0.6591097084887424
0.6717705055275436
0.6098469833459035
0.6058657581963872
0.6959728057603772
0.6842825955030999
0.6304509308873761
0.5845514100708811
0.6239201584418058
0.5752723588786677
0.6401734210097098
0.6867884802636303
0.6436000251388447
0.6745661402257233
0.6656056508707642
0.6357747954675044
0.6209553202935697
0.654821648262308
0.6164591372536882
0.6752758550474741
0.6408283802866533
0.6197992901949388
0.6294162385647176
0.6233520484521543
0.660581688568801
0.604152876515765
0.6406908017143894
0.67059408319362
0.6430182218312888
0.6607153281691898
0.6642055139097213
0.5846104627545077
0.5970358265836856
0.5839011573615714
0.6344426162419996
0.6175214729421223
0.6113682316939155
0.5753526885502517
0.6269888605930598
0.6461429418647912
0.6096786207786538
0.6350318299851253
0.6480979357018041
0.6516835621874582
0.6221556771233429
0.651195554633024
0.6604407271339818
0.6011535149409057
0.6548058645041428
0.6501444647094544
0.6409977394692488
0.5766962672471094
0.6214051964135558
0.646688964083828
0.635099777695701
0.6291435538272973
0.6298081537324213
0.6556957045533313
0.6389936607044417
0.619400683316967
0.652325226992345
0.6324079203811935
0.6389975943130413
0.6260737627110505
0.6855260461134068
0.6805244666959108
0.6716326900453442
0.6559459596479726
0.6600271665184712
0.6309101326742153
0.6240956746549432
0.6852519067896916
0.6892712010979188
0.6810750649952542
0.6301683886975273
0.6501033928499687
0.6305131703105208
0.6463382412349924
0.6520542868966487
0.6387660302368048
0.5788377381947258
0.6501792633328155
0.6161454763823855
0.6447367542488274
0.5992386737440532
0.6083375767312355
0.6386693438607891
0.6515357881246099
0.629084888028974
0.6579296907411833
0.6187119999569521
0.6706013783984648
0.6540075142771467
0.633735480694547
0.6755571863077445
0.6922886420128133
0.6455423486850854
0.632716393126951
0.611436575375948
0.6592779376995078
0.613336669711356
0.6609497821985592
0.6413066441394688
0.633660793135757
0.6755981467532194
0.6406462292509293
0.6548776150086905
0.6528551973384759
0.6450441993263598
0.5749726748311136
0.702257804514271
0.6459840832139506
0.6649521893137913
0.6531973698466813
0.6551174573170917
0.6175334842057546
0.6337435061828844
0.6475777362000635
0.6264060344000388
0.6299101998350889
0.5891351940130317
0.642925261103266
0.5918363090335529
0.6288723835730422
0.6418134049764459
0.6456865791832164
0.6342916705910749
0.6068322284609927
0.6331168161381447
0.6570657429421775
0.6578064298692311
0.6726774160834832
0.6725820742470077
0.6248007531321929
0.6759934035861203
0.6643389059622724
0.6911687319498274
0.6901158158712195
0.6975217017160918
0.695768123587211
0.7060365810389073
0.6971974381140842
0.7388755801342118
0.7471861933160545
0.7218363192516258
0.7127539665684394
0.6308833047813897
0.65547519953623
0.7240361059726254
0.72088666295445
0.666186592125156
0.6589300134012674
0.6941325380844836
0.7033845111818328
0.6920540442583395
0.6760764378601792
0.6589300134012674
0.6396977717782295
0.6741845451157739
0.6934697838411393
0.6412628995192307
0.7042111057855018
0.6272487340909781
0.6615915765886853
0.6922607282531785
0.6612580112181028
0.6847368806744515
0.6789170683639435
0.6898352891023539
0.6551590373097528
0.6467475697265299
0.6815759971685302
0.6804856547506605
0.6670840481336323
0.6480066962696668
0.6417396815105345
0.6618935551520124
0.6613704988013273
0.6559259291151119
0.6361699734148208
0.6582528201407594
0.6853425608290339
0.7034204960974397
0.6661500537301058
0.6586498185156158
0.6598539779511122
0.6999242086393118
0.6837990589676979
0.6780965326051696
0.6490693166241415
0.6308469718306299
0.5979329748121452
0.7070214223412721
0.6641262794050429
0.6775264677511118
0.6116525824472226
0.6510046914184078
0.632803104141418
0.6086165274863471
0.6456876140100778
0.6441810619270361
0.6421505050813151
0.6502842563744211
0.6157213281273799
0.6164407393794196
0.6051749854175136
0.656610537173299
0.6271207794100436
0.6666805863582026
0.5805092055817698
0.6385126732761635
0.6281201237237476
0.6431725153502641
0.6650183605569947
0.65571634352731
0.6159197913432937
0.6574300381435967
0.6045206923499009
0.614759609057448
0.6636792833882292
0.5960905170320178
0.595675321798197
0.5707815198475472
0.5857911302251863
0.6428160585921394
0.6417145928850629
0.6854919749961286
0.6225933526359722
0.6163007669753953
0.6217276022181459
0.6234858071102931
0.5791007889658166
0.6155089658366641
0.6276043757838425
0.5899195737821329
0.5852139622994285
0.6361913610644568
0.6369298316582335
0.5878018515145125
0.6081216695937889
0.6285703565040223
0.6442020526161316
0.6055237752485366
0.5820108415049629
0.6364905005115332
0.6058165699465465
0.5919518949378801
0.6419861916971965
0.6436285264331821
0.6421715227348077
0.6201332906503684
0.5923616826986025
0.6316012011798403
0.6555185497287008
0.5769825342785966
0.6399564214279629
0.5850255122198402
0.5949369485485687
0.6278125234132219
0.6499435369250441
0.6388441561738388
0.5864422319869708
0.5905397712897911
0.6012840658546883
0.616073486826916
0.6035814088226347
0.6679179138490585
0.6200139900307412
0.6737490644664659
0.6385735021923213
0.6848609119110698
0.6608882755456427
0.6148670261293444
0.6116514823594328
0.6108511293061394
0.6141021469765352
0.635425321131319
0.6472578491291804
0.631992386016109
0.6540535749792922
0.6528946580844401
0.6188285508227112
0.5949696519611021
0.61252202605541
0.618345538529372
0.6680219349138012
0.6125374228396054
0.6184209474161815
0.6229521048585023
0.6071250452916298
0.6258494946784925
0.650407501098155
0.6299477311773288
0.6873963620148933
0.6214409618704688
0.6859786850481764
0.7445121824577006
0.6722008867114136
0.6078504877553443
0.6439979256912385
0.6166622525090311
0.6611717148960103
0.6924682933856948
0.6802139776743021
0.7048912288073969
0.6735158935876124
0.624655097843469
0.6233661263338948
0.5934842165294222
0.6541462804076817
0.6912976142903713
0.7146442047705197
0.7183663498364257
0.7218277626793734
0.6637648962052954
0.6727391197752869
0.6845805728648586
0.5875350092400011
0.7174925513484459
0.6250752691403203
0.5992755507266161
0.6536803084123292
0.6469387164566077
0.6215538562051132
0.5908482412391037
0.6536803084123292
0.6469387164566077
0.6215538562051132
0.6165902317503481
0.6090890244038515
0.6055690341168396
0.5887956372773282
0.5908842787821151
0.5833251167924814