0.6170349226112608
0.6370441437742861
0.6530605873864817
0.6407203350986289
0.5761716426017778
0.5881668664055586
0.5887692115151308
0.639947709965033
0.5620132379502639
0.5830974290676902
0.6305910812313518
0.576623527965029
0.6355023350666283
0.6076831023366388
0.6143105768438253
0.6436553673321348
0.6429511041381885
0.6358600666385957
0.6525665665265517
0.6481831229804217
0.66156885997187
0.6701298999284839
0.6609173867256588
0.6569274087451964
0.667538619354677
0.6587177824574219
0.6413595258366339
0.6275475225836774
0.6178045664854642
0.6056735680025711
0.6506566706719886
0.6751007006078795
0.6031528642765575
0.6470285296250822
0.6007285962927701
0.6382315256197889
0.6440503490983637
0.6222870767006521
0.6466489734710045
0.6306827251971532
0.6348952193131476
0.6560188397277082
0.6414439135278296
0.64335503044477
0.6260952319225901
0.654532949740201
0.6874459351770817
0.6107782960242576
0.6343192749374087
0.617090212773013
0.6227090973624035
0.678099044134684
0.6410434674669667
0.691031121236949
0.6283577883112286
0.6057326582947671
0.6713263243925593
0.613042828090667
0.6093092292546883
0.6471380661132127
0.6058975727141837
0.6477483996926984
0.639138654744173
0.6854368335555815
0.6491694842472922
0.6734812628322479
0.6447154507603954
0.6413374115200602
0.6310051387158333
0.6408443249381504
0.6612329914794676
0.6460976603265929
0.5982660741315633
0.6250876653094272
0.6560518727065529
0.6954987020556217
0.6659765724322654
0.6630687911290483
0.658845322102628
0.6185988458472952
0.6277869596747502
0.6154919811850241
0.7036614539757238
0.6210073994995062
0.5920125019008007
0.627967110145995
0.6330716040516531
0.6454154886124029
0.6346852838778162
0.6308029146919178
0.6831071335696468
0.6558078735001515
0.662285291708529
0.6302925328834849
0.6232991701502788
0.6680358909146954
0.7188770472344844
0.6890678624494897
0.6888340561534362
0.6670269370744639
0.6687064885816737
0.690095381501726
0.6621797878680563
0.7286182444939614
0.7138502981534925
0.6934897820041673
0.6702105562734505
0.6681103233454969
0.6837577515528303
0.7080168833374286
0.6962667684188967
0.6921273330418756
0.7134014815039537
0.6602013821286096
0.7053114242127619
0.6184789417415492
0.6257454001881788
0.6347848127454991
0.7152538639771615
0.7080953152611513
0.6255982780287024
0.6545231009902154
0.6687388713150709
0.6438848011930802
0.6791576723646227
0.7131744799446582
0.7070639434991117
0.6794290864533609
0.6521948922255043
0.647636461264154
0.6907467310499193
0.6492377869651521
0.7083457306019176
0.7198382140560513
0.6637982383572922
0.6376134882380579
0.7010014373896477
0.6718604665197974
0.7123013938938362
0.6570825828868792
0.7171997138570546
0.6898502220420113
0.7229141594805973
0.6853245605039799
0.6519629902872127
0.6873052821599586
0.70039730813738
0.6811258288285217
0.6938142880845839
0.7117686242150592
0.6855759619193837
0.6691035642248511
0.6608901138604205
0.6357985183215352
0.6265647819340887
0.7124770291548994
0.6950667325482853
0.6932666623385
0.7209803073388008
0.6534109388216522
0.6522035370043188
0.6438458928310467
0.6379590152445946
0.653331292048486
0.6626155002998613
0.6587353983987517
0.6561677724072544
0.6424414890328811
0.6425769614588025
0.6954445443576982
0.6065256173928988
0.6554426291816239
0.5721846687468646
0.6296379259785575
0.6674489574993548
0.6149080272803145
0.6859644718362494
0.6935548061428778
0.6806583373483888
0.719507070730818
0.6842323238650999
0.6714321760254313
0.7475847748335501
0.6937882822715754
0.6536410316319631
0.6499792283201139
0.621679492272296
0.6481664207104463
0.6258051623855131
0.6844222733157479
0.6609207872616081
0.671694997970459
0.6961079733975426
0.6249596251625228
0.6075670574753349
0.6146424343656309
0.6351774225410813
0.6316131545808711
0.6216582819667187
0.6330609847127509
0.658472422790309
0.6512493433164824
0.595836905366661
0.625711137689143
0.6404815050916163
0.654437559788533
0.6333274539102667
0.6585989034811138
0.6708164237992669
0.6235391456644392
0.6316603334749524
0.6067530729518555
0.6090299517511781
0.605477802055113
0.6289978660359967
0.6229672818123192
0.6614009957040805
0.6583822449155372
0.6842354044855843
0.6987413423022324
0.6634001869280566
0.6500291957043355
0.6673764441019023
0.6326245945360088
0.6576022514186415
0.6947704779548984
0.627414230794488
0.6460257317367244
0.6191765968425469
0.6021123941857874
0.6367177081835615
0.6428257088585672
0.6174467827622834
0.6638138997637555
0.6488999650318049
0.6611353632761025
0.6644218230871731
0.6094645343854319
0.6600467500768669
0.6507987074563794
0.6509993910594377
0.645624352109943
0.6388826568617313
0.60644285184173
0.6333359218830197
0.6542831301294207
0.640738614733982
0.6470644216948713
0.6573999578489552
0.6590007227222917
0.675341592566501
0.6555149689365719
0.6833105409115312
0.681695253899778
0.6436872305909451
0.6710796396970857
0.6745357776980582
0.6577547110918354
0.6262540454554425
0.6278186195311656
0.6387642195152848
0.6765628157993311
0.6121114574374537
0.668270592946895
0.6165408575050136
0.644745604184425
0.6128895254600853
0.6099676291173843
0.6159927718661096
0.6260206750831065
0.6305132708544713
0.6107961380410251
0.6173050709963028
0.6176499170688986
0.6357816434666324
0.6779909235705713
0.6131251261359772
0.6865477889147523
0.6465608913716391
0.6772858229756624
0.6635927175122216
0.6659175836252705
0.6675140175318094
0.6797700109030287
0.6567235240664131
0.6619142622556127
0.6683463056758481
0.7077948040402038
0.7102547279315047
0.6343364793793409
0.6682852829714923
0.6983158628546193
0.6582571898846785
0.5973637473151293
0.6055224912570366
0.5751920872209173
0.6545431889162487
0.6711850212192286
0.642197599039615
0.6212286039758289
0.6837393995489615
0.6626216203941739
0.6392271859167054
0.7127339096877693
0.6089863808873341
0.6144127253335248
0.6918593482176714
0.6539329631093405
0.6509778638511986
0.641831114218429
0.6189707348034024
0.6722674381868037
0.6642665847321881
0.617226593689341
0.6864993915851012
0.6569337267758237
0.5974315156743717
0.6269843927016083
0.6630963930586595
0.6170601097152221
0.6342186989680073
0.63316666783316
0.6320575859815639
0.6588577637083779
0.635820617241961
0.6844761143090227
0.6345167846883614
0.6767824329306202
0.6883180218683643
0.6929217722965745
0.6442542177876184
0.6892121972392368
0.6786353678944782
0.6750427127737498
0.6786989097994032
0.6777781525320236
0.6981834304215049
0.6355672566437406
0.6703882074023919
0.6562603807822309
0.6743049109837503
0.6767591092674748
0.6378312936206907
0.7053439053660537
0.6813462176454851
0.6558877244123184
0.6865191160011511
0.6480003210461428
0.6379519856000466
0.6911080503460743
0.678236665023918
0.6686116402666189
0.693272770606586
0.6634214646233701
0.6577996190537347
0.6601277390282824
0.6726888963068953
0.6899478628217596
0.6414410993883033
0.6977445429469669
0.706332462112541
0.6529993605035498
0.627806666847335
0.6674431124777684
0.6763482560552159
0.6434755915788112
0.6443981199307772
0.6927869542041589
0.6761104107692181
0.6577431249400391
0.6470435299527931
0.6931887393937601
0.6285220483550545
0.6498998593301646
0.6287549137702428
0.6608189840763924
0.6381087617352494
0.5854715187730891
0.6618015806369302
0.6916626627139743
0.6398490516134884
0.6672506230817453
0.6423849433559168
0.65269832676391
0.6744978329327693
0.6392228899704925
0.6434092169595814
0.7013479706302355
0.6670573421977679
0.638119196261295
0.6842434015334896
0.672244326557159
0.6004524122703049
0.657843003660779
0.6591481398665057
0.679356092608235
0.6855080296970039
0.6829851606485708
0.6732316249715784
0.6718142910688839
0.6730169101302872
0.7045830493023224
0.6905791334791145
0.6943157815917647
0.6824016206822345
0.6936138873781784
0.6729091358207019
0.6690148606140318
0.7148065418594822
0.6614243633925652
0.703821222771145
0.6703726325211763
0.6644145611998051
0.66578083464465
0.6905231696943134
0.6864585730495524
0.6793791257739556
0.6716705554116182
0.6597274512884137
0.6669183297476163
0.653552622367932
0.6797099829168708
0.6706736252966174
0.6573954927076932
0.6412333513303419
0.6387776817326192
0.642451237552855
0.6463762600298167
0.693502411024654
0.6104307575946794
0.7103260125972661
0.6757725152966039
0.6649059068238976
0.6400996032711195
0.6721334382242067
0.7139602957404357
0.6444141900827589
0.6428251550022954
0.6672853751181846
0.6625143924058403
0.6992068100186308
0.6515319534727243
0.6621767601434168
0.6106624082510602
0.6494576152999797
0.65202971969808
0.6738896244713969
0.6603527472528563
0.6551583185352269
0.6603992857129813
0.6540238528807032
0.6783382386015058
0.6927872881718078
0.6560864834237867
0.6588191692788113
0.6633283458125291
0.6423945400680043
0.6924697174424633
0.663352926826925
0.6701105938679897
0.6930733090364133
0.6405412326870163
0.6855155635236724
0.6789463606378686
0.6929576905592314
0.6635849117449167
0.7256880812556302
0.6277748096937892
0.6813756780526411
0.6614834170791315
0.6697276876671784
0.6702557655214375
0.672252240745097
0.6765447640227589
0.7003943658909076
0.6586559082118536
0.6869895534627604
0.6899816704086369
0.7013675384027088
0.6738263442137312
0.6592644744122785
0.726978421730713
0.6423270567718496
0.6963756910311238
0.7157638371400952
0.6522346691558848
0.6725013892793056
0.6669778178445184
0.6868440873137046
0.676322595895468
0.6755387957849811
0.6433223344775197
0.6985676376836668
0.6258573575008155
0.6711105829058714
0.6918254573841488
0.6849138386369745
0.6473546140085794
0.6881288129335241
0.6940041304656452
0.7006894897228446
0.6540111701688784
0.6944309557476156
0.6284311311879279
0.6636295700462311
0.6743361754518349
0.6935954948422357
0.574893815412236
0.673700769534075
0.5777395503918671
0.702315784162285
0.6744745837288563
0.6710125257098536
0.7059296123636952
0.6655584301108284
0.6872123745363462
0.6684635912572319
0.6272587122670091
0.6826627838545046
0.6312058238213675
0.6833226526376398
0.6445084993545376
0.6452620722512157
0.6693814142042233
0.6844217820746225
0.6235401467876747
0.6856380690974876
0.6333628958767794
0.6391756600951701
0.6800067710041354
0.6725333721718811
0.6880315094062266
0.6716594681194503
0.7059198622875393
0.6344322500907498
0.6779619177164209
0.6151280129054796
0.6367433609634661
0.671552389247119
0.6939685767445781
0.6816336222809192
0.6980034666235304
0.6902619834110846
0.6796142185769579
0.6707437188100108
0.6560427535172495
0.6668993095268226
0.6476602677092407
0.6254779960875461
0.6596185810126742
0.6523015463530528
0.6613507561883538
0.6540170036668057
0.6690245776723296
0.6534710755228352
0.6661279129320808
0.6540196460239658
0.6810347427718877
0.6227049559577564
0.7002253248976282
0.674143976095362
0.699340546116345
0.6370863753543852
0.658605974573221
0.6783513863683488
0.6714046994428616
0.6389905732475116
0.6811178689983085
0.6742288814678582
0.6557363875249169
0.6751125544417658
0.6122651421170299
0.652998416186403
0.6690213938763563
0.6308159585167487
0.6693990925093612
0.6125063566615759
0.6463587621594725
0.6686232438685037
0.6136089850466563
0.6336351749159539
0.683983325221677
0.573407308825975
0.6461700263778833
0.6476847300192502
0.6644715994092153
0.6813133257476514
0.6979691085124363
0.680246037419823
0.6458835690379838
0.6429310160876516
0.6168600141437967
0.6616606854538392
0.6950085779729172
0.6427140668826884
0.6246105224419275
0.6993234694447091
0.714862672076491
0.6175540046206878
0.6571613760680003
0.7028396106141003
0.6877323004436238
0.6907018301680327
0.6697033457366787
0.6686535490080214
0.6422344850516368
0.6973307951113958
0.665361712974261
0.6561456492254661
0.6232851713358077
0.6678079894391346
0.6575908869835303
0.6517577222255869
0.6686107612368297
0.6805495055298123
0.6422344850516368
0.6871817436988092
0.6475798841704009
0.688133969870646
0.637372911376801
0.6495424073034615
0.6060622132425231
0.651812662734905
0.6307303586097879
0.6542072395333723
0.6840960713070005
0.6692522754696291
0.6793547555392124
0.6431564103239953
0.6282914103930488
0.6406134307522645
0.5996861604520165
0.6480675698483245
0.6389655368178615
0.5846147286221213
0.6033161851292435
0.6590786114282948
0.649296634738999
0.5886286998689493
0.6375004908927974
0.606180679205064
0.6612645053425336
0.6825460877491152
0.619084522083152
0.6324424136036654
0.6259076839565931
0.6946870853449585
0.6956252617522886
0.6770262817280474
0.6469495731756162
0.66218475885641
0.6912630196560646
0.6918719732170842
0.675666688836476
0.7031422276092085
0.6892404778772608
0.6864736209764754
0.6618595473240722
0.6922092700939221
0.6617605240017561
0.6592730333169355
0.6746152334131339
0.6680833360385587
0.6507145810125347
0.6740532364761267
0.7125995807339097
0.7272295105610094
0.6712028979785951
0.6680246472061097
0.692284556774587
0.6746421000975692
0.6344899862944204
0.6694838948835723
0.6769708241781041
0.6406293771072473
0.6895322006407175
0.6948577195159721
0.637668826636486
0.6571070925203703
0.6807228164652875
0.690449359385863
0.6840354433240491
0.6752881379307526
0.6809556722612012
0.6904039579044776
0.6934730316803132
0.6280707605755267
0.6219091678131717
0.6593627896109097
0.6197456610707351
0.6547478049457127
0.6554638089919027
0.6775820829574742
0.6923908947310021
0.6931027349121538
0.6645075994400865
0.5949493276315355
0.6426359286994521
0.6414007969479788
0.6154167682831224
0.669497699046304
0.6113327460441578
0.6188662483467263
0.65568664866238
0.6786039556519291
0.6597041186501754
0.6421391289336452
0.657321305427038
0.7156355417169376
0.6829508926522889
0.6731189871564169
0.6740391610688857
0.6883286908120636
0.6820520991065009
0.6839609124373088
0.6240322636528567
0.6316487021146542
0.6353410557817558
0.6231003242646149
0.6600894444734415
0.6911286245472988
0.6593074369585609
0.6659719619063785
0.6327482552526932
0.6639741290545577
0.6607949666571015
0.6759812797861946
0.6496871551811698
0.6889593500011862
0.6874137199097476
0.6887224467397299
0.655037242105839
0.668214378988146
0.6872826360116601
0.6824534103679784
0.6679204359042769
0.6849520515659164
0.6669850964246439
0.6387558646886632
0.6844312706292717
0.6889896824186014
0.7097299157816316
0.658605974573221
0.6968208844664308
0.6773794816734867
0.6941911531674936
0.6883687024533481
0.667747538588247
0.6780825542817268
0.6889937217695258
0.6922956129315386
0.693645238982279
0.6933389857282585
0.7138757162004863
0.7050357121568438
0.7179180617386985
0.6486038364507117
0.6732310827673906
0.7313649200127413
0.6776511084734935
0.6878041130758987
0.614093804702053
0.6641560768595063
0.685386195132489
0.6621839117540688
0.6447068640256105
0.6625326938039475
0.6418636759973152
0.6925959489841695
0.7091818489166256
0.7157285937127994
0.7047186383371498
0.6569261241715385
0.626237096284051
0.6500278830160093
0.6218619105318829
0.6785397439845892
0.6684725983207944
0.6854375966424092
0.6388188020879791
0.6625034090942333
0.6223891467169579
0.6300568965021833
0.602376717598186
0.6147536317770389
0.6294258804081053
0.6199696162052043
0.6610676065591855
0.6232836342984099
0.6266546623650231
0.6660630075188905
0.6490719068354435
0.6437035478915305
0.6245969609594427
0.6643002103284509
0.6551871168002279
0.6611117925945744
0.603596419253093
0.6254737153630688
0.6184529835865537
0.6250731107283081
0.6176263849779665
0.6552536699967377
0.622430259636532
0.6253444418738363
0.683284517486816
0.6412251621901359
0.663561896764841
0.6548752743294189
0.6517005917180619
0.6320189225402512
0.62031236547065
0.6573961759891298
0.6498439894791226
0.6488601033796839
0.6683431410218976
0.7049245580881088
0.661114437880127
0.6754376224938049
0.6838315102440427
0.7128519097493715
0.6834371414041165
0.6648681926165679
0.6633406280761392
0.6843851359441518
0.6516139779865152
0.6697518438128656
0.6751045051175943
0.695287160948542
0.6329217916795852
0.7165997979618328
0.6801944596360948
0.6878677721787948
0.6427671874965961
0.6460203534482748
0.6016943091357932
0.6143286792255505
0.6430278269622889
0.6060629941992529
0.6207050995883934
0.6160201514392343
0.6381192896417409
0.6121983206139361
0.6129019083266716
0.6906900596813014
0.6375480730898506
0.5788058098590895
0.6024545261868176
0.6186796718698366
0.6115626403302012
0.6020765042656101
0.6244265015309611
0.5607098460744566
0.6429423871887775
0.6239300414219809
0.6561913288453315
0.626136177729038
0.6369315198877916
0.6408298457417488
0.6308770143820058
0.6258773430548179
0.6832065631691613
0.6486531624257357
0.6657149727798083
0.5867533083096772
0.622835129572157
0.6296693254175838
0.6657149727798083
0.6133892269809803
0.6317866726411582
0.649737999085337
0.6404069275521991
0.627040069398533
0.7050496476610004
0.6213700000274887
0.6575234969630684
0.5927894684377523
0.6347998087421329
0.6211920577850577
0.6761392990448555
0.6669356670358936
0.5945264939684424
0.6213790533896016
0.6206126109064807
0.6184826749215009
0.5902724887657165
0.6365103895940022
0.7033513164212144
0.7313110950540849
0.5946460043019387
0.6470353516578152
0.6393037261712131
0.6365530809017881
0.6563740513567815
0.6192087836579995
0.6736746185530105
0.6815761157009356
0.6876111653874971
0.6780376146402095
0.6247037727915994
0.622204406646706
0.634244852286208
0.6283711956900535
0.6746714455688385
0.6384350169653944
0.6482099379999526
0.6298194357430499
0.6439243620194011
0.6933418729403981
0.6559002497527138
0.6978709495168123
0.7022369674724455
0.6855260715831236
0.6729395900383525
0.6610984867336978
0.6834501072720631
0.6825189341296005
0.6864681840507835
0.626573142816798
0.6500833599964703
0.6131619028200957
0.6174520108888781
0.588685967061345
0.5976590653109873
0.6022573175524318
0.6342710056973386
0.6668986144228712
0.6755610543738665
0.6563661833945544
0.6232785811295803
0.5820858431040721
0.6184827734909596
0.66774733525577
0.6249507147411052
0.6083185438009504
0.670568172879715
0.6342460365547429
0.593129499216785
0.6714303796222835
0.6466585388648579
0.5877758383453847
0.6778781154843767
0.6946665815040188
0.6988811507061046
0.6229019259215571
0.6357158463124756
0.6190010776499928
0.5884972425859627
0.6070391627684348
0.6525877594745342
0.7011596754196612
0.5924963289530354
0.6526372196228056
0.6397668521356532
0.5409460364634338
0.643697997417114
0.6651569525990104
0.6229827950428117
0.5905189395858795
0.6465788873224436
0.6478322519251374
0.6405187066592755
0.6996286401062994
0.654539232210347
0.6380522176224342
0.6967074444336632
0.6999811641013154
0.652079817937197
0.6038837386499177
0.6487067151537449
0.5843536518090096
0.6610215220789245
0.629049474251593
0.5476271300887622
0.629525468281661
0.5593060588043255
0.6406438267244868
0.6340446193125466
0.5840842585217378
0.6364692751214587
0.7569500614525424
0.7603134125279121
0.6779394378313542
0.6308223196487923
0.6539139521685503
0.6673592439099137
0.646022140308277
0.6401826141694285
0.6903477794169208
0.7044737775415455
0.7668057345185098
0.6850199650622059
0.6803628764171139
0.6055193150771528
0.679195178645562
0.7019008413351483
0.7740623975740454
0.6704308613514444
0.6394137760486973
0.6473198680405862
0.6125196945801368
0.6336568347175934
0.6646182180280835
0.6508775101538843
0.672545370488979
0.6191123149519461
0.6386627312346039
0.6651566235248402
0.6300206859907562
0.6536227595380314
0.6229091903719721
0.6115900446818863
0.6577632982122462
0.6628128344903969
0.623170163053816
0.6594369540906126
0.6292671270390984
0.7359364900659986
0.6454445631353202
0.6126821164515136
0.658532472632529
0.6235890707519732
0.6991959901559156
0.6736037657438179
0.6509480371744117
0.6694498588518462
0.6542148216360449
0.5978560832219446
0.653997123857185
0.6061793858123746
0.6776759765406734
0.6241732867449596
0.6720148381942269
0.6307734856209213
0.6644806168413783
0.6739992567251467
0.617196069304888
0.6779513252349639
0.6349700035019538
0.647185512893829
0.6691031492176165
0.6393085792747393
0.6453060588242032
0.6465030385697714
0.7096413613348062
0.6632259238397643
0.657606900198305
0.6734284430014211
0.6358972283553855
0.6171046759343648
0.6661012525758939
0.6313647527955458
0.6729539878204681
0.6591639584648699
0.6551272422985914
0.6993896103578282
0.616864580617427
0.6899229697667718
0.687276407271226
0.696415468964769
0.6540564484801281
0.6373995815057728
0.6621913035917195
0.6326422084933455
0.6560431951798635
0.6718638137136862
0.6631765731240816
0.6873058742685056
0.6959190218489572
0.6758932701618344
0.7126571406500329
0.6627664200151613
0.6613458920443646
0.6681889974344801
0.6722710347662945
0.6417652583531354
0.6830591228810525
0.6826351300536295
0.7037696129901758
0.6896395024393419
0.6372942553067319
0.7262673505425129
0.6471276350379057
0.7137395610905876
0.6907655402401841
0.6909689368679041
0.6219938399267271
0.6684794562813076
0.6873739289585965
0.7202947001596577
0.7036149424750556
0.6449143851374453
0.6415123854116753
0.6500244863518478
0.6491414813539184
0.6552993550348747
0.633663388822256
0.6624873603281037
0.6289470353739836
0.6714746096860894
0.6863974247800063
0.6440864797185418
0.6434477769580362
0.6914831754188154
0.6718638575438338
0.652134173009
0.678524099889659
0.6724663785848369
0.6462201596097512
0.6769760626017322
0.716686782629822
0.6354125600357585
0.6587844000975189
0.6736619562977009
0.6476132396644873
0.6775504833142059
0.6989502802462495
0.6556199130383352
0.7270267657865538
0.6541047268560033
0.6365345750892962
0.6758116180877634
0.6737334587033924
0.7161484983396375
0.7159112001764592
0.6217141602304973
0.6213273062482637
0.644698494255727
0.6445015735140841
0.6277634013682475
0.6404462711032414
0.6475673952545915
0.6823158998105359
0.622601513053434
0.6336846060282351
0.6915638561628402
0.6700328572907134
0.6830246949901229
0.7215391313417663
0.6309122604581534
0.667953660348356
0.6694975094912885
0.6495510724447907
0.7156841920317939
0.6400023759230791
0.6880976564881813
0.6514587720690168
0.6953235181090994
0.6718888769381578
0.6626065052537145
0.6229184231107304
0.6757976378075978
0.6519752262565266
0.6675802570836895
0.6536101024950788
0.6316983063440056
0.6615009278754541
0.6496597317386889
0.6797968919742434
0.6802180296077055
0.6947612583094069
0.6803904014445309
0.6061351915746483
0.6725125899434757
0.6550987523029793
0.672480556261972
0.6637287514520172
0.7245000869809642
0.6643458830777765
0.7417121289478935
0.6691436835814448
0.7027079610112755
0.6611150347648397
0.6633111916550386
0.6482778564402635
0.7025421074861997
0.6839194556072759
0.6403594185142605
0.6496630151446653
0.6639009180926561
0.6549591433635257
0.6442154181065712
0.6241466131526515
0.6855570632612712
0.6682321396287592
0.6647981768078755
0.5957942524203806
0.6004729702368
0.6644909959270885
0.647047189312261
0.6564776699227631
0.6236868547712258
0.6439802969118671
0.6879730187197988
0.654214305424146
0.6614561949126185
0.6189674446778658
0.6549118147796998
0.6508778122840969
0.6505040311972189
0.6852655786989021
0.6574308563583104
0.6230173185539674
0.6697885210995422
0.6659092601360683
0.5846364568552739
0.645423137522989
0.678694513710328
0.6712088176458108
0.6407479918116503
0.6436457128113461
0.6560154118535503
0.6275539417432665
0.6695169075712954
0.652480237582642
0.7037465804359738
0.5970765127071929
0.622344758648812
0.6623201839251955
0.6571395425402935
0.6377247565479541
0.6851821300742976
0.6497305341168246
0.650268568856591
0.6012057892564522
0.6265538493409172
0.6450067930627865
0.6337822394370516
0.6384615300089254
0.6414157329836733
0.6300532408567311
0.6869300867801752
0.6436629158384438
0.640886232850026
0.629903982855226
0.7057835742736782
0.6479868766100731
0.6623480390009734
0.6384821589484014
0.6601729223828628
0.6399824229283437
0.6411149287042582
0.6581018127604994
0.6224126211439606
0.6146680866461511
0.6288025440243203
0.6220580611100701
0.6358261262984369
0.6332617146236886
0.6061651482944469
0.6469166685171249
0.6074503252252936
0.6422014340900082
0.6063781820132038
0.6182419712189762
0.6423973583635245
0.6313913382623475
0.6411727472498998
0.6492783745880454
0.6586239928174356
0.6462747757336288
0.666129859682858
0.6946778254172234
0.6305498209464264
0.6365696257427169
0.6597198846652573
0.675095646413548
0.7056764234713987
0.6622527457836804
0.62169515054631
0.6619062756841856
0.63922034427591
0.6382081335836707
0.6335969329339655
0.6274115359313086
0.6129570643852421
0.626002186783982
0.6452615406411443
0.6475263185320989
0.6849756098969154
0.6167954725971039
0.6647669026234646
0.6527169313319364
0.652946163342704
0.7077686853094415
0.6713036345743199
0.7152339818997056
0.6907625512427297
0.6739517686589496
0.6559741443143671
0.720293679730808
0.6965878017835377
0.6492109215857342
0.631980268666021
0.7280381849347219
0.700056279384941
0.6916481084583149
0.6392757397567702
0.6894777919657387
0.6801150352572295
0.6833615338201723
0.7110153765623449
0.7235794411723734
0.6716386982539652
0.672241674501288
0.6658543034058405
0.6419454598495139
0.701585299424997
0.668402668057224
0.6825162007332166
0.6796332995837775
0.6715974832673727
0.6392882876437803
0.6142479348600868
0.6006707725166118
0.6642037872125567
0.6521154023267612
0.6232973071839581
0.6391524474856412
0.6024396036375653
0.650280450147178
0.6643328330555697
0.6206327548697587
0.6129671817653355
0.6285917714590532
0.6333335713609753
0.6082048211865975
0.6789221304135353
0.6592062741614199
0.6571402689961026
0.7022411603605859
0.6261627357448891
0.644316416256117
0.5937518058115473
0.6268098892105001
0.6339645422172304
0.5907183290899496
0.666779386865331
0.6478879761700559
0.6126356769376239
0.6240488444304666
0.6388471407784783
0.6514427065346214
0.6967666690374917
0.6225792955411981
0.6148680924481639
0.6983159853116964
0.6443366570041253
0.6735398334497609
0.6385819860424161
0.6702739303874202
0.6075632712563965
0.6668081068247597
0.6722861178049314
0.663424439911587
0.691638422130204
0.6438741779857026
0.5858676956698953
0.6288986804607476
0.6538658526902672
0.6134266685784184
0.6225555681727732
0.6407899158873647
0.6356680989802682
0.6258784383939785
0.65405411260126
0.6318029554992088
0.5800369379773695
0.6071295011061776
0.614163895675763
0.6304557847644017
0.6567833878384595
0.6398630570737727
0.6611906026611659
0.6775295884987286
0.614035452828051
0.6116909296316962
0.6216190316671666
0.6013364585505174
0.6173835914432362
0.6509302312211241
0.6240600716378719
0.5977396793273378
0.6166395856011267
0.6275821596845468
0.6486799598379603
0.6157168553161555
0.6491783778690929
0.6128942356103205
0.6254616278385597
0.591634583891614
0.6341083299940858
0.6561339466617196
0.6600355673511188
0.7035222957269085
0.6603303310450722
0.6618786497048981
0.6709498259953421
0.6404383187912882
0.7212434348508073
0.6386413258936985
0.6457055686112666
0.6565593245428015
0.709694359604724
0.6006367145184601
0.591899190174936
0.6443403384473482
0.6464500745247916
0.6412046642223385
0.6900422801689282
0.703359717122255
0.7317404585448672
0.678429606725599
0.6470145283343269
0.6131546378278294
0.6179341334040319
0.672034734175034
0.6479545694998015
0.6160612171983642
0.6557991551991809
0.6830852696369522
0.6493180549269064
0.6998202357644604
0.6631893065521766
0.6686683374718513
0.6670247160593906
0.6344315200963753
0.7477210298406725
0.6565579642240356
0.6857843768373674
0.6841381670072227
0.726407106044126
0.7288023741145172
0.7187245273069668
0.7091738279978096
0.6216137130100549
0.7027339470112904
0.6146610340819931
0.6391661062037306
0.7106922729354418
0.7011925933542841
0.7251291884014879
0.6712777674181657
0.6626155422359462
0.6538333044192216
0.6322377622302439
0.6577966289024827
0.6902706475307413
0.6475416753769394
0.679206514645612
0.6369694830630996
0.6425080122534554
0.6629108385557327
0.6301516077750681
0.6277869596747502
0.62864374036615
0.6963350059233873
0.650438285549457
0.6593349630731327
0.6613385161372815
0.6719653088013084
0.6902963047059718
0.6851295438988367
0.6362972297363829
0.6972158546639143
0.637763088088521
0.6254388705832302
0.6445632686174628
0.6760507251986981
0.6169689936455371
0.6244028225230918
0.6849819771841604
0.7078484988383708
0.6261871311149452
0.6189031934986882
0.6142666225021701
0.5842433334245113
0.6623280513961283
0.7060026123336763
0.6480291927151477
0.6437738666806053
0.6480125520648754
0.69379983697921
0.6268241143033605
0.6094357359780422
0.6349169065626292
0.645410369356833
0.6557344163492828
0.6969451614337479
0.6806636002033335
0.6451800064524879
0.7279441546805778
0.6724141937575474
0.6816810787733952
0.7098391608687438
0.6577298891711112
0.6585139806566532
0.6830849062287533
0.5850779100391685
0.6046184951603163
0.5829510859092866
0.6431011362300947
0.6480085726839689
0.6179494455731657
0.5657833316154967
0.6146039021917846
0.6254511193803082
0.6067174300536311
0.6345750650989826
0.6296490974604113
0.652069740861215
0.6451002602434337
0.6444804152635778
0.6629227077426397
0.6217113325952458
0.6638090829436569
0.6404237348629668
0.6564118373067456
0.6006644241391056
0.6352263634707487
0.649411143885865
0.6714100603010464
0.6261362425655173
0.6503148906383374
0.665016250744233
0.6392103723748629
0.6262221860299283
0.706592504613858
0.6728817426225965
0.6803491921223644
0.635479654246055
0.7006698810111298
0.7244186945526285
0.6666787184477166
0.6893842957776787
0.6748585787307384
0.6496222620900463
0.6556225353740973
0.7121486582008624
0.693700729203411
0.6633137632452207
0.6468110388882823
0.6846207643682592
0.647600930978433
0.6490563899756984
0.6542551229915137
0.6743679079559606
0.6581919454201246
0.6822948966645214
0.681097094431263
0.6687515614646925
0.6180739371142788
0.6562612555857884
0.6599585224525776
0.7233848114755528
0.6907790591860479
0.7131005215885807
0.6572627947417164
0.7372133022590889
0.7051113643449688
0.6732296873734439
0.7071525249683771
0.6867868677247623
0.6860102137446602
0.6532418360746344
0.6527644980339694
0.693012214373069
0.6557324390778075
0.6988486270696344
0.6500823864419022
0.6434187626374646
0.7412539390217668
0.6490054778428825
0.7013846405559846
0.6526085223015103
0.6866231937205093
0.5763909113430807
0.7021239344293794
0.6473806464266438
0.691132788877429
0.661404066196644
0.6585273950044465
0.6349625904814156
0.6517826325929031
0.6746863285968985
0.6966287583052687
0.643091033437321
0.6258497857084371
0.6123840142777061
0.5986127876946887
0.6304794287395273
0.6183151671719249
0.6604753049233166
0.6414321554952822
0.604119467648533
0.6322112764576825
0.6665993358623032
0.6121067471362039
0.7308781578030514
0.678181965286579
0.6706952212855878
0.6907452486901006
0.71075085390017
0.7315512942434036
0.715413520596626
0.7205416118041948
0.6799642844751473
0.7169388859456474
0.7089304818826283
0.6615921096606115
0.7040940705134138
0.7055524117164274
0.7219904852554551
0.6570892775303102
0.6602554345660145
0.7288870327458528
0.7324401068643961
0.685894520596387
0.6777061052145911
0.680278011603278
0.6767143286560188
0.683228515348966
0.6536848234672907
0.6777061052145911
0.7016564587841265
0.6506020546048027
0.7161946854799605
0.6822686670923738
0.706980858812346
0.6476797619736053
0.650045292314782
0.7194364833386202
0.6223011645354015
0.6953638802854568
0.659375434881551
0.7154984440797806
0.6400320291835854
0.6371986121306628
0.6970688631703789
0.7198666463809924
0.6779073047238496
0.6890961400619044
0.6454444511359457
0.6526477519469956
0.6377731643366695
0.6558489234279499
0.6666940907916081
0.6661900879998487
0.6555415499047281
0.7399483338167644
0.7204667049103074
0.6500020027520763
0.6873905600315842
0.669876391686911
0.7038392292294912
0.7073390292058129
0.714426817467234
0.6766494432751682
0.6533303599839031
0.730093026252348
0.6923869343969855
0.6650212671845783
0.6537005469600896
0.6708953450222976
0.6462021813888237
0.6432483094537297
0.6886957590613162
0.6376989816128452
0.6438731205569349
0.6427271196295603
0.6577464426139551
0.6363286890594956
0.6408475602144637
0.6716041987116923
0.6457679758384895
0.6874725725558741
0.5962352040950744
0.6359793341661186
0.656472673101376
0.5951817671704328
0.6802942999605417
0.6736639359781779
0.6129260868052411
0.6624521552887447
0.6536924305911082
0.6423483555453453
0.6352263027033577
0.5996719071670591
0.5982356379873408
0.5914273484277593
0.648569006304498
0.6754805818377753
0.6866109108556616
0.670771308288723
0.6393860734962831
0.6075534392875168
0.6744450819766341
0.6521985554384407
0.6279025041241441
0.6338297484184227
0.6517298885751776
0.628665392855497
0.6466617950938345
0.6705734464333889
0.6658739999875866
0.6368650000212851
0.6075474949708958
0.6352402606177214
0.6359965641691929
0.6384330224920977
0.5709281457497364
0.6636921841928589
0.6058813758272724
0.608387869352511
0.6828129375474787
0.6767895421449285
0.6033155974356663
0.6834129061103797
0.6166654967132935
0.6550731466921035
0.7176650042625052
0.592797436162071
0.658048702672114
0.6174790828285918
0.615655869251409
0.6938386719092001
0.6786882344411964
0.6552200252181734
0.6001461346423983
0.6059259670540753
0.6366884441924486
0.6365417503854306
0.6041341483913991
0.6960714567954761
0.6600758229971152
0.6844448923569275
0.6505728159977744
0.681611703458343
0.693811180807052
0.601699172103003
0.6278411273211301
0.6470345075780622
0.6095142463786846
0.6672039749308694
0.6527204789294273
0.6881527704112221
0.6671042414946877
0.6741060565288454
0.661640100588626
0.6372467798970619
0.6474508412097695
0.6342913363067566
0.7006823869667668
0.6800119778447132
0.6608714262347813
0.6551803507329441
0.6432265005263996
0.6458190800106037
0.64232986245145
0.6595998019103867
0.655421142589242
0.6210730577248678
0.646061350370056
0.7059798218704919
0.6731560260609386
0.6385819860424161
0.6702739303874202
0.6318384761123607
0.6595103860688002
0.6713409300309126
0.6744053126744222
0.6867749341945043
0.6438741779857026
0.6011218557074257
0.6703942563476597
0.6134266685784184
0.6197119648902586
0.664305444945775
0.668025800461248
0.6593331645691033
0.6759062130541938
0.6410325702302179
0.6570226298579761
0.6557155072145847
0.6070186387499444
0.6921910472460512
0.6454434272273587
0.6460934117118499
0.626817330798302
0.6666766600693681
0.623771558778314
0.6174950382360878
0.626817330798302
0.6666766600693681
0.623771558778314
0.6363091494375429
0.6440912707728217
0.642845481233023
0.6109630863895085
0.6115772822448173
0.6067057292650941