0.6170344996577821
0.6339134787778533
0.6876004674693507
0.706919452294834
0.6237225527896173
0.660885560954402
0.6706072984879566
0.6864608796252264
0.674084099599531
0.6755596823256437
0.6958201703791894
0.6014881406260675
0.6682789722790414
0.6182463093578177
0.7433357674469943
0.7094472158028559
0.707014211984334
0.7317337071985682
0.7109704704643274
0.6542863809425242
0.6950342030171164
0.6634283479892024
0.7137277188316198
0.648034927609734
0.6246676985448305
0.6312982491078892
0.6634038609929451
0.6642784014793416
0.7044571079031414
0.6975194553161093
0.6969122344076151
0.6818400015204203
0.6718788561791852
0.7528767679491061
0.726664460269348
0.710612455752111
0.6992653108214566
0.6719251410722923
0.6715230645978131
0.6734831017857171
0.6926637515180056
0.6864919428083708
0.7613537174595421
0.7111986601632309
0.6704406553711157
0.6785124218906659
0.6631578896130187
0.6933803067380935
0.7014042746082129
0.6645504043844892
0.6846584947162038
0.6700019297994083
0.6150880576028803
0.5970149195707329
0.6054224322716868
0.6591164892159578
0.747819321465329
0.6366261895605482
0.643504371518274
0.6816667989003419
0.6625367941145642
0.6120182612305238
0.6584071159460135
0.7020557909557898
0.6679478874378354
0.6486516647464579
0.6479914105846911
0.6704612509203152
0.6228111607349375
0.6266911297566
0.6615877637606493
0.6339508983984007
0.6666658409201536
0.6278260398233461
0.643027660902952
0.669507906937391
0.671877057683607
0.6647965963661859
0.6680344924434232
0.6965534896860363
0.6078891983133495
0.6261160581464822
0.6207091532238072
0.6053575819090229
0.6202033320747067
0.5962750933753864
0.6098401173715923
0.6280393867091988
0.5723844855750464
0.5897857246773034
0.699868406018198
0.6980020438656797
0.6952568647112816
0.6408550511569765
0.6462860206997666
0.6814463557839804
0.6845894829873217
0.6694360341967315
0.5852906920898083
0.6275472393701098
0.6166221768409124
0.6886901293334614
0.6498302902113163
0.6666089002593757
0.6681190809124514
0.5716105082600523
0.6011665662834021
0.6323735993718281
0.6858453258616133
0.7147978905419942
0.6289590411840379
0.7088773242586929
0.6718666674729141
0.6663988155502012
0.700944704937938
0.6334065236177256
0.628096095828073
0.5801301181620448
0.6602931171660495
0.691276150020208
0.6152716060604633
0.6374172386887758
0.655689604038535
0.6680983869161503
0.6838803372175907
0.6834295218282821
0.6367566521020934
0.6778261891135448
0.7297032431920457
0.6960552535911171
0.7078507951562175
0.569634783396367
0.6905044241020029
0.7041599443818828
0.7262581351925032
0.7058106004471032
0.7293862893693729
0.6659322234061305
0.7007694030592974
0.6545068798101277
0.6927905227632217
0.7105765713318156
0.6629483309235431
0.6706602085012323
0.6621320616558897
0.6478090555314685
0.7091861981379382
0.678471722902534
0.7217725723621846
0.707003570354907
0.6672284047540825
0.7139304280191966
0.6939294770512562
0.7148862107696439
0.6509586115107302
0.6961412787198664
0.6741912952315499
0.6493031785015317
0.684759293161584
0.6892941374518079
0.7009924541794498
0.6760864797994931
0.6516801028353252
0.7002391623641787
0.6751405460126915
0.7197459700229305
0.6787090007518884
0.748313714837574
0.6718600096508075
0.6231297717831978
0.7028939823328135
0.6662345117146173
0.6565229996035362
0.7625600735613426
0.745746453866406
0.7246369082223736
0.7162608196133744
0.6749354105011454
0.6735855174710981
0.6420758130036384
0.6306757998635227
0.6371100756441629
0.6269866333426352
0.7063498486904612
0.6099632013541146
0.656166344646885
0.6673652235907204
0.6978095761104038
0.6547486853849738
0.6500533448910264
0.6264334523224324
0.6622683242837188
0.6669290369709774
0.6513647358416014
0.6278009070518157
0.648428483018744
0.7220838173509556
0.678241279467843
0.6762973862678133
0.7172839882340716
0.7561471360432425
0.6642576375278115
0.6697389132524529
0.7691045378343763
0.7654375446178331
0.7044940485192193
0.6853475537375171
0.7168065951886656
0.704794424034328
0.6233395232540028
0.7070585602914546
0.7171867305382356
0.6878461562144609
0.7288181889592197
0.7392049909322501
0.7194780288018361
0.6835890721621619
0.740699984062973
0.7328114194584819
0.7435355715656283
0.7074887123448832
0.7174938211100363
0.6664662260113943
0.687731972517812
0.696575326702199
0.7011078624426477
0.6723475689289012
0.711876663865355
0.6161395895058828
0.6249068495404957
0.685851409968807
0.6263814942678755
0.712781484860194
0.783499268785277
0.7390468947123207
0.6624254006938772
0.6941310620827973
0.6928326414337725
0.690130194994157
0.7429213953765924
0.6825070592982261
0.704304620543169
0.77268932102527
0.7019158407180559
0.6882433834111128
0.6670353428683673
0.7951760124555157
0.698081997604341
0.7220658943826948
0.745786332751055
0.7117180624290443
0.729802024136851
0.7172861842393466
0.7505310169891146
0.7491534168023094
0.7597178238068834
0.7375767292720035
0.8225252365720369
0.8068870889484792
0.6656695436662133
0.7137381482303125
0.720671536033302
0.7066247653361017
0.6874956554734967
0.7831175054912555
0.7982860770417927
0.7276897206709713
0.7437682833574059
0.7208044943028881
0.6595912043627572
0.6918540401565435
0.6887100235669503
0.6524922688413177
0.6210664154585785
0.6853293016304957
0.6969180060516761
0.6529454072852935
0.7105724501460609
0.7499117927786589
0.7150067927254791
0.6887374848292313
0.7017135896895456
0.7113491943326165
0.714050089816575
0.6886414520985524
0.7286433802865477
0.7157665563677201
0.6016988547094392
0.6519173061899092
0.6995484618925382
0.6851177815165078
0.7405501392407708
0.7556441262411172
0.6544288959558578
0.6692393793681725
0.6940510289182021
0.7315191251532085
0.7364773038173557
0.6361171229113375
0.7119298855873111
0.7242207319026042
0.7252272936342588
0.7064756842974107
0.7020946879893208
0.6642527320923026
0.7095643079187879
0.6980725499880212
0.7315448510915794
0.7257796455956257
0.6938686825114404
0.695718868208007
0.6687443395811259
0.7116415305306795
0.7178668385832395
0.671157597527401
0.7016109703651882
0.6841540888068651
0.7428916285723602
0.7753256610430903
0.6961843141240367
0.7032983505703363
0.7499160655445435
0.8329154363751959
0.7134845984057536
0.7457619246293481
0.7074742007715434
0.7379973051033943
0.6781916983429426
0.6646632335950406
0.7097149539267431
0.6620981694742002
0.7043311741188328
0.6093965712857621
0.7117514375639244
0.7180897408802154
0.7083373488335508
0.6843622705089524
0.6588990276768026
0.7934463602254742
0.7272398155359242
0.6636511222668453
0.6966559987264499
0.7016574984817427
0.6766474985253641
0.6951887817442911
0.6225994384578369
0.6706743392037489
0.7041877445601599
0.7193182348960454
0.6502972414953933
0.5973666392777628
0.7127141441024221
0.6918782579616388
0.633648010302205
0.6274491586744294
0.6271145324322566
0.7334646401484731
0.656813887788587
0.7036595724213119
0.6440564543462441
0.721397691916184
0.7336691765631873
0.7426538753999881
0.7090318882816996
0.7313836794930407
0.700958806460028
0.6868611095343151
0.7152154404037789
0.7126260203510619
0.6967926534188371
0.7006619506559723
0.7180385696678311
0.6990519287067973
0.6486580955033326
0.73322379026191
0.7499416852533546
0.6969895337970953
0.6656118850930152
0.6861933657211046
0.6632966289226728
0.6612623319998582
0.6770322628713777
0.6613616085466575
0.7193980451794818
0.7085151141017649
0.7209546446161674
0.7776074777162455
0.7139978736667311
0.7432413508188538
0.7571792957021094
0.6479711728617322
0.6725642204963044
0.6292324063416513
0.6645509492791983
0.6441257284158571
0.6741723327878175
0.6465216935080926
0.6620754529509764
0.6688381921783065
0.6787424728496748
0.669721566438027
0.6810490880028574
0.6672328313316717
0.6436080407379373
0.6754573584697592
0.6415794399707136
0.6403377460355026
0.6836325525572341
0.6343339607807293
0.6743112935854162
0.6607734780968731
0.6770230184926017
0.6512317927556939
0.6680526676905537
0.6828378328716284
0.6754300501375343
0.6462583240630357
0.7632413853625881
0.7509974984111611
0.7202977782191181
0.7467702350973326
0.7041797043146619
0.6429212727232682
0.6903932191607804
0.6800098485287663
0.6847900480674207
0.7014925969877164
0.6810940670056964
0.7039921506477975
0.6901527267418294
0.7039987188572545
0.6850315313639458
0.703453409831415
0.6891137585919956
0.6696148254699044
0.6707084132306399
0.6409681917270202
0.6757272619040051
0.6438590613022909
0.697503321308518
0.673316876622723
0.6675525330568577
0.6353437691861278
0.6268426605864591
0.6037440758283471
0.646771852141957
0.6766344791614216
0.6498837027540332
0.6792071274015387
0.7090413653589079
0.6442269451332269
0.6878588953438424
0.6860291193748237
0.6656181348261289
0.6284808546603127
0.6483585748590192
0.6190342744840145
0.661742533535161
0.6831147065812502
0.7057778823916877
0.6591134290639946
0.6266944026416058
0.6523321698450382
0.6528611325265479
0.6755571986260442
0.6862374015267652
0.6980146225649092
0.6191422613056272
0.685665743684968
0.7100229516258568
0.7117099388404742
0.7077343232342989
0.6956086905717699
0.6297303283019796
0.6481429252050293
0.6616186111975593
0.6709046701939317
0.5847563343603003
0.6064209667151113
0.6811374746125406
0.6373501494974658
0.6685658457229333
0.6501215754339749
0.6761769499239769
0.6740804091426732
0.72446676741859
0.6953926841719319
0.6407444297168858
0.6826862154252885
0.6837017988173256
0.6771027553924552
0.6539876597512847
0.6974812698805488
0.7716591608362814
0.694507072336596
0.6914490321830258
0.7241280481918361
0.743067559888545
0.6748935437449674
0.6652271396322448
0.6133241045605151
0.6637716564957892
0.7055755487468649
0.64727504506303
0.6506240881986348
0.6793005708363082
0.6960842354871772
0.600922041126431
0.6347942481835123
0.5776528063691008
0.7174838366605771
0.6880899676926668
0.6822501418764574
0.6259070572764289
0.6164501501614911
0.6671507910323508
0.6402980751618322
0.63962681134495
0.7075274455443602
0.6681618875062895
0.7317960628498369
0.7633287792362764
0.6991659537740244
0.674636555537947
0.685353918141243
0.6714390565057389
0.6989817200392203
0.6735227073803299
0.648925996864976
0.7552736390072973
0.7020091590202063
0.6942445317474261
0.6609283773034296
0.6748005367212789
0.6296262409974523
0.6751488212149553
0.624074576860477
0.6384061470610372
0.6967610952994979
0.682388557595627
0.7157762666963362
0.7176755881830322
0.7312178953508229
0.7100498306512103
0.7244007030384327
0.6459590351051152
0.7123640639773872
0.6503845262411537
0.6702793332294075
0.6766972244599867
0.6613920298518836
0.6585210080572637
0.6356326027074682
0.7167930007135783
0.685832623172108
0.7381130447036813
0.6740762776751926
0.6478696465056158
0.6559621425065207
0.6575201822302231
0.6889541759421709
0.6555903273071488
0.6934421781359782
0.6335912112417605
0.6924373332656655
0.643647429633503
0.6981841473961298
0.683548715901126
0.7143574545412125
0.7012470923400845
0.6747655409685244
0.6979305438092792
0.7655550445586081
0.6971148512070502
0.6762100039496514
0.6970591043121752
0.6772454613097212
0.6597846150277303
0.7270079436373114
0.6326462485783156
0.6436922714651491
0.7059158060155662
0.7395281483301347
0.700977321987249
0.6885389208397575
0.6867040139371878
0.667268258361827
0.6607846813001568
0.6837304273837663
0.7652722535942141
0.6774468721121977
0.7784040319197482
0.688112086444906
0.7067969224951318
0.632575492069655
0.6753447891577392
0.6698236134320216
0.7012659228113508
0.6974620223197542
0.6778847958498799
0.6991480296494358
0.7279544733587234
0.6839544004553737
0.703425923034396
0.6890079711687822
0.6465847991004383
0.6937748159583454
0.6413841975525254
0.6954974718007838
0.6469599500476001
0.6429646288934314
0.6355722567823782
0.681575165459313
0.6647312236007098
0.7085553740317738
0.6465847991004383
0.6797248672642291
0.6565736535785403
0.7104088248398767
0.6737590420925182
0.7146045732894022
0.6847531188627146
0.6589579174478366
0.6655102865856357
0.6780446782940704
0.6453716053624372
0.7218270646108517
0.6637892298367027
0.6354187260410449
0.7007858915893178
0.6816898748372845
0.6640602617528768
0.6541022448241819
0.6885412300794568
0.6448509579426777
0.6830837346690501
0.6448853292920252
0.6532722374401826
0.7014756221024481
0.643618546100022
0.6468938602307555
0.6847081163788307
0.6648131290211565
0.6723722182418688
0.6791550073132433
0.652340318305424
0.6689620586263797
0.6530105252835083
0.6942810689392869
0.6671101066048393
0.711745336695257
0.6679418980436492
0.6445744897612112
0.6781155070187667
0.6351025415207443
0.6514653730297015
0.6524556827209667
0.6568041348912494
0.6582041613062511
0.6250692355722146
0.7179615070927232
0.6955923865012711
0.7358312774554997
0.7371788360863012
0.7665352698813762
0.6746757645957234
0.6986494619945475
0.7282382526894453
0.7240332853425402
0.7199307016088817
0.6932378910764326
0.6960105425052472
0.70363392804844
0.7372972898242666
0.7522259977898254
0.743526408448002
0.7382630332529458
0.7425228146622672
0.7074513873128617
0.6774825807648832
0.6672734908764562
0.6279576618728422
0.7042831523977453
0.6673378659908954
0.6947958577272257
0.6543945586600673
0.7334800620353222
0.731386286359351
0.7637997072080666
0.6979975192049082
0.7150191510442627
0.6960449486298091
0.7103868000134576
0.6823169622591014
0.681019182697146
0.7103717264955259
0.7000250497593965
0.6357628364945354
0.7074051731475902
0.7177114918612775
0.6764950882757351
0.664136056070437
0.706461028651732
0.6987878286855953
0.731190785557099
0.6967101219841654
0.6783960762589248
0.7222266841881086
0.7261484415620151
0.7151059761581614
0.7174152410691439
0.7397293713366577
0.7617990249998247
0.6907759927354319
0.7298552597330885
0.6183422480035609
0.6525044709748608
0.7212352351345523
0.7060609909467261
0.7352432880840636
0.6965005752028571
0.7132933797492422
0.7158222354940451
0.723809714851762
0.7403154900902627
0.7368279977139708
0.7017816205276972
0.6922782011939391
0.6950630644680947
0.7434801540041049
0.7370656729301703
0.6885916534508797
0.7162429396652207
0.700576141126911
0.6862911116277315
0.6896309024568739
0.6676406619894988
0.7083360588665056
0.6570836208298799
0.7239387323938011
0.7071326800676945
0.7177495819997128
0.6335912112417605
0.6991473513070249
0.7100479134730152
0.6776559535427542
0.6543510738375615
0.6730182191994397
0.6294479445666256
0.6505554551266953
0.6830981467980554
0.6483527922773119
0.6698841463434133
0.6814856802347266
0.6541914708296374
0.6687117452767172
0.6047521782727493
0.7219527801560742
0.6688613053394298
0.6779435351064732
0.6390307166040533
0.6101817557076655
0.6678911554508248
0.7182277671889372
0.7744500205113561
0.7447933856835857
0.637450302590837
0.6398894743625532
0.750036986870883
0.6894870065936481
0.7040389414180289
0.7107748780941832
0.7483477146414687
0.7224119658452333
0.733677353395537
0.6928897246219867
0.7167755876476898
0.6908298322857308
0.648027781068999
0.763834189337032
0.7575833375311306
0.6940763603791833
0.6850204238678802
0.6593631950215688
0.7057920494964537
0.6625825013335209
0.6572119887545926
0.6529302323075453
0.6988772971042906
0.6638182224813869
0.7032731072318408
0.6698938667302669
0.7293658357072661
0.6885756672480031
0.6734890359437179
0.6585705338366348
0.6901944446850792
0.7468826146373263
0.7962792579339577
0.7834679585439581
0.7336191843495329
0.6438344798193613
0.7057074261035842
0.6895890069301904
0.664392714049371
0.736276000737176
0.718925782370585
0.6755255579072651
0.6852698141374377
0.693136096420086
0.7032149925654632
0.628267440201278
0.630599023344552
0.6950552493533482
0.6224070270306182
0.6835376441332444
0.7233303583858283
0.731890181843939
0.6893109222755188
0.7602603174674661
0.6753253704495182
0.657555876584817
0.6799441398918509
0.6770109220084951
0.6628783746988794
0.6926335810342588
0.7084367912270602
0.7191921191923284
0.6638613870878183
0.6731530828687854
0.727909205201159
0.6436337782377809
0.6831794725988951
0.6672287191928187
0.6711192579324655
0.672387974435697
0.6803128064402967
0.7034151607741308
0.7025098990450304
0.718913077326688
0.6818809672280247
0.6892957471809397
0.6959819491565006
0.6744135893963629
0.6755925505979922
0.7285247635010832
0.6718194974467008
0.6754857170327189
0.647836501188499
0.6805632201663494
0.6709256251819151
0.6991387844026321
0.6569347140874965
0.651471571702195
0.6213121300354938
0.6534578619825117
0.6213257144826562
0.6086623035532214
0.6058936893889458
0.6987045819226829
0.6870759480805881
0.6397735675621546
0.7202394401011271
0.6999789561610115
0.6419074503981642
0.713010599224332
0.6883704552227208
0.6999789561610115
0.6642126116665206
0.6730445350129163
0.6363358336534886
0.706305871459285
0.7491738391385614
0.6950661266485554
0.6933474647999237
0.7247091802209075
0.7132247656338857
0.6988767413165057
0.6325805363355934
0.667519145826207
0.7252981465971453
0.7225122320747277
0.6871529280316281
0.6850667217118133
0.679504049098824
0.6415617968998677
0.6579289512591892
0.632498830008136
0.6532151466362023
0.6052737689840324
0.603802567472766
0.657194807324612
0.618454466030641
0.6863283821374567
0.622014910323895
0.6619568680550715
0.6826190702538503
0.6650527961795848
0.7156018704468721
0.6464987719003192
0.7011469166477876
0.6937531227811571
0.7297538382803053
0.6951245303353747
0.7193234592376256
0.6804477377029998
0.7023250161638188
0.6903670234084871
0.7075633236800513
0.6985228860352581
0.6614405355871462
0.6519471423938699
0.6657503681035642
0.6721746549689216
0.6643432476009266
0.6996505883245802
0.7190913947651649
0.7064494234225835
0.7006072348769145
0.7404789374290568
0.6698727203180203
0.6916155188753744
0.6417310948585726
0.6351646660854099
0.7125967417313054
0.6828794944563957
0.6894178040411869
0.7232748002875566
0.7299620521443404
0.6974685430326564
0.6962346222601657
0.7254051631323255
0.7296814776539656
0.7201504883410733
0.6960484458923093
0.7466401845091684
0.7263160312117409
0.6449378677303066
0.7111344552319735
0.7216159479006021
0.6518849372345583
0.6860245337462394
0.6315842379387264
0.6693271948666816
0.6771699966300779
0.6443355945860549
0.6236731742126285
0.6217236777647722
0.7303557852539948
0.6640843551724218
0.7228083569697751
0.6574016277495257
0.7318262705886234
0.7095992917782593
0.5756213308503082
0.6814655298247565
0.6988487021706236
0.7087992821568742
0.6958315626030188
0.7135042942317811
0.6897287475213754
0.6737890703286987
0.746504731816133
0.6784407703957088
0.6911471465097841
0.7009607160343446
0.6927281260857538
0.6952537583926136
0.6694046458419902
0.6709112600708141
0.6538745630389379
0.6820558002756907
0.674440770039147
0.643137864913119
0.6905330824019468
0.6410666250145534
0.6771294763606607
0.6688938331945928
0.5720964709178962
0.6687084105673659
0.6315360310332649
0.6494972085477889
0.6265369865694134
0.6752293045987273
0.6807692314666032
0.667233386517564
0.663362591873059
0.7074815016571048
0.6441293755017581
0.660822148445216
0.6887040027980843
0.6414502962699851
0.6821250785957783
0.6759284688865023
0.675938812460026
0.6784959606216519
0.6451000313203218
0.645582505373637
0.6770013058265937
0.7499996352833331
0.7029097251530296
0.632545917871205
0.7451602206891923
0.6763772473855035
0.7369010789250812
0.69889705042433
0.726130027434228
0.7565879523622324
0.7954320447573469
0.742345547705215
0.7415685951036924
0.6895872637035039
0.694258379011448
0.6357873710721899
0.677876760336154
0.7256482902578282
0.6296052798468997
0.683020056389878
0.7517575806452026
0.7515866765173767
0.7418655340487881
0.7482653224320287
0.7153469792925456
0.676536885641679
0.712238608195626
0.7041904989207359
0.6395842895323268
0.7826305585190885
0.7352273656213093
0.7125343968689692
0.7205188896195823
0.6677638099274523
0.7018764767008445
0.6698127053868411
0.6272029832828052
0.6724671267180773
0.6602957590734005
0.6992296778529039
0.8022346183290837
0.6607344175972941
0.6997183506767402
0.7025516643699217
0.6870757898332913
0.7072828605203566
0.6571582271473235
0.6909709068408934
0.7137014532167583
0.7160160133014409
0.7038159357678541
0.7010597456187662
0.7314472026851575
0.693100374444413
0.7234698588071706
0.6958665067426341
0.6663816098198938
0.7455321530900234
0.6970644228739924
0.6802199203452869
0.6452726746484808
0.7079169420799724
0.6366317274074605
0.6761522076707993
0.6484109078287542
0.5913417894014389
0.6383110511023915
0.6926314213580275
0.6294487296208511
0.6660722083332627
0.6747922142803273
0.6978468084735725
0.6665181893895535
0.6399431760557273
0.6916845519754561
0.6535603662562525
0.6506030929742472
0.6781450707023862
0.6329575973487223
0.6121761113091316
0.6753407492801098
0.6521329621132328
0.7352752154588038
0.6660731177834037
0.7366795472383338
0.6576906538805088
0.6847583876395299
0.6979418210649388
0.633250035856997
0.6201661757469248
0.6855257673699673
0.6375554652807504
0.6657295330798118
0.7316574699670616
0.6910447618118101
0.664319105880134
0.6819525331561596
0.6746273061876912
0.6643532314222211
0.6906169167321528
0.7221575953098311
0.7186996310210597
0.6907313792551327
0.5974073597226836
0.6566537303663974
0.7155720562565453
0.6870347545910575
0.692975536606834
0.661358644293354
0.7250032866071576
0.6649104199585691
0.6667177013318996
0.6457827732901785
0.6259062725809531
0.6551836729791688
0.6725150778786568
0.6205922924629065
0.6250881495042626
0.669073399796969
0.5847673005662518
0.6461357711174973
0.6653846953518625
0.6131519556375248
0.671092176563266
0.6362874807282185
0.6261565435796431
0.652735018213924
0.6083031127847182
0.659316154420079
0.6188163149271031
0.6637343178885071
0.6535032629496682
0.6368983552279444
0.6345468456868273
0.653594815272134
0.64709000207011
0.6390837081650301
0.6379108881307348
0.6945981172984037
0.6120051593562656
0.6197816118177324
0.5992081021238492
0.6512902383169651
0.5952809812430921
0.6298017946185921
0.6561047363004738
0.6712118776265542
0.7361229413409554
0.7665690107054847
0.7662814957029462
0.6268730038311308
0.6421558957325719
0.7862432950986769
0.7368998190253578
0.7910435869077559
0.704725081444092
0.7375967489013106
0.7285307668201664
0.7302319097483512
0.6804935794604855
0.7906470072799983
0.7429525699912245
0.6670120003258988
0.641656504142878
0.6526429783980623
0.7869873086624254
0.7389771491405677
0.7234111565949345
0.6320674813422356
0.7385289174607822
0.6554778171107819
0.7116803249097025
0.6612618318254024
0.746848956391657
0.713721742883822
0.6869465711040528
0.7110260011487881
0.7246073262380796
0.7221022119984752
0.749604138571851
0.6911852582350476
0.660606390158927
0.6832207709478704
0.6058040303472116
0.6311028915193737
0.6434175244153948
0.6496589822387397
0.7208369328308661
0.6249822777441124
0.6643624414378674
0.6663927015265566
0.6754600181835213
0.6929871734345998
0.629122960028866
0.6288402201616564
0.6821856680875472
0.6716118833628711
0.6844331366905492
0.6987346384639979
0.6342759757248864
0.6656855357330813
0.665270096546304
0.6595594974627345
0.6467482874185349
0.6407989313160154
0.6738716101141321
0.6400318330575567
0.629057175766287
0.6818385054507923
0.6610584307045808
0.6415479042451216
0.676720828906514
0.6348673384627523
0.668649978355141
0.6253029236142574
0.6552755010389045
0.6516838145251321
0.5781964807000813
0.6346011530408012
0.6073659358887085
0.6949653034050188
0.6378321028427614
0.6296887814356784
0.6143267187447431
0.625845764384215
0.6001080447507581
0.6063351905157082
0.636650874530247
0.646896364171062
0.6384139201140904
0.6626324597547952
0.6269541663445923
0.6611352825556583
0.618825989336714
0.6496417112535213
0.6292657811347109
0.6644806717303289
0.664690391871945
0.638674432737322
0.6403055992852392
0.6669060554992435
0.6768646140214857
0.5623396044734557
0.6445336757848951
0.6853208421502283
0.5984859560165056
0.6221422826057327
0.6529328029954276
0.65445994550172
0.6268618143131018
0.7323435130354823
0.6207758085464207
0.6490839416693119
0.6619330232992445
0.6743353173916035
0.6415630273881738
0.6445513844094992
0.6702973331680172
0.6869479256548858
0.6584140848101357
0.6783078111050495
0.6606975962520795
0.6228953464922383
0.6290631917597679
0.6547500408404012
0.6054710284178104
0.6181094120457153
0.6745909876026573
0.6848634193652469
0.6514003557516201
0.685702933988303
0.6667641314259974
0.634605570284378
0.7243539256254089
0.7631035388877048
0.7228427678023316
0.7444656670797888
0.7219433400272655
0.7265275898999528
0.705977503136751
0.688158782751177
0.7087766712570532
0.6813681126232377
0.6320356373657746
0.6989450170879707
0.6934401978924007
0.6851169934673255
0.7160149534095077
0.6027557481936145
0.6372213818891124
0.6254562879645128
0.5658468286463572
0.6081412247800495
0.6311789337531781
0.6417262759764015
0.6360286406207584
0.603680034930304
0.669871266809749
0.6776398878217976
0.6218919370572411
0.6515955639660883
0.6118759551044702
0.5980492451510548
0.6107861800856368
0.6331031802763297
0.6402572311831288
0.6433359632817066
0.6696773139621188
0.6978207876357889
0.6176709832519618
0.5596512058812705
0.5892328540688805
0.6394258841787835
0.601142873902121
0.6239575416094881
0.6525367863183816
0.6812407178285205
0.6373518798453321
0.6189423494180984
0.6294452376335594
0.6306696231202586
0.619859105615469
0.6615991735446671
0.6695639804765059
0.6123962638277541
0.6123538294628867
0.6305289463038445
0.5887464082627971
0.6496180898615258
0.6360100052350196
0.610840423415185
0.6791861927313199
0.6793655187740861
0.6036433911420289
0.6468272123825898
0.6687723717417658
0.7220183139119095
0.6016703241284161
0.6615553182127889
0.6796961346319041
0.6210904701688995
0.6919219536157251
0.649352445715038
0.6445941547096674
0.6773392003363413
0.6571362670040745
0.6701755617471274
0.6567022633925319
0.680843499811607
0.6748262154920709
0.6736102239932961
0.672951838921505
0.6664548770498117
0.6827496111664726
0.6702634278757533
0.6652359639040546
0.6661898801457499
0.6759395851930413
0.7901588347775241
0.783689560511666
0.6630163827740011
0.762828298316912
0.721509114641627
0.7275606476587261
0.7077350913510957
0.7229887321548086
0.6120835317291166
0.6461764739947231
0.6727789428533436
0.5892461497277166
0.6944128703530009
0.6795595777325489
0.7407726228390407
0.6960340962401781
0.6751983051296692
0.686396751098546
0.714747269029951
0.6245511613186903
0.6449758123684236
0.6750166916412699
0.6552751123813937
0.6648624263598469
0.6816622520821208
0.648976854691519
0.6405524075580074
0.5945560021839187
0.6610569589986841
0.6620284655331282
0.625656753965688
0.6958013808417423
0.5672858095438784
0.6784817675604227
0.6260972511849343
0.621276891811752
0.6621063827042158
0.6126376915452465
0.6540349024763581
0.6557407602966494
0.6823690804762825
0.6851291286065365
0.6130016331389546
0.6486546413244345
0.6102949047752654
0.688221147543521
0.6528206897557046
0.6439485560179108
0.6304043769817543
0.6586112941686784
0.6929009165808232
0.6341859871299953
0.6594379584191224
0.6913764322434907
0.6638353369585122
0.6749955615011836
0.6713402007242645
0.6826898998008536
0.6918153381627122
0.6980626110029383
0.7448995508055177
0.6624377491111189
0.6401514965496605
0.7061039723910212
0.689687834996341
0.7142675370216197
0.6736264894277548
0.6904724197197483
0.6872593248165627
0.6709230965024845
0.6561670620917661
0.6910142428839929
0.6517535105864641
0.7106013910331609
0.6400993745085382
0.6423633783695366
0.6779558678852677
0.6550558268910693
0.6608330865898312
0.6209694970493734
0.6369918535981824
0.6187849207397889
0.5917501608349425
0.6476028288805378
0.6687136298577174
0.6419578546923749
0.6691684617440695
0.6885505003687137
0.6125702636265691
0.6415604729933282
0.6799262296057081
0.6113346892838403
0.6243413801226794
0.5865054545291254
0.604007683566166
0.5888516583505712
0.6348981412997948
0.5667148639831134
0.6078891983133495
0.6129834358505348
0.710749405282984
0.7022712066473581
0.6576468533038596
0.59958267511834
0.6743046862916624
0.6708326687107485
0.6355511248722655
0.6221396134661684
0.6645823783278642
0.6111802846635181
0.5457707884124497
0.6310970201443616
0.6290952036103329
0.6782043565701665
0.6223401981947829
0.6616243446066806
0.6269328117409309
0.6057808017306975
0.6805164666231164
0.6502968581986887
0.6550751503957948
0.5888380670047558
0.6066457514232395
0.5892441872598183
0.5953568289639855
0.5764608895491609
0.572506554411708
0.6029776820244118
0.5567313281525538
0.5762149999814923
0.5815996612306831
0.6287967719291477
0.6094001164194849
0.6723455136572247
0.6853917387509947
0.651530445760875
0.5921841823288276
0.6188525894307388
0.5720772154151803
0.5718977432173532
0.5736136483866026
0.6077181606812936
0.7048800709257504
0.6524261388327419
0.629715589551858
0.6526853449275946
0.6352113750642806
0.696673454975605
0.6979370946005283
0.6449748549417971
0.6718003575776469
0.6552691097699609
0.6793886774959192
0.6405854703449027
0.6521815603398071
0.6391327007313671
0.599820607445913
0.6786375319356648
0.6669738389973123
0.6492681662129937
0.6461147864729571
0.6725142859329185
0.6355740995175342
0.656046338641277
0.669109518734656
0.6924070906945994
0.6445920519524517
0.6993968147570602
0.676523304831356
0.6558615742551317
0.5723496106915299
0.5691155902995975
0.5589680993444601
0.5753781581577286
0.6156726865356523
0.6893697422386563
0.6575950822322777
0.6592815717235141
0.6479257242524659
0.6510504621053859
0.6143511313148209
0.5945508907610296
0.6572171472868916
0.7079789268940854
0.7050024141129534
0.6779045506412261
0.6621014284953032
0.6003949060002889
0.6471890103451915
0.6553589496120875
0.6959093516646476
0.6522365999797155
0.6078362229287867
0.5986294248112782
0.6150894119427008
0.6178981890738268
0.5988830171199971
0.677048831529638
0.6607662213342899
0.6779829415404275
0.6638994739999144
0.6268391588892194
0.6463778786335825
0.6291701133545005
0.6059458951744886
0.6466968675370081
0.6614408565116139
0.6229643004590995
0.6677451668402378
0.6136181564892437
0.6165639606526834
0.6299907476346851
0.660445113344382
0.5959696179226026
0.5860619500968759
0.656614182879193
0.5771673665552126
0.6145528520240912
0.5948205819064827
0.6155477121957754
0.6279295839194854
0.6920209415078599
0.6628156870625289
0.61091203938982
0.5783758824223746
0.6132393901839538
0.5948257668272924
0.6085495599063065
0.6159681191253205
0.5849906066580732
0.592574977035394
0.618721255719391
0.5883179246504667
0.6042589007743169
0.6609694135625077
0.5807198451905768
0.6021058006521256
0.6057039565488166
0.5936817583265592
0.6176015020805076
0.5629276625066617
0.5628525822668585
0.6734115669249894
0.6297015312777149
0.6556703257524149
0.6790693524032807
0.6651791676098872
0.6703842022695108
0.6821995538927693
0.666420836808405
0.6581910313619068
0.6759132852368795
0.6965348362894767
0.6787208936239181
0.6745354076343208
0.6771013485303782
0.6732587510525557
0.5685271629519569
0.6196825710433077
0.6547024655368483
0.6991130362757884
0.6597789306384096
0.6583164360160395
0.68542699215364
0.6549160919310447
0.6632482548955358
0.6487923887644399
0.6583164360160395
0.6057379192862178
0.600128633511719
0.6858289215136733
0.6673904871031298
0.6326062955350028
0.6215265239531877
0.640565203876085
0.6751900888235367
0.6250316739732737
0.6415243663532132
0.595374616305802
0.6734956712620793
0.622817021206699
0.6407098524635197
0.6910260936571816
0.6623394357770978
0.6073204064902135
0.643321856575378
0.6706071690020328
0.5992464105386287
0.5668596985207215
0.656788548830223
0.653257900318299
0.6337088772161515
0.6212018535242316
0.6519195063861399
0.6243758339988069
0.6266028462018315
0.6462253941732333
0.6090181288054628
0.6613280919752653
0.6825432005950719
0.6703294136431635
0.6663244174052236
0.6517029391757148
0.6638819821895112
0.7039805766525346
0.6370249522629615
0.6781035023725175
0.6165268047461796
0.6339516196028423
0.665985637230855
0.680282388827685
0.6650128221868689
0.635245094109169
0.6839178422273208
0.6943652052329132
0.6412768819741337
0.6576211356879381
0.642825057527825
0.6662865591908704
0.6274258949278243
0.650664542528872
0.6408370963100899
0.7257670243799642
0.6334566361072428
0.7085359748525824
0.7434794777406017
0.7227419458780909
0.6510827443206109
0.6936160532754457
0.7486401587288256
0.6913977260829716
0.651568176052178
0.7022012555657976
0.6392954815256973
0.6803476681024646
0.6284404174335272
0.7608610854516021
0.6649133371113048
0.6641442838631043
0.7115586051717874
0.7869089924328817
0.7957458505418312
0.6802384821449411
0.7139227189311899
0.6792278177302384
0.6590470774955257
0.7336626429583732
0.7602954994081272
0.7455682368875423
0.6681723424064686
0.7182052848125163
0.6876816888501937
0.7283317532099048
0.7631581462341528
0.655430141713287
0.7438992522667675
0.6427592940059177
0.6726069028496081
0.7652850239679657
0.7634190691675466
0.6691032104300259
0.7392162598649812
0.7255851622719907
0.6741332832316371
0.7513560693815698
0.7737921581923937
0.7690137274515324
0.678182392174627
0.7068134147722351
0.6858977477863407
0.7098869004139853
0.6847981021121368
0.6644376761889229
0.648107476764861
0.656785644491672
0.6615956413693427
0.6625029514744423
0.7043148560410505
0.6747429060737369
0.616268228644653
0.5983227800518146
0.6018432911668391
0.6779951530127125
0.6864058306763304
0.7062853233628363
0.6734402164378784
0.6880015147405962
0.6770200460838409
0.708771910946318
0.713965468487843
0.723642133298551
0.6974291402014301
0.6280527026952549
0.6741169994149038
0.6560031154606654
0.6817749657373053
0.7722280428929807
0.7746494552908767
0.8039038843222333
0.8053602892086726
0.6876288178943994
0.6781253124935763
0.6875354319434823
0.6727229466859046
0.6776752851194806
0.669584030777836
0.6540774617630429
0.6737518587165809
0.6759957680372776
0.672951838921505
0.6664548770498117
0.703316610146171
0.659632587347754
0.6596061649327161
0.6990426000123585
0.673808129873545
0.7901588347775241
0.789690054787559
0.7866743603209417
0.721509114641627
0.727646653823682
0.6472613772513338
0.6865033455297131
0.6908102753281598
0.6752720732950421
0.6596922735893277
0.7306059734230491
0.6447847820298155
0.7165508842427838
0.6348725286592743
0.6718392086375378
0.6833143400828562
0.6203564559495096
0.6669579275197487
0.6687390428045418
0.6704869210507481
0.6203564559495096
0.6669579275197487
0.6687390428045418
0.704290281831111
0.6417410345285776
0.6502971737982501
0.6099289634405186
0.6129101142037071
0.7291143392124139