0.6265244846616919
0.648092285917038
0.6517732262339746
0.6388694685265299
0.6565934157530261
0.6606895630377062
0.6154475073031092
0.5962361378450424
0.6486120493208717
0.6398107667861965
0.6505375586515934
0.6626023964403112
0.6142745305389984
0.6138702238260019
0.6014691741483641
0.6203396152981712
0.616130619445451
0.602435764404946
0.6536577367436092
0.606997365976219
0.6368567877292617
0.6044802508990322
0.6244252365101473
0.6158643000890178
0.5876817131090546
0.5909168655994729
0.6142178882753099
0.5890362575164078
0.6146669299289775
0.6475206567819703
0.6254772731247136
0.6300602110842383
0.6384748890278611
0.629032698846554
0.5863905174875365
0.5910334304786714
0.649146446361973
0.6503166672043994
0.6908775175721193
0.7020136460207116
0.6621243823654714
0.6382714058490102
0.6328550604946788
0.6305758093168764
0.6686598279998477
0.645117672971242
0.6275000817930754
0.6363627529442306
0.6321783703224975
0.6934783242747405
0.6209264908332748
0.6197157300239788
0.628854583564814
0.5805805916250052
0.587369158013953
0.5927918775467828
0.6372388181535255
0.5728943993264072
0.5965393916399078
0.6461611255331445
0.7106401935769292
0.597148303875367
0.5695321208632934
0.6084423301303797
0.6538185873258837
0.6281203978027619
0.6558024816358838
0.6208856651397945
0.6007824314059245
0.6140620059031027
0.6178520424843098
0.6265395618468128
0.5855144226967222
0.5917370325411164
0.6088878428077683
0.5995385829196886
0.6064072302165575
0.6112459678068951
0.6681869059444244
0.6150161974211792
0.6817197595842788
0.6894371418761865
0.6793836100779366
0.625435490255643
0.6353010265252956
0.6123279499018568
0.6334716399076066
0.6533406374631989
0.5865979306604435
0.6094605373112087
0.6864103619978325
0.6278928452684278
0.6427127412466704
0.6013460232907158
0.5998254052507024
0.6818291269890123
0.6505200064441448
0.6054706070032514
0.6380954296927092
0.6414353305461915
0.6589069122176614
0.6693553686904267
0.6533031730559414
0.6787559153191333
0.6608522314813626
0.6596652522512428
0.6748459745901519
0.5936490983634674
0.6855195200201578
0.6647503206917132
0.6238290957692803
0.640953034874664
0.6742367489620682
0.6554876531840389
0.6453248621403254
0.5965157675402851
0.6443083216662852
0.611553321058698
0.6778615397596813
0.6373150222368584
0.6466385897025333
0.6418094704140043
0.6466349397564723
0.6217805468000696
0.6421442277736723
0.6426679996936215
0.6807709714556984
0.6255257242601971
0.6274028533171072
0.6435364974144554
0.633337237044844
0.6060119959577502
0.6676585528318224
0.6593923303391147
0.6660559669134587
0.6563861329050764
0.6588470716650562
0.6393507152859215
0.6286307927616797
0.6212180693945432
0.6293654722532759
0.6595269020188239
0.6347399532686033
0.6244532977298425
0.5969233532724042
0.6283683615924331
0.6353566309617663
0.6405939261504057
0.6422592699624785
0.6504826873903693
0.6490733285849423
0.6109526504956057
0.6722211571206204
0.6234234044148336
0.6371945479598619
0.6599697867959546
0.6486908690106463
0.6345899267217263
0.7169146034709685
0.720734788057789
0.7435794843731108
0.6611236879450167
0.6075025146837968
0.6621665075442806
0.6596148492615159
0.6593138872431455
0.6834886375323677
0.675617471040305
0.6515125574025125
0.6133726054554051
0.6505056773443016
0.6467518500617586
0.601725396796153
0.6719399656156176
0.6538248501490932
0.6745908772956807
0.6965444964163131
0.6958463747381737
0.7018220336259725
0.6559095765482554
0.6359339209202878
0.6952142781158138
0.6482841616128949
0.6494070507494192
0.6605013691316641
0.6362415624051433
0.6290428157353134
0.6443928357202428
0.6485938843349285
0.5998897624274573
0.609213808822381
0.6609734233054528
0.6507602578747963
0.6345763128949934
0.6353372601498927
0.6008530897119747
0.6775246025993874
0.6337323376659504
0.6556696813577897
0.6824126171122984
0.6876294100916405
0.6432963909543201
0.7459113824982133
0.6590951432300449
0.6372741270744575
0.673910558314455
0.7239137366444098
0.6449148764836595
0.6836371353286984
0.6725002877681274
0.6612068273880244
0.7260722480730935
0.6307805821231258
0.6189317385188203
0.6776753077098647
0.6271119350719138
0.6184224031360904
0.635530866560701
0.6604875468682853
0.642503585422124
0.6025960770355661
0.6283246212274943
0.6301642476559755
0.6382246774655252
0.6306895385325535
0.6394208858273772
0.5985683145632151
0.6890057097958449
0.6231645916003091
0.6031767076490221
0.6618344191120813
0.6559734682366912
0.6452388139767342
0.7016199239148783
0.6479610451490436
0.7140540251488469
0.67827178249625
0.6447512670575481
0.6464475144911546
0.6442389016830108
0.6115122985706495
0.67391850378325
0.6385492375655575
0.6799099620598159
0.6185412072801981
0.660174498017825
0.6552001484630161
0.6332069065010397
0.6429297930751721
0.6396743670998392
0.6645161882382332
0.6369502113703102
0.6522096991501235
0.6634414151954993
0.6571441405205495
0.66869624375253
0.6649462157313965
0.6200981429587957
0.6154490091849592
0.6497638738244275
0.6264825370568733
0.6403020314197598
0.6174735990390091
0.6086851932467003
0.6505633344560942
0.6706265982314221
0.7216161460600463
0.6716836087047985
0.6220996482366009
0.6179274359233348
0.648614544797258
0.6333296379532304
0.5971784176146332
0.6338172898397186
0.6221739735665647
0.6702779940079271
0.6532152436219908
0.6658778454766856
0.666202731576883
0.6440754469660426
0.6503330233674306
0.6362105863928712
0.6726181385191736
0.6687740799230962
0.6807275938120241
0.6690331130594104
0.6150413522643844
0.6118229712579895
0.6129098501673322
0.680289009988252
0.6539541595769709
0.660943855928199
0.6584698021486134
0.6358314818395058
0.5762155265849596
0.5620699714634817
0.7116589416665537
0.6721039160423827
0.7070353707384426
0.6288390097928611
0.7083238638489592
0.6978564363595278
0.6651662683199655
0.6694728671045065
0.7000795233597273
0.7499787505693688
0.6663117340454005
0.6483817662693787
0.643083655099217
0.6377757764463285
0.6612877307334054
0.6182659230757237
0.6556905869259871
0.6569701304302893
0.6313309352212227
0.6584697116432939
0.6316155346162747
0.6525911100864944
0.708231534614413
0.649887115036167
0.6979811807070538
0.6633768423371303
0.6518270259838512
0.6833578284767279
0.62995318305201
0.6702279940592737
0.6630887707319353
0.6108229779170594
0.6054989228305233
0.6204908072564184
0.611302221486358
0.6372608577699368
0.6146700619683931
0.6446640224711522
0.6569158822223466
0.6635211734634029
0.6717891839686356
0.6579895774965835
0.6646228187903426
0.6684321117557996
0.6633763436781441
0.6468563396898802
0.6356234521551263
0.6254720877791053
0.6542439773597971
0.5845238534100972
0.6214186133566859
0.6686706685496042
0.6312628964563667
0.6193173962755105
0.5914860354495641
0.6549734221967203
0.7007002942629245
0.6294477957580545
0.6244237753184353
0.6431035841501906
0.6551980810774714
0.6442203118913792
0.6321139049907534
0.6153249325388059
0.6548794098642619
0.6425254808595994
0.6330646901077097
0.671484981665425
0.6587409366973559
0.6258636149773039
0.6489416329837117
0.6161278021988273
0.6239560526688522
0.6302010482651345
0.6096621494117843
0.6481143542048277
0.6350488763546273
0.691543314842842
0.6469696768193165
0.7131280641957308
0.6849056784544686
0.6784363113287586
0.6467443661524213
0.671519415820403
0.6922734326511475
0.731247538217871
0.7274702190438999
0.6645114138303809
0.6693767294565457
0.6637806741901874
0.6758182673944684
0.6621074127139088
0.6585761786285115
0.6774353573630605
0.6045690367518074
0.5986385713524757
0.6006918653196897
0.642790429627501
0.6445020157463398
0.6537377354488784
0.6318504205136513
0.6206275311140426
0.6122338163456018
0.62604263725848
0.6445117975542177
0.6966703748582096
0.6226849275185689
0.6895609181683533
0.6330460989610738
0.6701346777108588
0.647309478551479
0.670882427719303
0.6955941182704352
0.6634496138837988
0.6121408362346872
0.6577795171007309
0.6170035773000533
0.6357043654378584
0.6458513754198567
0.635279884570465
0.642286741543357
0.6572309749702328
0.6477519657083912
0.6720735054560313
0.6326016514984811
0.6626334961763514
0.6585741962834283
0.6436950842228693
0.6302670186674506
0.6441398258378747
0.6687344198200758
0.616104817159485
0.6570429720820021
0.6154196273562096
0.6601315653480015
0.6556836130895763
0.6227994939497712
0.658481468639211
0.6835474191436527
0.6874304421599108
0.6618713540145467
0.6869134817097758
0.6220467653805153
0.6681783328243314
0.6698093135610658
0.6378716680120953
0.6234656812945851
0.6382771700741295
0.6325105731059919
0.6041126075724459
0.6796034526119278
0.6344692204965875
0.6669869738714361
0.654345820260032
0.5917040656127971
0.6706628716242282
0.6711003796057483
0.6212204418919302
0.6179507697187865
0.6131334611294793
0.6449125795716841
0.6485167323552722
0.6537346466188511
0.6583894834087668
0.7012748277472287
0.6666707260623657
0.6513694898933853
0.7206735322017577
0.6731069481565063
0.6255700560631723
0.6850371701272826
0.6548345843675731
0.6284335427520236
0.6806838634021575
0.6580102158021789
0.6588917069425574
0.6740451116958023
0.6033484622534151
0.6218790492699136
0.629770415000237
0.6482811270912774
0.5748522720808561
0.6040776837440267
0.6442955911826379
0.5869825568712592
0.6274542302057369
0.5871038800826731
0.6150463281779419
0.6370251600159242
0.6341039581919948
0.6711362366869338
0.6088309638792221
0.6637720368685649
0.6261004091570883
0.6430928891241834
0.6058228987510508
0.6527145670035276
0.6534928542884308
0.6460289358847198
0.6618094054288198
0.6770841338353565
0.6099838818763751
0.6445358130767922
0.6231631970522064
0.6417928966023739
0.649327808313333
0.6640158546506163
0.6253223617933797
0.6216441212004854
0.6510715300152979
0.6427346471756633
0.623204982777645
0.6118022425957248
0.6044151257942783
0.6513179045380967
0.6354422612723245
0.6592360037515913
0.6390146495316784
0.6158857662751891
0.6355735007472232
0.6037291191544423
0.6217402683402294
0.6495629709904398
0.6349887090640404
0.6586923885871736
0.633314592161403
0.6662515910742747
0.6387815885297976
0.6530807166329876
0.5887233888569843
0.6507953497043258
0.6260104665952164
0.6256795393653658
0.6562702935791738
0.6278572726310141
0.6190361273474999
0.6149322958154906
0.6197001255813748
0.6326090394057358
0.6312897078476799
0.617331582053244
0.6194242787715544
0.6353209430677724
0.6188245059869829
0.6660262686733545
0.661169239568413
0.6651265670378331
0.6614081598710869
0.6722213479694711
0.6514083600977241
0.657564658271892
0.5923377361981725
0.6410311373892729
0.6368596432483321
0.6237212308604876
0.6100653074274283
0.6297488803979907
0.62484306125481
0.6382713350154616
0.6497983436270621
0.6402748211688629
0.6038942527025778
0.6224297276781471
0.6220866085129392
0.6245303966218689
0.6587864191038041
0.6586831315600298
0.6336300002417627
0.6558738796496871
0.6272635468971258
0.6145238369693938
0.6525886901233572
0.6709683779672435
0.6618776562784591
0.6337563409271981
0.6654841357205973
0.6129679627160489
0.63176712845443
0.6066154252599165
0.6485543519886521
0.605009393260177
0.6719695207667189
0.6497755918976227
0.6191341982977902
0.6629185541524089
0.6273250405713102
0.612508164114174
0.6910788944920889
0.6626949793192126
0.651360024831419
0.6478567742634208
0.6301985978349973
0.6443258673658154
0.6311867575994546
0.6231177936972074
0.6304191656089762
0.64056816803374
0.6421416492499203
0.6296040693651868
0.607095879195719
0.6484518407714142
0.6290490237952111
0.598144660633489
0.6438197674168404
0.6615144175741623
0.6477092411794719
0.6656267247157995
0.6690025574158442
0.6640031168719017
0.604718703910286
0.6457404216085566
0.6465590443750064
0.6442596307404612
0.6428698730171584
0.6675910096365072
0.653751136240754
0.6578390233484975
0.6720780430672195
0.6636029440857117
0.604718703910286
0.645940203933478
0.6491310568037616
0.6548094775337286
0.611794488914167
0.6483972418528505
0.725303656902868
0.6372173215195038
0.649684622249096
0.6497513292577353
0.6161322979938412
0.6469405945067441
0.6246040835630291
0.6427031977101454
0.6588833235940212
0.610181598468099
0.6262446563809999
0.5871483782704722
0.665473249444742
0.6534563429915142
0.7005757736922893
0.6697431714397244
0.6880081942286123
0.7310791047082053
0.6434989475116807
0.6065596201467871
0.6476942170187657
0.6574632471984073
0.6696845189305233
0.6277932718600832
0.6408621999086966
0.6691945622087873
0.6945386135374143
0.6612557479398816
0.6397094988495701
0.7044642469480229
0.6235193907134096
0.634389519068824
0.603664020341994
0.6290476142725449
0.6333886464480868
0.6500543607923563
0.6408682627120657
0.6374316786752696
0.6289071957965262
0.660082993216487
0.6419086365258021
0.6610992772440426
0.6541727461308479
0.6754536479578589
0.6467194235263692
0.6321200730658796
0.628656932959836
0.6423138977737063
0.6974095526708095
0.6474201413275521
0.6186951386635569
0.6136534720680519
0.6381152179519312
0.6431186365191953
0.6656929791263716
0.6887608931093792
0.6497299153008476
0.6710289547290873
0.6603184088965931
0.7101104717511483
0.6433221509553749
0.6652436455012269
0.6336971469138654
0.6140191229027604
0.6153122128429566
0.6621453999006219
0.6879091434358695
0.668454104315255
0.623375700183636
0.6571819843762975
0.6500273385857174
0.6755303118035011
0.6577403996670743
0.658112241485516
0.6212225931794506
0.6609164800220863
0.6473748506893149
0.6845063861876567
0.6432332549866197
0.6586237717769589
0.6350859172030273
0.6800574342785114
0.6963367122766759
0.6577980778245515
0.6142324517497605
0.6346797934359586
0.741995015308134
0.7028283461335524
0.6679999959531401
0.6303706970717413
0.6409790263582339
0.6527971430924991
0.6481291153628029
0.6595752895796475
0.5959906186328905
0.6380871523900615
0.6459294382157108
0.638758921094466
0.6558033288905963
0.6494892509542327
0.6569977928926649
0.6743073706890533
0.620746231578064
0.6852032196527826
0.6847940770286518
0.6743308944281795
0.6517717050416963
0.6376260856000159
0.6685893630699448
0.6726249319892398
0.6477767986923929
0.708376401662498
0.6557493902661131
0.7097540146134886
0.6614798267098728
0.6557913250606728
0.6324589889732181
0.6627687319783075
0.6906745952150389
0.6509944697513365
0.6888304076142238
0.6336300002417627
0.6361709687995751
0.6345057841783672
0.6342483692482063
0.6964013186123109
0.6527806863579945
0.6378235654352049
0.62923628116648
0.633618265192359
0.6240830278499228
0.6770586786072157
0.7215632403494513
0.6792016315841243
0.6688711815018444
0.6599849949956776
0.6456791702677135
0.6667944372444339
0.6432071416821599
0.6463913276216543
0.6446050901248761
0.6829438281528634
0.6772305708348295
0.6673551726817599
0.6233142651299276
0.6792173594696302
0.6436391270506341
0.6801634560099316
0.667198499667448
0.6939087123219437
0.6517132425388117
0.6624747638236435
0.654366506956726
0.667515953310701
0.6277817224737993
0.6569632796317751
0.6788438319501402
0.6038404176647798
0.6517230709551739
0.6819243643068387
0.6868350521707952
0.673037834619018
0.6892329830356594
0.7283732648620725
0.6739680574819457
0.6667714208903722
0.7432227835405457
0.6904581347167399
0.7163622220430326
0.7152899910497409
0.6445000560058283
0.7315883520776648
0.7974836389454076
0.7026202068065533
0.7321630273976689
0.6642350919347648
0.7223903317927363
0.7058068401369092
0.7437984124007668
0.7060181881571733
0.6994981737927393
0.6422764906767247
0.6800265245414252
0.7109883973139477
0.7324309709447168
0.6881278290360386
0.7420170720264123
0.7264254565600595
0.7520842126758953
0.7093141381911011
0.6818191410719064
0.6911523252099027
0.7065154437075302
0.6230788900249241
0.6871234140295053
0.7058661178103849
0.6930878504676374
0.6425243790633695
0.7350370772805545
0.6970717070574326
0.6872924369164224
0.6844082879920926
0.7035397442388885
0.6825131830625774
0.7089762772569205
0.6898032879601993
0.7042876993318172
0.6925387645961951
0.7181679929689021
0.6950346975146753
0.6667206807048851
0.6855611723089526
0.6687810148317253
0.6686017372095898
0.7386869166052944
0.8089524792837525
0.7677826659724606
0.7234936326036713
0.6986756366402062
0.7294200964461425
0.7022179798966396
0.704522056767946
0.6613013101885958
0.678093118609043
0.7571760867916035
0.7281453893688385
0.7053505739513619
0.8095438025624067
0.7233996419204226
0.6929307286747312
0.7310926376203973
0.7201550780919874
0.6394309246442514
0.802083398712208
0.674959022617552
0.6098871064543523
0.7517177749697319
0.7462199582854571
0.7596381639691087
0.7415133658068305
0.7194327265036216
0.7500828437144246
0.7048738747757941
0.7202876538860687
0.7878171739847322
0.7872343474959663
0.7048738747757941
0.7180391547028542
0.7191742837027859
0.6167923907587257
0.698598245204527
0.7241385716560647
0.6406768219688392
0.6974119445416374
0.7159722981551595
0.754291206102432
0.7533276198160357
0.6870630433679558
0.7161811871578035
0.7563051105456392
0.7351957541125886
0.7309097129756813
0.7083801656727036
0.7339780289783946
0.72704987830277
0.7864459197917028
0.6164267711044589
0.7480038694523063
0.6842007719163631
0.7328838346756762
0.7305117419829211
0.7736766031239882
0.7231511418397119
0.7232427925438532
0.7051776740093127
0.6902948017546604
0.6853392615588988
0.7844837671175948
0.6342867725144239
0.7005149779494804
0.7495888269031251
0.7001843820361049
0.7228151974787632
0.6979045139515225
0.7076434997006552
0.7460330329195599
0.7180612489465632
0.721196881848631
0.6869892151220878
0.7236213700125503
0.6587179723173395
0.626242653351028
0.6414520709030007
0.6937768923405078
0.7098394298105049
0.6840632324346032
0.6948057602966005
0.6798694060282381
0.7229194731431005
0.6947665944107893
0.6900863372705038
0.6642920446927713
0.6259586282902264
0.6682060771498254
0.7168265738021629
0.6881275017383139
0.67447011490283
0.7106509276923806
0.7351232683219766
0.695814911788402
0.6601046874413221
0.7064105416218387
0.686515794959539
0.695869257559017
0.7085355173432867
0.7289313548969698
0.6363102589677444
0.703447964581545
0.7384159346973785
0.7050859667841641
0.7154721181875463
0.7089069584914868
0.7772693831626
0.7378873854115015
0.6727990305219883
0.7663700299068721
0.7139058665905842
0.7005285324981249
0.5782130591367541
0.7241366692973765
0.6385277195422122
0.6989164723015016
0.7141950338823526
0.6264865805733074
0.7371557277296322
0.7269843208231219
0.7138063241878024
0.711051181196179
0.6958940811887268
0.7291284191612489
0.6242900772667108
0.7276342201642043
0.6437500991029695
0.6494786038919845
0.6590184707850405
0.6659152194316434
0.6646232990029349
0.6241989640318224
0.6587450907994288
0.7323740144671261
0.6518000298482737
0.7206684670577195
0.7125132561241128
0.6995433300462881
0.7242089571175395
0.7282439612269856
0.6639214826856293
0.6283497813165422
0.7488552228548563
0.6497433500130422
0.7968189355179989
0.7677073553138919
0.7054579524986705
0.7652630040614373
0.7693821804420098
0.7581917001632797
0.7024190506960962
0.6765819274559498
0.7213484508928008
0.677452340601205
0.6276897994318859
0.6961157433266421
0.7021143943081266
0.6594595231051265
0.6804414356304521
0.6187568135729704
0.6459761409510165
0.7317279933167341
0.6588902263328066
0.6413163023845119
0.6814708555401336
0.6618313655507263
0.655411278042372
0.6536122018126034
0.6615625027239974
0.6791855411652149
0.6447499019113165
0.6316431475513099
0.6989120467944486
0.6258509461545555
0.6810347410710843
0.6558185806802365
0.609454631736815
0.6435108276505206
0.6709522077804563
0.6241470827410035
0.6254915043614454
0.6298004464789143
0.6246678508588794
0.6512785026581855
0.6437602654550404
0.6840502865116336
0.6570659220260652
0.6640274510304249
0.6352925219116122
0.6005666347528477
0.6402015243494336
0.6032637119538269
0.6181827843580707
0.6405919648140482
0.6063331866879126
0.6781875712120825
0.6638167581901637
0.6448687600448197
0.658813143689474
0.6025987261325232
0.6434222649710832
0.6189329456147366
0.6635423467925323
0.6398463924266983
0.6138670816717665
0.6888250816074121
0.6332356539703223
0.6313901794981331
0.6685308151439572
0.6716867937315079
0.6984646250816265
0.6999842385565409
0.6289724235042029
0.6865653858185229
0.6565651235215139
0.6793915397911104
0.682449662551308
0.655715503663106
0.66227752210149
0.664739402023718
0.6754885259644888
0.6631347472111502
0.6878848870796624
0.7313290847500991
0.6537387053397193
0.6594570154587871
0.648040313799378
0.6817297887852334
0.7048057892017608
0.6468792225236655
0.6506740749858682
0.6826750756740477
0.665503880355761
0.6153761245730008
0.7200102350735912
0.7822302956545842
0.6972802847647867
0.7788252031781084
0.6860982150277563
0.6794849019220526
0.706246380506683
0.6845106024846216
0.679091674913389
0.6614737597236283
0.7203166056991478
0.622601113261916
0.6244904011633023
0.7324218883547082
0.6955347355286209
0.6159159386126317
0.7505465271834112
0.628324964102431
0.6770787166407648
0.6680817180499165
0.6760994175790375
0.6821512071093889
0.6377736652391893
0.6845235709629848
0.6628439424024752
0.644066846036308
0.6673781266406343
0.69107279201614
0.6447457281704027
0.6615092717952005
0.6464821296710929
0.656383306585257
0.6759130514248418
0.640308300544931
0.6390102371040566
0.6318170936583906
0.6396282543298474
0.6607420136272512
0.6977306858885834
0.6205428023114254
0.5951151684786644
0.6021201062711883
0.6313739775059205
0.6385117010341821
0.6289697276738384
0.6566156106055383
0.600966267710653
0.6886852609515971
0.6525921062229841
0.6153459807317259
0.6653427175541438
0.6414063330200187
0.6276735005291298
0.6446103939456812
0.6588627507311546
0.6250337948703562
0.6329922445861151
0.6471887387238674
0.6917921050949327
0.6471792386923435
0.6194272374727897
0.6774105701174569
0.6699628390818938
0.6947663720282674
0.6354938688633195
0.7072885797536015
0.636521728632782
0.6533681805463196
0.6316050550456832
0.6524367295134004
0.6634862009483594
0.6201964798035677
0.6814070330837485
0.6452077750450698
0.6706120036200781
0.6554167007133792
0.6772098281199941
0.6182431024427375
0.6495995443886372
0.6282395529004051
0.6661874607646405
0.6798732362279097
0.641412416246701
0.6702878200760422
0.6522460882201462
0.6801471664774069
0.6279977138923347
0.7419974532688343
0.6580449892399295
0.648526089523488
0.6790043529055872
0.6331689935388718
0.6733114947458283
0.660269328008859
0.6542866906813971
0.6629362047043821
0.6967028923065492
0.7200561191501027
0.6719360094593332
0.6277806913957941
0.6785471269890954
0.6690102017191963
0.6204383311728119
0.656837316096251
0.709980422675186
0.6682540260785242
0.6249487620794042
0.6689721112829681
0.6502061187022584
0.6600949965076087
0.6665054188319957
0.6031768928530404
0.6639284822836752
0.7103052250315951
0.6500819686806281
0.583998121251889
0.7196976373285537
0.725301293473004
0.7330546942634846
0.7270805423040407
0.6359995905848713
0.6683666858454274
0.6518192225287501
0.7246185462789709
0.6633181040186238
0.7517242834908884
0.7099033855895486
0.68757148239328
0.6722136011067229
0.6641730583843947
0.6697281573866378
0.6713518530174782
0.7026302730871368
0.6818152069442633
0.7042031197572245
0.7047090387381428
0.685848345132025
0.6313302822122299
0.682135206121222
0.6525026812023706
0.6986423373365137
0.7254130308594282
0.708166530983521
0.6969261357387175
0.6798772123839403
0.6889981610442121
0.6787711585828586
0.7056961271336695
0.6931772123423129
0.7121250299372868
0.7115302258299978
0.6750071739551654
0.7090085112691527
0.6991232385582792
0.6987576784327298
0.6940001722002913
0.7516140819534146
0.7046983827027762
0.7612515553349142
0.7147637701834969
0.6871127622854114
0.7278180477109957
0.7040420298767329
0.7124733022427013
0.6719412238975937
0.722153250649872
0.7346821326520337
0.7304422305064944
0.7138185659058528
0.701626816679154
0.6893903541486642
0.6976853592900785
0.7287188477728018
0.6360961446246349
0.707603711252526
0.7117015374328275
0.682855975489368
0.7195928920131973
0.6883973111811096
0.6906704952734825
0.7461148767872635
0.6752163358503817
0.7030231826923583
0.6935541026976625
0.6617001291845812
0.6946103742757256
0.6991897072098141
0.6420200281894705
0.6919347041033247
0.67204885137994
0.7267132662220646
0.6363103115787434
0.6320018763421852
0.6870210660938247
0.6376366062415526
0.697849009859044
0.6410877101468972
0.6727310978446475
0.6830920816800192
0.6656255142687958
0.6471173216310826
0.6672899010154634
0.6659644277284379
0.7292846309309274
0.7069341960218108
0.6497387794857976
0.704548534808812
0.646687234284061
0.690160398124093
0.6430264440310691
0.6386429110516402
0.6872457611995471
0.7026129927663174
0.684755357317441
0.6669729572469651
0.6139877618247707
0.6556258973821147
0.6426006190257676
0.6558375509460959
0.6194429538440454
0.680059819402525
0.654931033805402
0.653617339942579
0.6388853077249882
0.6457652769780601
0.6632402049274978
0.6596897079628673
0.6692481463765655
0.6536678802146809
0.6239058729922887
0.6362759250873532
0.6636188914083838
0.6455322446500436
0.6514738074564808
0.6660584586825903
0.6774896651453615
0.6223662245115377
0.5978193017729103
0.6183182409823834
0.6388194367157444
0.6383130541693016
0.6396398657752176
0.6581681968347406
0.6145830877833468
0.6311887500804443
0.6105251008117428
0.6088442544017041
0.6345018136069204
0.6088946365935636
0.5946200990818624
0.6125801437435182
0.6126876803707939
0.5582362879100643
0.6570035141877661
0.60904509811221
0.6212293401841937
0.6369328975376375
0.6040278229211383
0.6363029431026735
0.6826755972935666
0.6004019637092751
0.6272491163959459
0.6217846175435291
0.6363560911452917
0.6724796685322093
0.605346788885385
0.6553805836136329
0.6002640636663535
0.6146571078882772
0.6302041438069533
0.691298311875371
0.6282813180566653
0.6285180795101951
0.6160594334351053
0.642763282127677
0.674842809834305
0.639807643152277
0.6585837282334766
0.6186407936157331
0.6652037577198847
0.6493292626146295
0.6133490534248458
0.6581915602666032
0.6529914586580828
0.6609296248242998
0.6211869733768467
0.5899969174546841
0.6505750340259756
0.6286601166745431
0.5741412263167439
0.6520362503948931
0.6746119247635646
0.5969872194289019
0.5806840875573215
0.6006394039578836
0.6230417610887421
0.5863603198027204
0.6805871493756703
0.6312712740937975
0.6701392729355112
0.665207298662259
0.6474057345710005
0.6628985589780602
0.706645336405397
0.6820414040481902
0.7398890953641564
0.7945974528492548
0.6210076344221894
0.730473598339717
0.7601777730575671
0.730512413989512
0.710849916349141
0.6135741230810214
0.7182389973814323
0.7568635931741279
0.6812958733670981
0.7533376668256551
0.7561909927486193
0.7129321070645929
0.711995924688831
0.6746883344926555
0.6308706867462117
0.6308583016223522
0.6179853416889607
0.6082132880451788
0.641807043526821
0.624559291793949
0.5866585761793905
0.6365313862390749
0.60373429905907
0.6426596380310586
0.6233858522895935
0.6225212590605235
0.604173400888014
0.6307941903193387
0.6473056449418177
0.6176841945426245
0.6521819974183856
0.6368324634047747
0.6659863440425537
0.6490937462785252
0.6302428729228837
0.6789300881632239
0.6402377359790167
0.6408284891297067
0.6422844150893887
0.6543884360463779
0.6524538537892515
0.6852118824205662
0.6715911645113483
0.7344899608147657
0.6079006256880056
0.6055703591283277
0.6574750956610486
0.6185036452499212
0.5968783223275791
0.6447054091420572
0.5999978155392894
0.7082518590563623
0.6609251781185649
0.6616483514037094
0.6652860665724502
0.6644435173589467
0.6761765071056043
0.6560700261110887
0.6688948437656639
0.6470369487854724
0.6197141574443208
0.6918582431555103
0.6704733465886025
0.6723754994554485
0.6887029257632767
0.6482731650206711
0.695649884498739
0.6168424147916607
0.675297534448297
0.6688235448402265
0.6223273490781426
0.6471744889697402
0.6356425969939059
0.6298177648921274
0.6927474294244087
0.6589082762209513
0.6817197595842788
0.6534905149402426
0.6322264484903588
0.6661260673719186
0.6161801879622563
0.6323720832334285
0.6128671275774596
0.6542640332415355
0.673827983275867
0.6331587647146624
0.657776039809035
0.6424904426406975
0.6186167691370595
0.6600021188464075
0.6539352470194443
0.6358947007409513
0.6515491243807255
0.6579588358883243
0.6778000501502539
0.6480970869882084
0.653768247296807
0.6338336427816816
0.6229654623506901
0.6783987008842335
0.6544062105216331
0.6059377269604713
0.6477212095512952
0.677988911892824
0.6523391132194357
0.7097386685095438
0.6316943027796514
0.6436192088988877
0.6219282951952368
0.6698300131105426
0.7192959966000138
0.7370381996446735
0.665751802920308
0.6595051952340295
0.7215506028892824
0.7122504051607558
0.6900826331635347
0.6526965802661334
0.649064295347407
0.6059697582060255
0.6147780105521549
0.6163311853026422
0.5848794129829615
0.6539910085898129
0.6403643087384316
0.6516875839568078
0.5871453605234054
0.6645244527512884
0.6428561046230136
0.6056556965980542
0.684677977736059
0.5954424227075245
0.6460064271933191
0.6492085226602786
0.6514940269990441
0.6749565170248194
0.6634039926087045
0.6446438890529781
0.6453351659554791
0.6638483497493834
0.6139521168251566
0.6469981802293656
0.6464772568996644
0.7048092507705994
0.6690939388333653
0.6578818538148041
0.6514687312900534
0.6335784481037121
0.6539482200684028
0.6787825680104821
0.6640829480818418
0.7067584262294062
0.6615278255451759
0.6605070538017357
0.6948382989571403
0.6502333011372735
0.615056583310318
0.6463075847545464
0.6206309095728506
0.5986724469406969
0.6495240520303434
0.6933272334681495
0.6776849181243544
0.6373994498810038
0.6594346106214544
0.6910845395177493
0.6555706654459796
0.6347982046864463
0.6624633130087881
0.6606841677458843
0.6802822074282925
0.6513694966216756
0.6381269661868392
0.6128319633591776
0.6156791637608185
0.6108841924124108
0.6320784197251771
0.6402146559753867
0.6159386751085869
0.59767848959322
0.6533430896073699
0.6667788103379958
0.6303372156004835
0.6775951470333083
0.6948837295552485
0.6355728415958922
0.6112684416187317
0.6360730979490303
0.6400142238759118
0.6517095553513594
0.6383358021945917
0.6019630484612715
0.5953701198682222
0.6417686517695436
0.6200956416051762
0.6709153018914624
0.6781850514171499
0.6693268879052716
0.6262398574896936
0.6759818646932917
0.6010397434686943
0.6330664599993726
0.6199467087096723
0.6505575639963419
0.6234338965904398
0.6257925636368757
0.6038282866556041
0.6795383850432654
0.6127585338714421
0.6210188401197572
0.6169747658810854
0.6009266205678825
0.644433873795316
0.5905637670837353
0.6627855674574753
0.6597311509244849
0.6107834354920426
0.646933629073807
0.6537689421917033
0.5953520795172909
0.6636722823458827
0.612969696552635
0.6688559550676473
0.6552775919569199
0.6527866646760262
0.6533965451580275
0.6481687117935124
0.6498395240747915
0.644890905607339
0.679969507474968
0.6538668856707034
0.6602696428573837
0.6451559975377882
0.6532469910737895
0.6560218669139988
0.6120855623300901
0.6297625553569742
0.6499060844499485
0.66158177139431
0.620556113056085
0.6274223316142186
0.6134008531642268
0.6335068668327705
0.6531583621857288
0.5814788588141656
0.6274223316142186
0.6419958890969278
0.6051423117249272
0.6760336129772524
0.6628646417737458
0.6388921080438373
0.6083441530561924
0.6605043620785566
0.6682807367663601
0.6197098432813208
0.6433686506111186
0.6537739479829352
0.6799753688304367
0.6451208271202578
0.6263179721911435
0.6522450660594772
0.673562773459582
0.6520277577925377
0.6816931994801889
0.678138389334547
0.6419010778844991
0.5788013940612997
0.6427197573313496
0.6701319785573349
0.6766241063840208
0.6091065002534147
0.6669443298458156
0.6729856402609717
0.6653024575781163
0.6441806634536353
0.6472238571756508
0.6771699565077042
0.6836240171459975
0.6637122542451259
0.6759769616987402
0.6328125216167538
0.6882990917255525
0.6935585197917306
0.6895849869588265
0.6330344037415645
0.6369183674703631
0.6057367657732465
0.6236015164897103
0.665007185052207
0.6473344784193689
0.6387363874132674
0.6202675624685734
0.6301361622060406
0.6405810339580222
0.6325297971899749
0.6520034638983884
0.6284412316974579
0.6386093156285861
0.6075333244601823
0.6248349489454406
0.6817096260771592
0.6678162599880856
0.7079702120981254
0.6856867933498324
0.6716001070550576
0.6789737115462325
0.6780663096067373
0.6625374338803832
0.6920905346020586
0.6792847754882978
0.7167718182445422
0.664165871923194
0.620146929236036
0.6825049584311689
0.6967725123553536
0.655626069717802
0.6293834237839167
0.6272112261542115
0.6729387259682105
0.6714120282288456
0.654860306091436
0.6622508834395673
0.6530098575774402
0.6625406805717774
0.6554640117626829
0.6816115423085077
0.675620308065107
0.6126674400970208
0.6604533666845206
0.6570542334132319
0.6421136171747538
0.662970129750219
0.6442984567264122
0.6915505448990981
0.7098809042940407
0.6901347959205678
0.6876824838228209
0.6584331538306356
0.709974492849163
0.6466835412459326
0.6648190728530669
0.6901278103231252
0.7087450038444744
0.6358942365976252
0.699403210711176
0.7160939622325928
0.7459333636464267
0.6445281707354489
0.6726455926444297
0.6609948079382749
0.6228441668094565
0.5969101524038168
0.6082820480230301
0.6018890019392794
0.6004886040245283
0.6714505093073909
0.6407990486024604
0.6490562528542596
0.61086251183365
0.6567443280792353
0.6541629399917953
0.6321336595592731
0.6592501610663376
0.6318222176189976
0.64102476985999
0.6686680157820265
0.7326424198274649
0.6726583318503366
0.6851235973487677
0.67961667204351
0.572909081942625
0.6025791352614
0.6067043416357877
0.6496000820528084
0.6607461289523427
0.6069012009569403
0.6528151385631153
0.648565783867869
0.6496356437637585
0.6099899324973687
0.7098683021996144
0.6705365867116798
0.7227594150737671
0.6234592708908676
0.6415871422499623
0.6659428626257227
0.6561609940289163
0.6186407936157331
0.6652037577198847
0.6734557411230226
0.6099651453356467
0.6592155018567865
0.6824440795855791
0.6527426338718804
0.6211869733768467
0.6140810159031251
0.6186074704940064
0.5741412263167439
0.6537366692370028
0.6276709097691249
0.6332840241868377
0.6397783405545023
0.6493186794779826
0.607120515119435
0.6217707930089997
0.6289820778762554
0.638169557321835
0.6776897824077931
0.6341887123561861
0.6426572886264641
0.6367875667818594
0.6537918402315208
0.6227111084002931
0.6555520552408556
0.6367875667818594
0.6537918402315208
0.6227111084002931
0.6843486314649433
0.5971061747054929
0.6191388011303776
0.6148461854256704
0.6150631136550123
0.6161770899998796