0.6287302348566641
0.6655500104530943
0.6651598261430894
0.6556134556845027
0.6063207428204814
0.653073872083843
0.616820268885178
0.6234451355182558
0.5985730414451936
0.638655514923887
0.6699245545917295
0.6328404274226943
0.6471132762017777
0.6439036813269775
0.6431421801399249
0.6462685970649589
0.6467890640046836
0.6626973266132306
0.6473595719004404
0.6390893332305321
0.6425969993180647
0.6487965476593687
0.6624575137655886
0.6590344151983465
0.6234414639286336
0.633933170236018
0.6231785304111169
0.6330915254141122
0.6601421319977199
0.6372690480773957
0.6361289554593538
0.6525478207825236
0.6240379465998678
0.6265182268914683
0.6606948669700604
0.6483936535816136
0.5964431409908336
0.6330352515444229
0.6231897421420318
0.6405005284988349
0.6382291721497104
0.6391964922425718
0.6598301642420192
0.617997437055679
0.6344801271049354
0.6227976057627563
0.6565469601247442
0.6181122797084121
0.6155851003932123
0.6151536201700766
0.627996548720947
0.6553445216106921
0.6158306710224268
0.6198885277065606
0.5876515631414942
0.6015919443927387
0.6966363031300709
0.6065734427995934
0.6326449645909303
0.6521620833139854
0.6490281894001102
0.6036507584672159
0.6490760222125186
0.6850026417820334
0.6645683193256364
0.6464040397149485
0.609960864380835
0.6317498705590161
0.6097075596381066
0.6125653116651196
0.6691668816332921
0.619983091145453
0.6265609458762935
0.650427558407436
0.6477902587441965
0.6488272335091381
0.6049997347629961
0.6173049834994783
0.6682352094100827
0.6607686349452023
0.644217380691715
0.6691027889235681
0.6526584656378963
0.6084351476564782
0.6100364558498869
0.6136302129581991
0.6139060630717971
0.6456867387609753
0.6405084654112395
0.6384423168722458
0.6735480276773996
0.6776919075692466
0.6887443990023682
0.6205395144901734
0.6172656047389913
0.6731629469531694
0.6668509304874236
0.6318627998271188
0.6626005195058315
0.6540152814254958
0.6514909169098776
0.6541353485896307
0.6314284662490544
0.696754296022673
0.6583721340844028
0.6599388941788108
0.6405887981030797
0.6575634296777525
0.7154233154497611
0.7085623106395739
0.6673941094233793
0.7084027920590411
0.7069272782156303
0.6806004294858844
0.6815945682690778
0.6360563318731092
0.6798509189847098
0.6107610933893576
0.6900359285463882
0.7045439334543478
0.6268148448778754
0.7001420434115965
0.702261269244211
0.6951003786325822
0.6620844116884816
0.6647831630605283
0.6546674287507039
0.6223626358392786
0.6475346088667715
0.6540580668444949
0.6455306019303799
0.6274770998870889
0.6708099431431886
0.6834534653887494
0.7725604668933257
0.7868016148867403
0.6754494553126489
0.6916239776288623
0.6615779635758129
0.738002910562337
0.6554534713783761
0.72930868628308
0.6887951860361964
0.6520965978001582
0.6267128705614052
0.6729805312424371
0.7029918910476218
0.7082324663334995
0.7212834734246575
0.747143484901141
0.6838100236224782
0.6629386186398464
0.6935528837157222
0.6331104563143827
0.6638467383426596
0.7635042726439817
0.7726102851663863
0.6619872982438674
0.7709815623351794
0.8050427674116846
0.7677525352845435
0.6778026136641062
0.63591996712257
0.6476855553246702
0.6356180963741844
0.6249813392871009
0.6632516167422241
0.649718616116307
0.6299450185190298
0.626476786070568
0.6445557884476635
0.6732001027214819
0.6215925793104644
0.600981618771105
0.6287769565349074
0.6471148395790318
0.6507741796068756
0.7024571343044226
0.6867893723625347
0.6608635714002418
0.5860948501233876
0.6427083674658041
0.6544041243257229
0.6985893236057161
0.6673292367719844
0.6262571170058103
0.6630639378151856
0.662252125339837
0.6494040612609184
0.6463161040718248
0.6332641185903854
0.7743864545797474
0.7794631644214309
0.8016886652690363
0.6559448811208138
0.6708398752548448
0.7103359284527487
0.6645265858799061
0.6497599775125643
0.6405497547395878
0.6529691816793477
0.6468378162739435
0.6298917589268576
0.6419892608543866
0.656064291510713
0.6333508863138603
0.6336536579908078
0.666454207462665
0.6614909817803752
0.6299552250985136
0.6203090845024812
0.6460373597452
0.6664307069247062
0.6652348866768827
0.699027627531275
0.6405178275371788
0.644984442822701
0.6403302321869626
0.674571536718067
0.6836340913722471
0.6437739821039057
0.6249553606760193
0.6342171831115089
0.6751790643529149
0.7404836617330017
0.6530028275194474
0.6317026237518408
0.6453674324851023
0.6042942286099083
0.6183836363426202
0.6710056165153421
0.6585323338238285
0.6373964509217086
0.6476576823099389
0.6323168635843113
0.6549274041868444
0.6582093348317392
0.6254456781752378
0.6237668192041664
0.6189328704682651
0.619478005736189
0.6487883859731997
0.638399194803204
0.597214902929397
0.6306033505361066
0.6274933439459532
0.6603082364420075
0.6351942260043333
0.7305974159763742
0.7299836007790905
0.7314504167215964
0.7345120877671384
0.6719216941721178
0.6882585378554602
0.6445075057525939
0.6618314401535144
0.6476201842400388
0.6572194894519586
0.6212885240453629
0.6467406436416991
0.6514920390607691
0.6527169960645737
0.639461236251558
0.6315405590431057
0.6486425691410603
0.6398142249550731
0.6167672265874703
0.6182956685783202
0.6566039319114734
0.6401042772976856
0.6546472402214697
0.643738332659125
0.6102954785639583
0.6073686239260595
0.6376556050190231
0.7490010294648733
0.6023811694386793
0.6464984987539675
0.6528443934016204
0.7028152716699513
0.682178617151816
0.6661879784082246
0.7604693761846918
0.7681916843518479
0.6543694530918405
0.6499831225580905
0.6196261399804343
0.6286820811868746
0.6490370481648311
0.7613260110293523
0.6431508009374343
0.7352632518708907
0.7088283380798768
0.6472982103467814
0.7668137935097354
0.7543166080377016
0.6798291570136022
0.6421115203761205
0.6498920860050579
0.6334938509551611
0.6355075650972899
0.6420595245525694
0.6521878780659359
0.6717286650381371
0.6258704528110518
0.6585083766262823
0.6435831019563777
0.6313219835577358
0.6008608686143002
0.7197983180908453
0.6399942710890384
0.6943301501664318
0.6857567862043529
0.6412324788017765
0.6515760554241227
0.6806929446166092
0.6294443542908542
0.6353260951410633
0.6429851949246239
0.6270995161631652
0.6511505485391181
0.6576507524436055
0.6526528808420912
0.6558670328350698
0.6424119321996128
0.7441545827251964
0.7236347539708825
0.6676925168282802
0.6619132385854454
0.6874520096203279
0.6429247655640754
0.6556792775949419
0.637868953594672
0.6661649675872503
0.6791945984376891
0.6814876143298553
0.6829561020825144
0.6282206720559738
0.6780148427400592
0.6399982449355709
0.6624872743459973
0.6554560627640025
0.6525521413752483
0.6512147571618462
0.6672079867688221
0.6264853272892054
0.6451373388612417
0.6607323964157181
0.659785994684682
0.6523394322975515
0.6149650404930393
0.7206629269897165
0.6822042398848162
0.6359815265442366
0.6239508686694792
0.6299425743925005
0.737594012818951
0.6656832329107695
0.6116800589152543
0.6565958685402133
0.6731305528907666
0.6629442514078193
0.6209656242022173
0.640368857163777
0.6621352070242837
0.6261103007145694
0.6666279996852555
0.6663685658003254
0.6444450099550587
0.7627819004293287
0.6389890035161729
0.6815157029684152
0.641315661391052
0.6620273922130474
0.6452251988278922
0.6706228708579042
0.6623042929831718
0.6328486911242928
0.6268658296094908
0.6628725492044565
0.6722077705521058
0.659739742148993
0.6490126636971612
0.6506279251873155
0.663140569440101
0.6396143657118774
0.6251496294082849
0.6639100093834758
0.6536816852240525
0.7273552511949655
0.6730210454743457
0.6704124105687024
0.6011274056201816
0.6713810124943813
0.6792881079705698
0.6657978481386918
0.6726615128227749
0.6934690674564742
0.6562079880990576
0.6822781244190946
0.6766570619864436
0.7902702112745791
0.6103360102644141
0.6965151367110953
0.6657924436958759
0.6965543865777691
0.6401108732927795
0.6699722535512187
0.8037340497423593
0.6812232837085083
0.6903018070640908
0.6554278382833867
0.6595344535081734
0.6605650337373259
0.7632469276887272
0.6833543371265042
0.6340209398532941
0.6852416892850482
0.6745134158100871
0.6815560286502452
0.6568125251274148
0.6840109634285569
0.6709696214443049
0.6906318456872883
0.6683158220891016
0.6665965816297061
0.6825209921773927
0.6655808340721038
0.6645399345631363
0.6342157189776877
0.6825609244985832
0.6913957718632833
0.6839423909804483
0.672291568195624
0.710666580553133
0.6882819891196799
0.6390833447328453
0.6743558621322924
0.6358443774570193
0.6657541376867967
0.7596352228796857
0.6710002661168442
0.680566532025168
0.6577286239397209
0.6393889947606018
0.6531446413829196
0.7185195085127971
0.7132286489331046
0.6728537612348652
0.7061241767612624
0.6641161681055593
0.7705141207850665
0.7017657315661798
0.6654234151649101
0.6790343297515885
0.6422547712687005
0.6623659387671561
0.6790223050873344
0.6938760901529419
0.706448963841039
0.7631547758992124
0.6472391262733848
0.7043991883999545
0.7230688129526078
0.7068585831034553
0.6507893094020832
0.7335132018396606
0.6752887712949917
0.6992293179377285
0.7661144907330414
0.7690066477494193
0.7172909996800814
0.7290310766407094
0.6550121754383368
0.6476878236233617
0.600291375583126
0.6859445738523675
0.5992716880738768
0.6645760163261328
0.6791971166868771
0.6346515539722638
0.6789310622890469
0.626428455782793
0.6601307149857895
0.6792783951491584
0.6526828074051575
0.7348877392548981
0.6599674861324384
0.6998807307820474
0.685192647336514
0.6892908358539046
0.6392681703212698
0.6778033324792805
0.669385660817175
0.7142526816731067
0.6768302027612182
0.6853420634196052
0.6629384423767491
0.7295320598849366
0.6617602006138432
0.6648148026987667
0.669424063073056
0.724004536753548
0.6135674325170617
0.6424405147519793
0.708057559310363
0.6716363085213212
0.5986053887506331
0.651878953451424
0.5716827949444089
0.7629824847494968
0.6732246196047339
0.6784744149790701
0.6933634462894848
0.6336004557112037
0.6605817272078167
0.647961903663071
0.6358937244820022
0.6783332385666676
0.6380579310356659
0.6840469878847101
0.6707844821359943
0.6331280670548084
0.6931995936264591
0.7418749660500643
0.6078209736972865
0.7085779055959985
0.6249241100121625
0.6513926575860786
0.6814008001800768
0.7295378920221759
0.6856079020708289
0.6624966931607528
0.6789803454217282
0.6469072847845959
0.6855928610276057
0.6184568148239908
0.6500824766362392
0.7610866277245082
0.6696382300948895
0.6739069034448748
0.7589695571413629
0.6987441365267542
0.6760240362835644
0.6441446857434445
0.6509232399203422
0.7272711390610362
0.7230417564201678
0.6606208512730426
0.6685356177928327
0.6536114120369951
0.6560233946750249
0.6377574443082016
0.6991040237019619
0.6653637418842508
0.6754804186557319
0.6496350913836131
0.6617761245490459
0.6498808154325536
0.6741669867542556
0.7787257225108785
0.6987010682777981
0.6422523307738299
0.6941949000116853
0.6760796053860464
0.7050476545170381
0.6679732277324729
0.7877223579392564
0.7319805470338823
0.6907011789036109
0.6690881120369407
0.6606519919854051
0.6761433133316854
0.6698114109133165
0.6533394426319683
0.7188697300324635
0.657360866705972
0.6479402737724109
0.6816951585291782
0.6641301707814078
0.6640408174475249
0.6719427750654438
0.6258187225666719
0.6937367167030043
0.6606929004872673
0.6562300769253824
0.6804230705591775
0.6175199387422152
0.679260025524883
0.6553855782913605
0.6412998000434033
0.6455632008588014
0.6767542053303633
0.6656496028038402
0.6321358279845833
0.6184046366640528
0.6640684796172177
0.6770639244014368
0.6146992370622003
0.6056058989655334
0.7036436525133594
0.6720028953024714
0.6654737262611977
0.6654088724696334
0.6829114036958472
0.6467467006714998
0.6822982156196468
0.6390639340927683
0.6780343746536803
0.652149393354331
0.6757929626625637
0.6380111267079526
0.6457154230533024
0.662736516247428
0.753810094316035
0.6467467006714998
0.674051142776363
0.6584512350638492
0.684389424486808
0.6252228740343823
0.6547411699349961
0.6426192741533765
0.6677654191366551
0.6515415243920857
0.6784342283263063
0.6186314205889137
0.7653150975259153
0.6181022106625877
0.663789653151524
0.6376841664714372
0.6447206056114081
0.6233237446148548
0.6463612797341294
0.6612201606145324
0.6417376645115587
0.6295256555570531
0.6025253507132647
0.6747276630400304
0.6319918366197069
0.6455021689889412
0.6458391804944114
0.6518229697303217
0.6507638951739202
0.6362985643067431
0.6407864005042216
0.6554751445421738
0.6488430245488542
0.6181137023192975
0.6334273646133667
0.6035035817193699
0.6147556496152041
0.6083854022552239
0.626788382567477
0.5922693388909722
0.6296224766817239
0.6508603359895342
0.6238246512739656
0.6365012575362224
0.6623278307318876
0.6355248609329781
0.6924354488835837
0.6466635106544395
0.6508536493399026
0.6358276891797107
0.6506902888095901
0.6446778877122641
0.668241794423038
0.6438284507263882
0.6377524959731502
0.6878724378763824
0.6795924738261835
0.779515066045433
0.6245737047666555
0.6449066656536524
0.6320066651313625
0.6755066530435522
0.7304695736639097
0.7908367540176586
0.6988827193331573
0.6453864268187969
0.6384437849836992
0.6435119133299624
0.6271249421239522
0.6297449742731422
0.6520967977035261
0.6587276872263473
0.6081614383458614
0.6882897071218258
0.7544386973684191
0.6509375422411017
0.7373310763332035
0.6847810193414656
0.7348197908053222
0.6689642744119946
0.6765336210824267
0.649123448258351
0.6660524145311384
0.6262255031164164
0.6529783652056935
0.6807180295592367
0.7408500904479158
0.6211506418420889
0.6586412577905976
0.6507174719357086
0.6905829774271894
0.6462253307218627
0.671836081957672
0.6875517615506949
0.7945074169158786
0.6911157870153133
0.656233148434502
0.6634552719373177
0.664132017717541
0.6707940142980114
0.6693983117388442
0.6363545072501909
0.6092776101028398
0.6197149024326245
0.6123467029373234
0.6317711954648367
0.6502071347634772
0.7430098232625525
0.6885254412652201
0.6406644656795478
0.6620888436037606
0.6847066065350296
0.7645765202954523
0.7362336984140135
0.6814935640271279
0.7006657357238714
0.6777818073619344
0.6554814928248412
0.6807221901247412
0.6849468995689103
0.7345295231801247
0.686597102259854
0.7946426241831183
0.6410022263426032
0.6734962648953118
0.7329841825076147
0.76195204601878
0.7771468044784426
0.6941949000116853
0.6688690782888383
0.7333067586739431
0.6783427190910125
0.6472984478372376
0.681364717396036
0.6390503886056724
0.665798928484395
0.647967780393817
0.6714367462424635
0.6425813638767943
0.6466498373135167
0.6981582410102193
0.6810546520488646
0.6661892526225965
0.6527326863099312
0.6268899179653014
0.6156628734590125
0.6474480813112972
0.653903590817287
0.6723532351951785
0.6225984536710514
0.6476356162913839
0.6693344035527593
0.6413323776648943
0.6454798021699517
0.6183087231473345
0.6281082181519818
0.6557488719978773
0.6181267274061006
0.7566667614845617
0.6390568904322166
0.6551431405068976
0.623378677558435
0.6675985583811324
0.6588160645245752
0.6295377372059037
0.6642379032069944
0.6981021420467587
0.6532735100037657
0.6496289265275934
0.6499815875300651
0.6666797326352029
0.638595160715839
0.6151353079282559
0.6752293903074638
0.644058035300422
0.6307068905545072
0.6858079174559857
0.6266457384580328
0.6252461494023347
0.641277063899983
0.6796875722614439
0.6674484913542902
0.6787877160244967
0.650730684237999
0.6531081467509666
0.6668804408977368
0.6309872647050242
0.6222239212711158
0.6375612399022843
0.6536669097913488
0.6201219632062213
0.6771601011333483
0.639544483235696
0.6543879427711374
0.6485201743596647
0.6737162456077288
0.6456172641541453
0.6145288970773672
0.6662571839203181
0.7425961690901809
0.6488102960555251
0.7104426075815297
0.6709936628063762
0.6610063564516464
0.6286617548345037
0.6910168388655217
0.6729142553884924
0.6504029811080307
0.6445496976247307
0.6971891292014096
0.6597665995418326
0.6525786287032712
0.6708280016572892
0.6820842204419612
0.6375330667231657
0.684202183853302
0.6952803264393054
0.6736031429157324
0.68927841371054
0.6671969045049598
0.6505259105960919
0.6579476811999498
0.6465413783303373
0.6572129611318099
0.6577448032961055
0.6566184417620481
0.6307221560553481
0.6815787531403044
0.6437283496708017
0.6448967497026392
0.6309719879169121
0.7176222724994665
0.6400689406937631
0.6213695250955232
0.6545554306024524
0.6427621144290069
0.6214479065782458
0.6548351916649345
0.6247749149274627
0.6007607835074291
0.6448142837781919
0.6241731079637688
0.6381495336482255
0.6337111960084618
0.631730753926192
0.7087952689197186
0.6795519813519751
0.6468863238587875
0.67499634793907
0.691317917792769
0.6057809253409852
0.6749722903506544
0.665627741277813
0.691317917792769
0.6373569416871623
0.6497770861782245
0.656222566581655
0.6646537780680534
0.6793959228183062
0.6839508364067259
0.6325922887693775
0.700479415458286
0.650779483731063
0.705665920618022
0.6455199172227238
0.6516515570680336
0.739447061744402
0.653916548981317
0.6946836481578431
0.6706384503245726
0.6626296917362363
0.6151663893733635
0.6416520231979338
0.6222455923498953
0.6641237020303177
0.6247850190022027
0.6391088895446823
0.6825170482053836
0.668275282465605
0.7788327636102632
0.6735685692608018
0.6604178445874982
0.6638289993283356
0.67704845112216
0.6671782788738433
0.6082925584650647
0.6881836395878353
0.6779940075890911
0.6641199870859448
0.7153168125001803
0.6409856682553615
0.7885386925175548
0.7799290989375922
0.6704378736884387
0.8089356350887141
0.785866837242027
0.7256960959769099
0.7013435728050093
0.6299985733597238
0.7653911960131625
0.6612434411980016
0.6790163116332273
0.6699522391719785
0.6900446071802139
0.6287628722085404
0.66859717513468
0.6569696049242318
0.6361218943793371
0.6371215055961282
0.6282079606773104
0.6353144594661414
0.6491672240945177
0.6453387071960159
0.678987662277292
0.6545360895788356
0.6648933702703992
0.6390423536362683
0.6683970279382052
0.6788905162051837
0.6545658377343961
0.6473183659292995
0.6925418890883019
0.759874565917144
0.5848696914385552
0.6655865050891484
0.67918511678398
0.6168177410037633
0.6707415997521802
0.661488913753422
0.7087465278385918
0.6380612228712269
0.6350064570736776
0.6434730031824712
0.6275383612316112
0.629576391145699
0.5813045249984162
0.7659629641496362
0.6316174316062351
0.6573279956780357
0.7558006963309911
0.6396680723572102
0.6772780201753332
0.7671324350032134
0.737554755036895
0.6573963847952665
0.7643514723562148
0.649523339485562
0.6548351049233327
0.763206276163569
0.6200172601315228
0.6776245686371554
0.7131981694786294
0.7059528996859198
0.7711423110007245
0.6619054256020346
0.6397076165474547
0.6299979904069417
0.6393462511685555
0.6777275302841953
0.6193468667957953
0.6396450236119767
0.6247098396871941
0.6896163660463672
0.6425049850104629
0.6314437484167704
0.6629300823780777
0.6740047266329022
0.6861591419586205
0.6693667184814566
0.6844613108394089
0.7570977799570204
0.6761391685214075
0.7751216808965986
0.6597006724626368
0.6516891016582917
0.6699278334622034
0.6663246437636824
0.6427254482236067
0.6765507581053747
0.6417701958896393
0.6550802720843939
0.6839966103286071
0.6867200061545736
0.6615548507979032
0.675093353147645
0.6660644158567252
0.6194425122544105
0.6442859428187656
0.7432537163158955
0.6202345179230622
0.6880410334493299
0.6518309623194328
0.6512284383187974
0.6690279331308171
0.6387334002357886
0.660162303194369
0.628594840609001
0.6647116925289559
0.6601608538349589
0.6463712948390632
0.6053308551805902
0.6969084505480165
0.6656128359892485
0.7869116842302882
0.6732187935735894
0.6564215591966243
0.6913655451470265
0.6490610790930729
0.6975873116854222
0.6887094675707421
0.6770275803041387
0.6532215400849959
0.6355860598087124
0.6546976071123868
0.6412087273157623
0.6257599937703648
0.633915798088238
0.6494924225750944
0.6688874160036727
0.649656758721301
0.6298792093384933
0.6484822755046759
0.6418451756037125
0.6649176456727494
0.636542511770123
0.6594547543970585
0.668910808902286
0.6502548994019808
0.6472540844510163
0.6892648589769198
0.6913712477443393
0.7003566338691223
0.6619606910484296
0.6803957295426671
0.6240533503634282
0.644086481132407
0.7345683193474482
0.6386188402574919
0.7136643105960571
0.6742068196659158
0.6265373561189653
0.6706599435349248
0.6558463352462742
0.638192067691452
0.6315118895414806
0.6654634857203306
0.6274886390851844
0.65751279631026
0.6363739895998636
0.6436954047034191
0.6588460223881946
0.6957662720278451
0.6250999171000229
0.6647175435478789
0.6428515754008473
0.6580042838424236
0.6512446996475842
0.6862965378757577
0.6534000022393008
0.6770227649661563
0.7154606715231465
0.6873704108960594
0.7233317641491459
0.6356192845416951
0.6680429686270968
0.6852897036065694
0.6580533442874941
0.7052971116421072
0.6277385336947123
0.6422099086989743
0.6630342472456521
0.7086437132634892
0.6343873018553048
0.6557230836570135
0.6604128999457664
0.6600427954012166
0.6502993174958018
0.6568253431799499
0.6504191165277763
0.662090973268951
0.6356918968555727
0.6546098086142266
0.6210956505942843
0.6778065381239641
0.6153004237142172
0.6425586207040995
0.6351494297777145
0.624959704147925
0.6373728215174381
0.6614448246897674
0.6684586119316619
0.7543609509252137
0.6413798180440016
0.7494788003165355
0.6805389420086579
0.6811110905925521
0.6738019918156279
0.6342364861155062
0.6541635231255017
0.6642496199905524
0.6179763032742241
0.6432095585390616
0.6822137621849993
0.6545795202901616
0.6717221078472964
0.6500398799778558
0.6246736844580197
0.6646262704021134
0.6042582236683058
0.6367721796433263
0.65912578684398
0.6462450315820583
0.608062421123635
0.6030339116247528
0.650454462177513
0.6433334254188223
0.6299399013650486
0.6347964317724963
0.6547018152022969
0.6156312302590206
0.6328172197824955
0.6765182540477797
0.7713592254066963
0.6601430839246303
0.7093908173842697
0.651660201174804
0.6790380183489102
0.6526330424139732
0.6722132541747693
0.7058010171617176
0.6233807749212286
0.6773293678608968
0.6278453562350864
0.6591924836565426
0.6849388500260796
0.6659011589909843
0.6137631087763966
0.6506260208912951
0.6386824163631452
0.6510666101444136
0.6323309506356604
0.6399365163440918
0.6448410823479284
0.6395880969696703
0.6551289383136649
0.7541809977612534
0.66322665129991
0.6541003764955544
0.7849106117447927
0.6558168050093492
0.6624777417727058
0.6435583824342687
0.6584535702279105
0.6764509428904669
0.632193961953533
0.6843171430314223
0.6517994721753978
0.6718744847630342
0.6435523134433351
0.6498377945954749
0.6700968256967661
0.6789096452442593
0.6533188680410378
0.6495216917886062
0.6752802750792934
0.6390370595217539
0.6950199789555925
0.6226830127738769
0.6171793238765623
0.6617728837229446
0.6717811885917382
0.6625331750841966
0.5990241963944406
0.6474215738426815
0.6429287456518411
0.6323386660804475
0.6485245629868428
0.6242856864193834
0.6292171638612323
0.6613328916211697
0.6475797087562708
0.6110569056804753
0.6314370219266915
0.6583130299126386
0.6501525149365912
0.6564606490800279
0.6262106205617521
0.6253387536719452
0.6132768502565935
0.7684285033675281
0.6737762309707758
0.5895201194027476
0.7870012383273628
0.7057695355815393
0.643224182587501
0.6685730383508873
0.6565464090175634
0.6629342426838363
0.6661519492638284
0.6484488212424828
0.6565866428300157
0.6392664013414191
0.6362737866141716
0.648715698975489
0.6853753132522227
0.6490588193209331
0.613345497792763
0.6295989112939231
0.6170724029872812
0.6632092362965623
0.6503512639463692
0.6596663348541797
0.7251782801360707
0.686872132431889
0.6801013813823394
0.6296087506794612
0.6395610422336169
0.643422873247823
0.6384767049013551
0.6483639797646574
0.6614653561403473
0.637110305417184
0.629983269195862
0.6598811070429383
0.6508341856847367
0.6588240746910231
0.6488465558495645
0.6476435577143228
0.6662569382368825
0.657016532816343
0.6336577905239763
0.67367415166377
0.6412081100453433
0.6354145949650711
0.6635064060639367
0.6132498136169432
0.6468578411917384
0.6494579695929357
0.6579927447707563
0.6544054569431712
0.6634271742332155
0.6605603001161885
0.659979422665089
0.7007186268704073
0.7126293373319468
0.6499309535390987
0.6450835382517369
0.6727139745646482
0.6765439975070188
0.6276782263185938
0.6397122273587007
0.6288655818256261
0.6665701934305877
0.6317920044222474
0.6172531263660194
0.6631887709461864
0.6590330615709105
0.623735728417942
0.619938299081082
0.6257746220862501
0.6379786378834975
0.6282732500229986
0.6251819960749281
0.6281491599187585
0.6406927440586903
0.6797689405189964
0.6678806575038597
0.665231885503261
0.7817517767142506
0.7797144853273635
0.8081045299289108
0.7030762881003793
0.64486379554104
0.6381408442671636
0.6244919933194957
0.6482414018159051
0.635107160114923
0.6255605491704456
0.6354383946464652
0.6298521038928887
0.650830701850621
0.6612103669482533
0.6622150650825556
0.6452848665364026
0.6572524314180952
0.6380892903051196
0.6159980870584773
0.6472846615714698
0.6366623018239235
0.6497138803675041
0.6568946346099193
0.775738733702147
0.7553730310094411
0.6433850026279322
0.6266529236403519
0.6232225410086907
0.642200561989137
0.6200814544636918
0.6147156617298961
0.6398208961501111
0.6489178539546531
0.6369486653894055
0.635388517494111
0.6190938183247665
0.6374142576470326
0.6364062758627659
0.6713263676437383
0.6629698891821734
0.613499789751441
0.5868813327874457
0.6362749095710895
0.6228930867897243
0.618369285351823
0.6387407726643268
0.6137657935411961
0.633450767656284
0.6616439102092274
0.6227341023542275
0.6600307970063874
0.6338771797638865
0.6704250064063045
0.6359151207901746
0.6398830974696769
0.692824912120472
0.677062955540757
0.6623700007418046
0.6719515762435991
0.674010712157748
0.6831402556538266
0.6506294991879321
0.6821207585884892
0.675851729476992
0.6719478226287011
0.6228318204040076
0.6725064855860579
0.6431331218780837
0.6598411806261406
0.6244183201538541
0.6303427870193882
0.6363882426181161
0.6421449781604148
0.6807231541195226
0.639837344535929
0.6154879274840683
0.6289149392689624
0.6516830241765756
0.6419613152434871
0.6449099648538851
0.6780621663733926
0.6558730020494963
0.6124259770544267
0.5952623278011698
0.6082293317984017
0.5742018337229937
0.6746064155289357
0.6115087615975199
0.661021207685773
0.647356522987765
0.6727548399123447
0.6826662829851611
0.6859922908652919
0.6094630159357973
0.6577488636330183
0.6742953839995611
0.6347609735181112
0.6656428847072826
0.684117602892795
0.6712206016456387
0.6441828922919302
0.616247763346307
0.7322498084346584
0.6771292005478218
0.6559683494221955
0.6924821425574189
0.6697816122801215
0.6549561811395537
0.6189977973629313
0.6494859125024344
0.6300678627635774
0.5999335154007376
0.6677891462447497
0.6469891815069535
0.6803880716582716
0.7682163853652051
0.6217138035790671
0.6748295316906985
0.6228793607482583
0.6907750473676026
0.6593836535487632
0.6470606027401099
0.6338162543017627
0.6762656624581439
0.689183243719864
0.6358276791333781
0.7016293432152713
0.6812957262038106
0.6710681508261583
0.6907301050152856
0.657941868230092
0.6829063618680471
0.6381214978593612
0.6288051239458284
0.666367145412646
0.6830006870450754
0.631313586949245
0.6763875692955622
0.6492022243799905
0.646346678598178
0.6628871627181062
0.6299074943524049
0.6935013232880949
0.7595134407214109
0.6465456956258854
0.690884363284945
0.6727864590738581
0.672469374145431
0.6512108534733411
0.6845315671747408
0.678136692504349
0.6762672126999281
0.6713223863594455
0.6178716706417706
0.6696729862607143
0.6187762503937696
0.5955286180177701
0.6548906603826877
0.6786696032689347
0.6621960145853616
0.6447332130805701
0.7793672933472574
0.8378250152910074
0.6180343213156263
0.6977332164841202
0.6386721964186085
0.6295967192755925
0.6432508875595934
0.64767813795469
0.6382267846067998
0.6171130543092092
0.5964983671988833
0.644217380691715
0.6088280622149307
0.6850319898204087
0.650049775881359
0.6381430521109497
0.6285090583202468
0.6487595926725566
0.6542903101726892
0.667309441641444
0.6378896004660373
0.7233604009772377
0.6755040731156652
0.6226043030998809
0.6823539107652704
0.6538524447139008
0.6325879014484385
0.6100198702570667
0.6424918293781668
0.6494099118637644
0.6137864808884698
0.6698931305091302
0.6306071937563834
0.6251448506288482
0.6598810157923698
0.6545584854856018
0.5807467360564909
0.5898177852758117
0.6279002622814314
0.6240326767794127
0.6621400999324133
0.5849070927885208
0.5942754307376655
0.6060639713577491
0.754366596757422
0.6707890526319733
0.6715842417815799
0.7768827050069762
0.6567049598891556
0.6348212097924345
0.6567989706538649
0.6793570157524388
0.6050722756256743
0.6570263565843624
0.6276468684154706
0.612327618804656
0.6155919750105084
0.59527329790732
0.6417209188753308
0.6324416842458774
0.631792720094022
0.6123369766808914
0.6264425182363724
0.6716538698796561
0.6153534459220478
0.6544500587691404
0.6205539983622177
0.6937837170361324
0.6613119469089264
0.6498272981583672
0.6789430618800486
0.649229718550533
0.6661515230392409
0.661572792842832
0.6669504556785627
0.6625806543447362
0.6333529062801468
0.6519897074624801
0.6912813550959965
0.6449197376528211
0.6560488814538032
0.6911147140313506
0.6407697648197246
0.6235824877777708
0.6573273438208469
0.6210862443203514
0.647280427515617
0.6377293075854792
0.6842464872198898
0.7743488285560968
0.6560194642092522
0.6407135515085525
0.6754756736656572
0.6412660053365388
0.6329983018799896
0.6658987196174051
0.6625988508035402
0.661922673226092
0.6597989640047349
0.6790513427108119
0.6085780636891012
0.6663356394047886
0.678266975764087
0.743895207259018
0.6193526063242533
0.6358907783218415
0.6527750082882674
0.6419852702723632
0.6119994303880651
0.6304530252471128
0.6506047258336726
0.6604745966812536
0.6373797667559215
0.6779905014352151
0.6352636791915375
0.6749268318299427
0.6656478026448253
0.6383931698831664
0.6766841735761296
0.6849637335336477
0.6556613740527598
0.6445108101856157
0.6422908374952738
0.6435814756852953
0.6522476133027932
0.7532107979876931
0.6520286916484
0.6090435966305011
0.7769472368724961
0.6195666301696098
0.8140912424698687
0.711850028851922
0.6668663655750646
0.6197860029893726
0.6803266412312484
0.6451298398686595
0.6553085705132019
0.637464925704219
0.6535163643363097
0.6214437471412132
0.6296150853694837
0.632292183390855
0.6235920307416092
0.616606584817038
0.6135792748481036
0.6110315507381033
0.6138936828698301
0.6412840422181548
0.6073099294944689
0.6353124880801185
0.6468481093415924
0.6141311580730584
0.6431354510502922
0.6295585749687705
0.6035507494955522
0.6702841785517991
0.636559559263411
0.6469307905471846
0.6617806864129683
0.6619378461760717
0.6795233243843704
0.6484916034894953
0.6824068666886477
0.6553009553038514
0.6719981682416526
0.6602675502500266
0.6859397914431767
0.6468971444281967
0.671856489738558
0.6769698527465213
0.6246590995736601
0.6530264099348749
0.6988539191929092
0.6734458196921616
0.6560444359475495
0.6581550843853803
0.6612741218576184
0.6646550502697047
0.6665177440483595
0.6682848229943376
0.6581550843853803
0.6237153632813751
0.6272940475740513
0.732201173653118
0.6372051157272949
0.6693299498137524
0.6074159001471816
0.6515211208565067
0.6877168232384042
0.633145878782499
0.6809455822225463
0.6556844347205628
0.7671805134995591
0.6378292098620162
0.6397479031275933
0.6569753004806727
0.6624902276717358
0.6394357122010993
0.6486116352374207
0.6609178790919843
0.6229038055198801
0.6040907888754473
0.6534901659919046
0.6476811878023094
0.6473950012968285
0.6305291096826877
0.6714071182636836
0.6228519038893376
0.6523910594566512
0.6308225853538447
0.613654645090298
0.7318830872406223
0.6825286670182343
0.6487640941012637
0.6474818636551394
0.6073598225031929
0.6703330998876098
0.6838402254202761
0.6331032452044649
0.6577375955653901
0.6484955406752042
0.6399246475002838
0.6475651886412253
0.660938739890327
0.6189919131360498
0.626176472182324
0.6082793515732462
0.6094319325579973
0.5835296643888367
0.6468141946309557
0.6335398597666634
0.6560296114102996
0.6288781648975731
0.6201785901591141
0.6778109407797093
0.7339311279920983
0.684957123446864
0.6749379280720132
0.6382671180145639
0.65606364006396
0.6298765479942546
0.6423122641666115
0.6424174000670108
0.6997717775002741
0.6340980380953365
0.6158350728080586
0.6263883119109261
0.6380967360669353
0.6626387849608731
0.6585701977893474
0.6561272825703827
0.6275138105866853
0.6669330807288764
0.6733430542406171
0.6933853255312927
0.6207270929847087
0.629620339545978
0.6456887836499988
0.6513775002206407
0.6477012328242536
0.7587789656053324
0.6366188766464395
0.5949283162509624
0.6448980479358986
0.6706700528110231
0.6656686681549475
0.6642461273853354
0.6451555365519231
0.7468512316437729
0.6383565801684011
0.6305736501823573
0.6705713507490311
0.6559406527273677
0.6942539763811484
0.6758491290733967
0.6642848379518684
0.6639172259526028
0.7828352972519772
0.6232709201457265
0.7372407468390282
0.65257733940155
0.6438152767774391
0.686742667687765
0.6879150722619304
0.7310153956111274
0.6686581286844563
0.6131978273866786
0.6489568454483934
0.6337004366921596
0.6300323839249365
0.7272750919251505
0.675825543807802
0.651942002798477
0.6481003771710369
0.6423611930613572
0.6849352614534169
0.6455882153589237
0.6413531384994708
0.5956208125778493
0.6597385992617563
0.6504918011924821
0.6806944536020829
0.6437285982078172
0.6683192260526314
0.6502670565464561
0.6213055464855627
0.6358769489589237
0.6447925040132318
0.645251123844547
0.7051417833625062
0.6613337470244838
0.6503564400713668
0.6956272627151655
0.6483947930076042
0.6624948254131702
0.6578731085305753
0.6617232762799616
0.6637853497934789
0.6572427444202273
0.6600320435875033
0.66320968445262
0.6725618108439437
0.6431331218780837
0.6598411806261406
0.6200842869419303
0.6275134597971617
0.6269524154560433
0.6429698826306385
0.6714894206485582
0.639837344535929
0.6330541644801554
0.6533013686202626
0.6419613152434871
0.6444578615026179
0.6393544767900253
0.66288523239223
0.6779160025128049
0.6303342854629689
0.6678212085237588
0.6833633105920482
0.6677753140802583
0.650396483995456
0.6890107497692786
0.6863054195523757
0.6872229274539433
0.6538009830393311
0.6661084935241649
0.6327055403299248
0.6435614150433396
0.6538009830393311
0.6661084935241649
0.6327055403299248
0.6514540493269344
0.61171138836514
0.6432492607939412
0.6381839776287492
0.6411361750939562
0.5888704642474855