0.5910615389832137
0.6520427381087928
0.648407468926975
0.6326756442825322
0.6391676276999482
0.6297231815544024
0.592715139326041
0.6372700493341277
0.6001285015733419
0.658412859423478
0.6901556243937402
0.6362059002711413
0.6742384753634354
0.6562112038204393
0.6553156003540758
0.6339673588990823
0.615035091731516
0.676760351561861
0.6829533108120014
0.6670838729886152
0.6645063993409582
0.6215881261026772
0.6461376114483827
0.7081522601531689
0.6396594875587645
0.6493580553118433
0.6363322664931045
0.604227725317328
0.6878151439279157
0.6375782187209781
0.6439635382775494
0.6539000686253659
0.6146913904144405
0.6543452994256186
0.6568725330154372
0.6472764151927413
0.6196436812886825
0.61856771146311
0.650263455567472
0.6250915231561531
0.6638461054660884
0.6304829550802746
0.6460059864339723
0.6812888129765123
0.6603493772867529
0.6089830763562796
0.6403016724351852
0.6044779948591569
0.6432783748646956
0.6070245016644539
0.66380148341667
0.6237204638393145
0.6623995963894682
0.6206729335804604
0.6300194221121479
0.6117764606334334
0.7529448045421462
0.5996349115547157
0.6331194721542822
0.6403656389606813
0.6353293091544143
0.5929736854731239
0.6521287553448994
0.6338227788266895
0.6473263128201164
0.6354202814537409
0.6129443450436673
0.6157424491458878
0.6087011421857369
0.5827746039730277
0.6358680118195125
0.6036936172691709
0.5913012930371045
0.6453408186235511
0.6375629763793133
0.6460292567554264
0.6487172143055298
0.6603647242478277
0.6954829275850728
0.6573774290792775
0.6626852582184514
0.7755847778954165
0.6591236215614024
0.6622557992798711
0.6721725836935861
0.7377170163253297
0.6855013737648615
0.633625218344657
0.638505035829044
0.6483368733154263
0.6950429365454178
0.689466086987137
0.7034556851260503
0.6303132287625282
0.6328626247362538
0.6844560845640316
0.6896733154350266
0.6339095497579251
0.6827639006345722
0.6758044767660768
0.6505973034584154
0.6494297818499633
0.6518896451283431
0.6967893364049981
0.6881015014999683
0.6955994305981693
0.6587177163256319
0.6312904138144286
0.6723263994561425
0.6994002296960307
0.619220453832168
0.6909122595868443
0.7118148897682419
0.6695962494642609
0.6660171656763644
0.6530269637620835
0.6809630438878346
0.6902378861936832
0.6812744185593972
0.6490037556713311
0.6506829408269957
0.6820979736578281
0.6754812817641851
0.6964435731100072
0.6582585989651921
0.6750596455533755
0.6560941577648969
0.6288531177283198
0.6436313268772116
0.6368962495094879
0.6731724353003808
0.6058540800610326
0.6976525599582092
0.7113334153055528
0.6710750194678311
0.6493541100119048
0.6894677957021851
0.68380535565341
0.6344984403847439
0.6651624173507585
0.6358017292958943
0.7164421385887775
0.653006128755336
0.660271453628766
0.6006786380707823
0.6467289898264869
0.7035707994374363
0.7042824145091837
0.7075341104110934
0.7038669479016476
0.7560840185085087
0.6604136655326234
0.7372211337760267
0.7310606061575377
0.667035924334227
0.6985684610618834
0.6596324026042998
0.7093069396903972
0.6955273241685138
0.7121753806195369
0.6645805312775354
0.6951404636032797
0.6846921230300872
0.6851357326227228
0.6737692348457975
0.6778695681082043
0.7084617250817248
0.68323685401615
0.6863072908358888
0.6418109463525915
0.6505497710380922
0.6858362852234131
0.6945058655104844
0.6736887747111638
0.6982119144140551
0.6971768671601511
0.7069874821865479
0.7185254638875858
0.7140556785584325
0.6675386572724321
0.652979394226922
0.7186519961160885
0.6907038732148104
0.6859269735232723
0.6864458799030243
0.667428101352628
0.6940785080058199
0.6890408336420187
0.7014234543282343
0.6638085212109371
0.6854993968120393
0.6865208529508909
0.6715541233979279
0.6682210572890479
0.6481483902859124
0.6679125593710028
0.7319928889887752
0.6740645130819871
0.6518301488129415
0.642612711651347
0.6788969337948005
0.6472172731619502
0.6353519826664143
0.6884497149838836
0.6683586646182403
0.6727857988866084
0.6552246895539487
0.6488342572315977
0.6822083339256206
0.6539912196395334
0.6759480167412244
0.6611034126208465
0.6126212426267474
0.6348414438333307
0.7367527769681727
0.6235404771581857
0.6217886729060521
0.6541253578393996
0.7150224398452493
0.6876783419611249
0.6410283653890589
0.6149880503705519
0.6704439798439307
0.690957901797459
0.6266580270848334
0.677250903541822
0.6600870656771171
0.7142346228777365
0.6647064227606333
0.6314757600464765
0.6994987959519818
0.7156016124474903
0.6864703496502754
0.7273973917242624
0.650017895754208
0.7450601508589239
0.6946073111625428
0.6761499057855707
0.6394850848173574
0.6534971652180049
0.6474812069151997
0.7000204439721414
0.6685024336256596
0.6809795409442824
0.6244163161394566
0.6390796100863638
0.7017725241547662
0.6496706192555525
0.6775208272759513
0.6483137864478089
0.6647923270610102
0.6704334110817527
0.6917295683014506
0.7065250708543312
0.6171637539663698
0.6639746123781318
0.6936210636120033
0.6783795521336939
0.6455775783040829
0.6281928889969197
0.6785118416881584
0.6470856299075692
0.6391126875723175
0.6606767092686688
0.6972351365468156
0.6639491601853592
0.6781420532834614
0.7027189599389021
0.6889089961727428
0.719677443135944
0.6477740385223044
0.6855989382754819
0.6290335429003189
0.7294707337247064
0.6500905851770478
0.6557198328071278
0.6588366132915329
0.6674927205469866
0.6948823751603022
0.7250790885187612
0.7194303046862212
0.7104348692911687
0.7310922028830272
0.6675511220571669
0.6987050028348791
0.7018619901440768
0.6517281607159451
0.6587692423981302
0.6424297276656336
0.6781872037113249
0.6723372342072097
0.699348471591768
0.67524624452947
0.6124666964508041
0.6060766517430984
0.6046248106861367
0.715452645602383
0.6970190966673231
0.6587449191796709
0.6858181472363545
0.6604687064805306
0.6910186602477936
0.6823850646242848
0.7008149636942478
0.6801583680604978
0.6963217996277997
0.6849138547626037
0.6545555514766609
0.6681563973756358
0.6342203234836097
0.6663144606106606
0.7061830967670716
0.7214516711609489
0.6857020622149516
0.7027447450908529
0.7090035583811122
0.729922828852754
0.7060313438405139
0.6886652432417214
0.6713715979401669
0.7091193182524688
0.6624104327974888
0.676269482787246
0.689929005194506
0.6627044350644882
0.7415541782422723
0.687097380293517
0.6977591891261926
0.6739650914621897
0.6870786807861853
0.6656463869441446
0.6845059495954157
0.6723789270297909
0.6875461590560233
0.679300299042197
0.6925942164822361
0.7097983786784183
0.6354305752901529
0.7087471198195268
0.7045317890477242
0.720663026342233
0.6596597077782224
0.6346025311697513
0.6641365777315096
0.690136982059167
0.6411795042883787
0.672831239851697
0.6707948386868507
0.684342007038199
0.689175653340728
0.6857856615248689
0.6729643932432208
0.6743276906970683
0.6334961596177257
0.6569123865202059
0.643741490254422
0.7018903189690342
0.7001812271472441
0.642268106268888
0.6481424602441482
0.7188941826234377
0.6592340568981703
0.628110805420927
0.6634940602454735
0.6835757033427432
0.6511906695461113
0.6941592391645929
0.6618869448906328
0.6641587312729744
0.7048985227771315
0.6683403909012675
0.7188708665306746
0.6818556737490503
0.7063405723988953
0.669323417983723
0.7010513085208784
0.6963823334037177
0.6387167937912471
0.6617242352819646
0.6904269066567741
0.7348254690248923
0.6788081726017173
0.6382065918586153
0.6935695643826377
0.7291989545223584
0.6999977587499006
0.7302667567235176
0.719804622293657
0.7143511607527474
0.6787182392473348
0.6797343080798555
0.663907127011162
0.6619191325171406
0.6769480646000157
0.7166640733139961
0.6511138725044779
0.6830748068637505
0.6635954278287053
0.6413445354187955
0.6739083227967448
0.6784058453571439
0.6986240252958962
0.6679528449707396
0.6883264326589121
0.6749669032845553
0.7007752775103386
0.6509031797902092
0.7437848707392387
0.673671164815283
0.6699746932028944
0.724011770130142
0.677092283494411
0.6803784763934468
0.6840807699006818
0.7011680919979357
0.7090321197751838
0.6593861056978507
0.7182979202261641
0.7154357284454239
0.7118148418244231
0.6928966041184885
0.675145428550729
0.6631858949987735
0.6607885603815715
0.7300048951898441
0.7015289735001495
0.7261933185752748
0.6771777857482224
0.6849225670127252
0.6366236762181213
0.695471225616189
0.759391222805419
0.6805018949536419
0.7979171645830212
0.7486333588389623
0.7131770785086393
0.718282987242902
0.7755666864575668
0.6339052734130667
0.6936180029303566
0.6829057700061559
0.7561028969327782
0.7113238277759354
0.7226500408954416
0.7051813932386461
0.7138972097557685
0.7381465752478253
0.7402544480551849
0.7915173960983541
0.7980660436226987
0.7369233412542342
0.6806587280192175
0.6911948271546544
0.6953728911663999
0.711864912874587
0.7353047839449498
0.6855042339066199
0.7157863280515958
0.7673230557752699
0.7671223422440521
0.7122607555796713
0.699727515332528
0.6482012669904361
0.6971537521438336
0.7194775183867557
0.6376078340019236
0.7358962110871646
0.6725289364773841
0.6899404383659445
0.7211751813520468
0.7683123425995376
0.7545679877484981
0.752133134644733
0.6660067980406413
0.666440953132194
0.6324224821379213
0.7233015765787361
0.6185692658851366
0.6603707928230927
0.7257006083922232
0.6735461925094216
0.6686614075523576
0.6387621469305629
0.6698220041107985
0.6536005828871309
0.6830184489289087
0.6864202471736338
0.69331803964484
0.7368353198079074
0.691708834782576
0.6770424942114027
0.6869216661389641
0.6775396580436824
0.6679303140263029
0.7005437708696715
0.7264289690139986
0.7332088582761146
0.6666678332615641
0.701355218403091
0.7074272494439839
0.6831251091055162
0.7254870853117108
0.7109347217337115
0.6517758797373058
0.6885365101085426
0.7452019382641549
0.6924087234634774
0.6560425139702056
0.6747966664946681
0.6144956200856813
0.7283791188983859
0.7340054574600685
0.7449326684858755
0.6284680246428104
0.668935766445578
0.7048654059912954
0.6680848154256046
0.685262546979821
0.7005766202214102
0.6228389468506133
0.7369622523238644
0.6674922322934583
0.690764834624189
0.6747704987981934
0.6721682103254979
0.6153840899179976
0.7208529073089661
0.6897977181050607
0.6376148540530813
0.7309144627668791
0.7045025938771917
0.6971596385639149
0.7097205124204843
0.700227343945258
0.6439252614576193
0.7006968487506872
0.66075007332291
0.6308203736316392
0.6954910426101847
0.6612809360161231
0.7384445142869632
0.7117418253617797
0.703367409228666
0.7287065146572518
0.6805992094065723
0.6618546094992029
0.7293210995380015
0.6530236651526783
0.6903613145713726
0.6883742565652189
0.6569768595750937
0.6604882675287925
0.6757563155113967
0.641235245830697
0.6371371814513468
0.6719967613224109
0.6722909193903981
0.6426602868704768
0.6635214548978965
0.6713115728005371
0.6616131341361782
0.7130229956394925
0.6579528010898233
0.668707782392982
0.6778076846012674
0.6911555162630061
0.6705104217415127
0.6811705831623399
0.6456892325011778
0.6583686202507051
0.7234112784553056
0.7247148946123884
0.6802054867917068
0.679009204465676
0.6841734069547505
0.7270522732747909
0.5930070966656371
0.7091779668245155
0.668250454110169
0.7219695072544274
0.7135402834813394
0.6288137646422423
0.6093696718794313
0.691864423970399
0.6845564255294938
0.6959737057917074
0.7047759705095074
0.6708815284200957
0.6830271024263644
0.6531820687924541
0.6310472797206812
0.68383438031892
0.6726802641668181
0.6727695444289673
0.6836762872148061
0.6412360402054964
0.7161162766180331
0.6472159504931589
0.6215268590727792
0.6628014613451011
0.6889657179372417
0.6861151499571813
0.6954778878968086
0.7171079988948487
0.7322885013599295
0.6323932312792488
0.6959815215300593
0.7144102033900234
0.6901707209235454
0.70981695159868
0.7361156329150523
0.6777041351690248
0.6829810704824959
0.7145511818973767
0.702556470174752
0.6323932312792488
0.700316691142512
0.7387044894023528
0.681742176976633
0.6589175269926656
0.6890459191659585
0.6839848144701315
0.697257126180006
0.6932960051700215
0.7357316915486046
0.6336459042049291
0.658168475373987
0.6707817363261402
0.66350983070181
0.701707374336247
0.6481528861619089
0.6703365080167729
0.6240874518963553
0.6994705021369517
0.7192915823148379
0.7286502059935775
0.6505021717476602
0.6890434391840271
0.699468551903712
0.6863114076001042
0.6662764830593476
0.6691076381546014
0.6913828068572593
0.663381484811005
0.6623107160846241
0.6899520720921123
0.6741224661691138
0.6593692059237337
0.6736455634637706
0.6234504086465399
0.6883313093714745
0.639227096920266
0.6696864015713344
0.6251891139626736
0.6825772282486307
0.6246339658100368
0.681587963030032
0.6655244649295876
0.6724552094750008
0.6720224517235024
0.7035881574425948
0.6766119122870135
0.6860604304248059
0.6913010146306849
0.7105773529211956
0.7033995575948645
0.7039047981623467
0.6612847577348232
0.7077383042547059
0.7058680462686606
0.699588595347125
0.6222314128307563
0.6535460731744989
0.6509450058513087
0.6972047270431745
0.7142698958190118
0.7223434614115631
0.6753295432620823
0.7136411227127779
0.7460708061352235
0.7146665140436447
0.7068085435907306
0.684898726339944
0.6829066726675791
0.6269841805654693
0.6935779848140572
0.702548462686963
0.712337949521325
0.7223999628114895
0.6791631929676779
0.7241359999025206
0.7327882181740325
0.7383121746251894
0.7468558329798259
0.7125867299402087
0.6807125646246498
0.7171521924204534
0.6912701634317331
0.7487652809551163
0.7244915337347824
0.7153661982777695
0.7520291772620945
0.7547619894907724
0.7511309443490347
0.6988617646630897
0.6706223730305081
0.7219320859078315
0.7386954783964029
0.733701327268253
0.7422570961126209
0.693998897702112
0.7083530079248022
0.6748938638568682
0.6835766038157388
0.7633930300232709
0.6319211272548084
0.6869469069552283
0.6783794103712133
0.6725690123533127
0.709120901661561
0.6826664999774735
0.6884742589693185
0.7576058066074699
0.6797449309989917
0.7471705176068406
0.7781913042728934
0.733615540398637
0.6878154313054351
0.7575415668505161
0.738287304064908
0.7594287694089139
0.7123211689119672
0.7772196634957165
0.7239015745294332
0.740347400693936
0.7628502030972956
0.6933079347865068
0.709710293908996
0.7483730952143406
0.7211580820412458
0.7088184323769329
0.7176599632630869
0.668707782392982
0.7186546820944385
0.7032341866830644
0.6807791222799455
0.6977457775146076
0.7036680093055017
0.7058495892602936
0.6902318113813394
0.6753148745168522
0.7031893734801306
0.696964157660781
0.666801717718335
0.6848060719025859
0.6251477231260198
0.661614414304394
0.685161819712989
0.6888460420246858
0.6492619295231481
0.6652343556926337
0.6468382027122163
0.700389737587656
0.6721815444574961
0.6749904200903689
0.6653521315730179
0.6782167251081687
0.6809972943655093
0.653166468171968
0.70616509874049
0.7060786756823809
0.6763575167444698
0.6880608381684228
0.6793577940955892
0.7124165584411511
0.6735424245180534
0.7104687824688922
0.6739343369895228
0.6516324330967272
0.6673652892386055
0.7154928350704142
0.6732200447389574
0.6232393423036477
0.6334775283828776
0.6403911060210948
0.6466627573454632
0.6559217410687411
0.6780526476528697
0.6992663058448655
0.6656688257247517
0.656798948313134
0.6600975356489087
0.6933752171724534
0.6333183000948608
0.6874469611755418
0.6586503643663686
0.6774581144336093
0.6663673926963911
0.698913332210607
0.706460329001158
0.6633790140905078
0.6398701438066212
0.6498612550829189
0.6642704857289912
0.7035040147053679
0.6994478400598165
0.6649569740918672
0.7189200844848194
0.6842213039700127
0.7198254517660753
0.7047164232808976
0.6830114704877912
0.683797566479101
0.7183360927753091
0.6301366028571682
0.6993509541941592
0.7324805603933479
0.7146021952606708
0.6879944382544454
0.7449216717306625
0.7419853072616858
0.7331035277982126
0.6689969661533915
0.7003346852728131
0.689349874191688
0.7307049229693595
0.7221509960165764
0.7219426125678837
0.7087692016696648
0.7220869989720893
0.7221671809132011
0.7193264602661344
0.7324336352076621
0.6778575105485988
0.6751969177176945
0.6520836379473403
0.6657459115230172
0.6488161501808994
0.6435133611295119
0.6860817791291992
0.6633707921056485
0.7084620395131985
0.7274773585868246
0.6666930624165928
0.6625480342856079
0.695672162864652
0.632285924145995
0.6382436898503525
0.6670164926387229
0.6486049253035836
0.6651205565086971
0.7014596971712045
0.6436046378633967
0.6700240597778155
0.6657614189461298
0.6354569957821155
0.6558610600987828
0.6751644641102554
0.6464177924898293
0.6888819426907542
0.7103106884610797
0.6353815086520216
0.7028161012263885
0.7309106854010994
0.6181477897064176
0.6906684988479929
0.6752144303378178
0.7309106854010994
0.6545122639225648
0.7028936073838765
0.6637427691259096
0.6335352693594205
0.6744636325694637
0.7091656763148259
0.6139016239150887
0.7279220596006549
0.7122017636767543
0.720513759057313
0.6535248233604769
0.6831679199440246
0.7529147641514711
0.7086009247812276
0.7041932975010677
0.7281343078356922
0.6738871330424951
0.656479847794474
0.6960801721905281
0.6324200411339449
0.6794610388987643
0.6709901147426153
0.6612130333145907
0.6458621385288968
0.7003743856467931
0.7068723994167926
0.7012819839771176
0.7126390997877828
0.6978847992280496
0.6597407403595398
0.745054665112742
0.596866179025941
0.6976198518003991
0.707666258861004
0.6770421617087427
0.6852856870664653
0.6703815354043094
0.710755124586698
0.7358546534612553
0.731596200379929
0.6760832807319903
0.7189463067365177
0.7410371459124929
0.6897742455977164
0.620917295686317
0.6593313705211725
0.700374179658681
0.7025134097963064
0.7329384344176297
0.702089690985965
0.6512199117952328
0.7169884811613365
0.6866623004252728
0.6839405544743193
0.691216088086107
0.6849740639699529
0.6861210037344262
0.6895942533254759
0.6770939148838981
0.7054019259796086
0.6887742959063872
0.682505830412292
0.6847947172834168
0.7115521276758585
0.7369398321574524
0.7097106750356877
0.6812382995697903
0.7349923492514975
0.6712902202953639
0.6133996236920486
0.6721793718619978
0.7093077206327031
0.6416923213693959
0.6898884250472455
0.712114626106867
0.7482039110228083
0.6616439913195783
0.6609702310605816
0.6676720113805096
0.6530496022243861
0.650965076503224
0.5664543564660445
0.7378027470164435
0.6427303896865207
0.7149498375510118
0.7046589227539627
0.6219361554497835
0.7001413593451883
0.7248255873966116
0.6857707575173996
0.6481245804395864
0.7031047052466664
0.6704632039870262
0.6406945734367041
0.7650210977547354
0.6529269420740103
0.6987307186300697
0.7363146849020863
0.7386859185879978
0.697257609262222
0.7082641504019543
0.6734304234698386
0.6759239884596495
0.634243608027503
0.7196489687274105
0.6560749025070952
0.6660026631440755
0.6265137218867949
0.6762871125561548
0.6715469592382095
0.6601805334824891
0.6293713022171749
0.6519076965525554
0.6865988046132435
0.650930539013332
0.6753706372147894
0.7078241232621051
0.6805626311757875
0.6702771836388788
0.6981098756658981
0.6507228512309051
0.6739087021212418
0.6864280579758413
0.6499998216190003
0.6573666048159188
0.6916680823897889
0.7051473717275791
0.6691859296785292
0.6733964018203246
0.6671303509123105
0.6750888817176873
0.6527091511983355
0.6288895244267718
0.6409929281086069
0.6809952070707141
0.675852794940863
0.6871124556647178
0.6554478454172801
0.7112734796376123
0.6867765629812262
0.6667535116113423
0.7054022013238848
0.6518168489831907
0.7121846285990269
0.6568602375787972
0.644094515875018
0.6564201034206559
0.6965813048280411
0.6700332603814314
0.6320618534417368
0.7117260968653628
0.6978998124183647
0.6855850945074873
0.7099560126617939
0.6979370944969205
0.7143195653199228
0.7087653965739382
0.7084177920418632
0.6375694151483768
0.6870798195916423
0.6619820520105465
0.6469032422691469
0.6498985655825628
0.6342801913040432
0.6736453949683285
0.664814775580109
0.6602747345578429
0.7002481181648287
0.630138719841083
0.6826116447979974
0.6554979582234788
0.6435911242601473
0.6507897678233925
0.6400014442531035
0.7234757545542266
0.6975484300622404
0.685056748160514
0.7342812516505174
0.7492363619731782
0.7091375679585957
0.7024731960046227
0.6828898554145715
0.7456699325982662
0.6937467666953766
0.7337866283470205
0.7321943544056333
0.6946383159964411
0.6702902537194524
0.7119448089643011
0.7195705429922499
0.7275156987290563
0.6738351539331208
0.6543607546781538
0.6315684729905858
0.6502117663978095
0.5974395555296022
0.6431934974255906
0.7369348034869997
0.6193380536359397
0.6739068686952024
0.6553347890658703
0.7199675582217756
0.6384869391451505
0.6941896958699737
0.6604648700610009
0.6795910537329798
0.6515689081230307
0.6433506030113387
0.7109843578717487
0.643229790750375
0.6509857349547202
0.6736404057953398
0.7031886139680866
0.7085495134698956
0.6810728426737834
0.6307042915162612
0.7255233847223314
0.6811112359215221
0.6090941692021079
0.6686042080975614
0.6226551975038941
0.6627440320321504
0.6845528464338312
0.6884665721175198
0.7133155468289174
0.6888581332925923
0.6430769101327234
0.6441420696662
0.6523401730305896
0.6932658430428577
0.6694229982144817
0.6659811373975385
0.6686615375856182
0.644926645664879
0.6245387450227163
0.6883532995451689
0.7001980211229252
0.6796235337574298
0.6628870929544434
0.6658212435363741
0.6701957477705702
0.7253897457370405
0.6914151648551389
0.6453307328135414
0.624031831132521
0.6673717159957993
0.634315811581124
0.6508417838310896
0.7040909288296497
0.6014586665163857
0.6783065380352656
0.6395815712348443
0.6256531896751818
0.6780134188938487
0.6466722020284281
0.6618253577167738
0.6984321065870142
0.630059144877753
0.6143097144839446
0.6235561359119244
0.676466063791476
0.7012403131530776
0.6303067476670825
0.6952813047874912
0.6771329227552156
0.6365850725353489
0.6524542592261151
0.6724899137019772
0.6701869489961554
0.6314768835616843
0.7207124305370116
0.6731722931111274
0.6833940391354506
0.6607165690799173
0.6521265380979405
0.6992482009209465
0.6366582041715145
0.6408345337985545
0.6470383582342792
0.6751613710421783
0.6853289888833787
0.6645271422033066
0.6061865155927507
0.6335836176147908
0.6643424598341906
0.6965418082282275
0.6486600401711925
0.6783865444756235
0.6821136133004595
0.6400832524958687
0.7034094828703893
0.6738575227306504
0.6424726359531034
0.6494256157651233
0.6549465886140089
0.6835176739480994
0.6756923848747538
0.6997594821472096
0.655156963703552
0.6859317032933603
0.6904898012876339
0.6835717668551342
0.6430694123269096
0.7144089715003354
0.7103374263802377
0.6842891012281556
0.732409391734728
0.7105138865928166
0.6995840426045298
0.6730005641168338
0.7340672982731166
0.6675625413330495
0.6779843698526004
0.6686872196578042
0.6824972733848255
0.6459675939543772
0.6902660580559961
0.6698570724248171
0.6614343216771938
0.6709329104166863
0.7061473457907592
0.6804729520703284
0.6976744866039394
0.6431090124880324
0.6790196228604063
0.679517474200458
0.6817428943068363
0.6559289133854097
0.6664371156566133
0.6725633124111179
0.6749686738943922
0.6901792935703042
0.6583994295999265
0.659287406583618
0.6699256449151267
0.705486238639373
0.6709814195119441
0.6436802297933807
0.7024588631458366
0.7336105158519077
0.6944809800994002
0.6784272145668373
0.698177066531933
0.690651681667216
0.6575735684535432
0.687528998744061
0.7023368002496345
0.6694052777615911
0.6525106017224478
0.6637123821940998
0.7163334537802656
0.6892827463423052
0.6468368301757849
0.6903793776260045
0.6767825374292317
0.6570633472763521
0.648268756149375
0.6767355077607732
0.674499999643932
0.6855938436395903
0.719774879026768
0.673609752534603
0.6748185273166708
0.6919572806451485
0.6779635492643548
0.6843735960294871
0.663723840880224
0.6653252904257827
0.6631676390643035
0.7084821999486579
0.7329570811680249
0.689404945011264
0.6285724276811723
0.6696646815910481
0.6986878547295944
0.699151367573161
0.6622736695811795
0.674780417641983
0.7022472625219442
0.6757240816657966
0.667662987836171
0.6514256682322142
0.662113943417514
0.6728659439080958
0.6947416241975994
0.679484143143056
0.6458208003973509
0.6853970317384066
0.68104701867629
0.7021609522911371
0.6944942200708885
0.7109470030670597
0.7012385393685913
0.7073718028072028
0.7113359023478693
0.6871757781107866
0.7167990324552898
0.6975011906240051
0.7332145193537979
0.6951415517408832
0.6712258450065727
0.6745091926011781
0.6660650293893141
0.6570469624407973
0.6517358647123572
0.6988525922678092
0.6644475974239422
0.6525752557137224
0.6631925333590661
0.6796614838165324
0.6838769470678475
0.7226028704419003
0.6886817817609645
0.6564818217231952
0.6927714364566311
0.6853976345468482
0.6700271270807968
0.6943553958694324
0.6457861976312151
0.6798031463971235
0.6796224095206258
0.685878588526702
0.6460727465402127
0.7174821214051953
0.7177998467374188
0.6833227239023848
0.6478907051387868
0.6942851018622885
0.705884623243877
0.6634491412425394
0.7385718208688629
0.7049717526065344
0.6396421899756516
0.6891732437023068
0.6620963729118139
0.686327062965832
0.7126640347850117
0.6846901916108731
0.6976621154708798
0.694609617740552
0.644252862076821
0.6388605551125442
0.661286353736606
0.6599128967750124
0.664195381036218
0.6587270957316734
0.6756130853851541
0.6690405148989796
0.6491983284502988
0.6528701489625182
0.6908075393478463
0.6475301206760664
0.6574954961481202
0.6439343200369101
0.6181660201699258
0.5978897271984822
0.6439781151901721
0.6198479085874242
0.6347502071247625
0.6711773062166346
0.6267778295033364
0.6936290560414233
0.6713709092176042
0.6270790166781545
0.6282868086527543
0.6917091938022062
0.6939211507436601
0.6653337523936157
0.6710238784111975
0.7454684071939046
0.6399022803695603
0.7371450420119139
0.6701973636568201
0.6896876180166155
0.6817873058700968
0.7514525291862976
0.7461618245217417
0.7072822230858063
0.684072937375155
0.6636008378015995
0.7021587231291707
0.6867703706063207
0.6958308152534823
0.66777399855896
0.6258174175800301
0.6689524838810802
0.6887855120504921
0.7120313147334448
0.6105976679688251
0.6079096913099962
0.6504313570484417
0.6672655093751414
0.6748268093166355
0.6576179189210931
0.7213301657296772
0.6688670491411782
0.6115663142062796
0.6228272972716606
0.6542543258843252
0.6082899902206498
0.7575529253893873
0.7153009682144782
0.7209338068594301
0.702258424521064
0.6884581083495438
0.7072187948889582
0.7225239399189844
0.6823840200358842
0.6844318244571534
0.6754098754057137
0.6321825670486025
0.7066972344900103
0.7085429947489252
0.6942142977035316
0.6796125904835656
0.6691945330230501
0.6539714554185911
0.7051207897221138
0.682012468071272
0.7127753201123745
0.6433609545887622
0.6716540393445698
0.7130632551670911
0.6539254705819668
0.6086419699896959
0.6212140361478765
0.6889416841534748
0.6327690412842613
0.7033997888111776
0.6580479115732749
0.6140419853074941
0.6569503616939049
0.6546294840624309
0.6685148581343359
0.6791580944918973
0.6652751569977093
0.665855625761698
0.664602302834151
0.6924209705416527
0.685340274601143
0.6792209161631376
0.6962460885855342
0.7116111998742588
0.7035414016479594
0.6810650227938072
0.6966276733865282
0.7230835700124645
0.6695226007142854
0.729950048359065
0.6598455494990023
0.6617228632577457
0.690287672417473
0.635440845203961
0.6984593943878968
0.6516884464667162
0.6105173029939898
0.7138511185410424
0.6535156841677114
0.6592164297159262
0.6878167962942081
0.6719035768391948
0.6805584521836906
0.6778004224486236
0.6507376535995831
0.6647907553644418
0.6874237567361259
0.6637637911695524
0.6697544762246478
0.6726393110309385
0.6797077759019359
0.6372522366134823
0.7057267845030412
0.6949054786104932
0.6942396303748339
0.6788204220634675
0.6891701420058567
0.6988602942396418
0.621695407953459
0.6807330975367286
0.694611001323979
0.6704515577773644
0.6554819169063887
0.6943158992064765
0.6836445525969991
0.6895478532383524
0.6482243128249445
0.6626852582184514
0.695901699086644
0.6609315126418811
0.648483026793735
0.6421012673077379
0.666256557596707
0.6560500980557042
0.7107630840472747
0.6900991579053604
0.6405204106817594
0.6872852965304571
0.7234438167262195
0.6179058883121037
0.6896882614021027
0.7082115183398989
0.6541567498194447
0.6657210872698831
0.6939783156953109
0.6932385385741764
0.6412438136725407
0.6796331814886822
0.6814273998640491
0.6916628343776198
0.6812287126443083
0.707941628960764
0.6100714088192531
0.6360889428589481
0.633819897448465
0.6724061429651367
0.6814988500131723
0.5798027837845159
0.6036299399902683
0.6253970178245388
0.6631976280650302
0.6484295204059403
0.6719844027987988
0.6372248765897229
0.6457756571984121
0.6028116748444542
0.6828004985325256
0.6691112603692263
0.6554588154085007
0.6105724574524414
0.6605671600188479
0.6634679088549273
0.6453297540279508
0.6638981974718946
0.6466486034628967
0.6942954768763375
0.660650405171876
0.6321769899132783
0.7331678457859336
0.7267455098787085
0.6800576783010843
0.7168355283859704
0.6505370360643233
0.7009629039134234
0.6839623593431757
0.6662009379337489
0.7081291806543673
0.6938516578768843
0.6973518728865226
0.6984634493317265
0.7477546023055458
0.6294294827634253
0.7055574407911185
0.6323570651810779
0.7182519762534737
0.7220249042357126
0.714989072600767
0.6947941630829132
0.6230296742181544
0.6669688975640089
0.70570378637096
0.673313716668791
0.6600988176960488
0.6912281900268773
0.699226353328784
0.6894041669918335
0.6769017690735512
0.6590241912094725
0.6872032411463835
0.6510600206190038
0.6457567616838703
0.6915325097012595
0.7369911190045828
0.7326969083529573
0.6996964935616554
0.690475401256871
0.6865304079882634
0.7675086002403818
0.702915316177591
0.6946051197400721
0.6082772528522322
0.6649656793812517
0.6572215056764211
0.6613567830571048
0.6630738141708984
0.6229728801470132
0.6380206600014632
0.6923727220975815
0.6869056198915554
0.6920261722854891
0.5998120975535361
0.6859180324067242
0.6794856800237131
0.6487845588122311
0.7234492235643946
0.7151008193647667
0.6641354302231021
0.6433213583752031
0.6234468169053186
0.654127963978245
0.6966312863707481
0.6609846266213988
0.6696922941879101
0.6259662707255135
0.6566768187762134
0.6483673739195481
0.6854833495668956
0.6371919597379418
0.6754375101807283
0.6641095773284107
0.6855532191559702
0.6277535977394527
0.6620477511140009
0.6582581129427885
0.6866766429023611
0.6388110631107862
0.6662496533404619
0.6603520358727756
0.624506574722052
0.6611751440803626
0.6727154035698513
0.6551608740307918
0.6363026534750351
0.7076232039534109
0.6652701790072583
0.7148884385167042
0.6742059031504678
0.6236279128153386
0.7188599309558581
0.6606528032557598
0.6695630781612429
0.6593443946353164
0.6662039932677518
0.6595965428082197
0.6374265587333706
0.6708557850097793
0.6456442664458258
0.6797089497085309
0.6694162997251916
0.7084402797353768
0.6773352751256208
0.6638565221467774
0.6869753825771707
0.6719986589707662
0.6736365420245157
0.6674513740472214
0.656787804396294
0.6516164928783215
0.6559797806904067
0.665866168433217
0.6519177466506205
0.6440307866870728
0.6533867612567676
0.6488431756871328
0.6595040512195546
0.649741521625539
0.6440307866870728
0.6551706245510956
0.6127178038483811
0.6963840891095906
0.6426217454513011
0.6545292547634692
0.6472026268686193
0.6690796319677892
0.6649205041701245
0.6433090243530412
0.6374372360321007
0.6946229797878091
0.6840281196389355
0.6419299645832762
0.6363864093358588
0.6485407119603778
0.6681493362480249
0.702978780113166
0.6797095871880703
0.6982010573264297
0.6668523810784658
0.6485072877624224
0.6741883448835271
0.6997062459152242
0.6441243013602511
0.6666320545677114
0.6759232660829196
0.658494856799859
0.6970897403587996
0.6615201785836899
0.6457021878298567
0.6433108134633342
0.6863580905525342
0.7094385591924642
0.6797017884054369
0.6389218740964786
0.7142603923074458
0.7063400108599864
0.6789166137844209
0.6434303816085395
0.6620906591489818
0.692968544083424
0.6357550106057069
0.7016730206966606
0.6971170503407119
0.6895612958200624
0.6738163671844706
0.6496166485196958
0.6502429979825453
0.6480284495527449
0.6966325296044895
0.6378638874842576
0.6681110721632042
0.6393965427506411
0.650471765048077
0.7528019244419323
0.777065676932932
0.7692387658384366
0.6925099287627622
0.721022004726026
0.7023126769050496
0.7303833042816065
0.7175923003348049
0.7078811038158993
0.655335712294559
0.6483444961635885
0.6659633299028037
0.6413868680474417
0.6873598082061516
0.7148398583517741
0.671998508192047
0.6662537988659213
0.7155397313008979
0.7204041271629544
0.7357658121015173
0.6683707863024845
0.642948823916409
0.6804900314514497
0.6505838878543584
0.6533653540849678
0.7185596688105791
0.6935968134919258
0.6080290291418995
0.6972643424154624
0.6905416149630362
0.6889570755614944
0.7013738149310406
0.6976125583263856
0.7453221638708631
0.7048307946043408
0.647999838134728
0.7018431684099161
0.7051119084752895
0.6406418182374793
0.7022915272349148
0.6681291927730684
0.649650205478136
0.7282475275362084
0.6419734369399491
0.7288144373937683
0.6503745139992974
0.7164983209594864
0.6908025401934597
0.6905133356749417
0.7093099648804223
0.6803840906225573
0.6394352271657815
0.6367375796913735
0.6385405353358691
0.6353725390374193
0.6837236920436884
0.6471044171592124
0.680574873305173
0.658281353137593
0.655000627726479
0.6786366943913749
0.6672001793464598
0.6665740920141353
0.6136086696765547
0.6802579020488273
0.6344760082858253
0.6818388945865351
0.6631541514760428
0.6889392812911248
0.693735599097349
0.6393134197143207
0.6274537652615335
0.66411831493209
0.6669541155509587
0.7093748925122102
0.6313132597818815
0.6866936755489923
0.7169178495266645
0.7270466278655113
0.6962544872164041
0.6902969403559441
0.7231069967027999
0.7601167872328313
0.6808071097283602
0.7115230660015887
0.6809474538412794
0.6995722715845758
0.6867703706063207
0.6958308152534823
0.6588763904858662
0.6073018782685169
0.663753355262884
0.6878147055816641
0.7111443784420557
0.6105976679688251
0.6232647414760245
0.6137024546161969
0.6748268093166355
0.6561157539889999
0.6540306221364638
0.7210977103961382
0.7224073544656179
0.7233021073149781
0.7077024515977368
0.6782004398560434
0.6821665340369882
0.6889639733672654
0.6786955660186329
0.6484055120166415
0.679495867087756
0.6498022373678073
0.6556625108644284
0.6166816292669521
0.644363615013545
0.6498022373678073
0.6556625108644284
0.6166816292669521
0.6675269835337599
0.6098783039366461
0.6046407520343048
0.5924548299439625
0.5946984549189595
0.6205203347480105