0.6505043393080808
0.6463279446113636
0.6633846656326533
0.6907900695703213
0.6831043151294607
0.691457273032195
0.6547918337136559
0.6277258422936978
0.6514675677615063
0.661769712077827
0.7010799075830285
0.6681529791764049
0.675768992188141
0.655704715420514
0.7519012066594286
0.7111621679863175
0.67114240453868
0.7092044331963946
0.7028394268614758
0.6411979539495422
0.7128161010427306
0.6712115101346177
0.6961826181214406
0.674483489505289
0.6549270641430133
0.6509741958405234
0.6644338668813927
0.6666907283470559
0.6782890495806781
0.6582166761461692
0.6920045440322272
0.6997888622121943
0.6492455462507752
0.713349003540822
0.674256940076565
0.7177257544090409
0.7147011631042496
0.6535269499969046
0.6771273364309971
0.6623557954650597
0.6764123463379887
0.6312319054158706
0.7347218911302417
0.7014659737417298
0.6636938013953965
0.6711663627101842
0.6828889575803216
0.7054571528124649
0.7049550393888572
0.6637463305370606
0.6605248211140047
0.7100992514937307
0.6479491547410476
0.6452478310480714
0.6575140231580897
0.6469482420187546
0.7098261607250337
0.6614733812414068
0.6585186598124403
0.6696592551223273
0.6687986339373295
0.622342024198019
0.6423198161594595
0.6891267828088089
0.6772513362172832
0.6634780358496358
0.6543402128408077
0.6664322491458026
0.6578854196421372
0.6173141626290681
0.6571791760387378
0.6444831786973882
0.6697896214195636
0.6487520648911909
0.6515910107250378
0.6953988021584582
0.6895210317042119
0.6822094294957269
0.7419786953041007
0.6922330150249378
0.6310117838890134
0.6389377837498523
0.6436319566216541
0.6382821305184084
0.6202917938099246
0.5783386630037625
0.6212243362336488
0.6790308520622182
0.5979168027198607
0.6232096829196024
0.725962856538903
0.6952400802924563
0.7023485123726714
0.6728219895194769
0.6657687941445002
0.6958609857867623
0.6922114541914481
0.6573575485493689
0.5975446668866125
0.6231565343978461
0.6239932586188925
0.6689406347897058
0.6605322070569416
0.6716391962956931
0.6807036353710174
0.590860441206461
0.6114799927832806
0.6487352213948084
0.6812175204972998
0.7098857907983508
0.6554958542541005
0.7157397027321815
0.731907825051979
0.657713970476293
0.7047327547536039
0.6081696220300228
0.6429229456137454
0.5837297792003248
0.6790364337873599
0.6809682384838134
0.6202696061302642
0.6261622749837409
0.6358191038097974
0.6462982705165158
0.7154388794712381
0.7040581628456796
0.6618596769644939
0.6888844452045736
0.7269354066669202
0.6728220427886725
0.7200248871132413
0.6229674583860273
0.7198615168831035
0.7112718950347897
0.7131795204502271
0.6774997903862542
0.7252610462235358
0.7098449813685408
0.7126758600993496
0.6581168700186802
0.7100868889572285
0.7338056590437799
0.6848574190592949
0.6728888902158918
0.6715961080266696
0.6501290268181699
0.7214605839279493
0.6987011940473397
0.7476066935577996
0.7215377236688538
0.6934012278556816
0.6593607513583223
0.7161594527667631
0.6881223728418564
0.6920090987960815
0.7151972297107836
0.6891251180470819
0.6685070339758903
0.6988531237630065
0.6884736195976695
0.7122864116034966
0.7355462654782257
0.6769983750621837
0.7661714947464394
0.7478159577266209
0.7660318032843779
0.706206450170122
0.7757049208731571
0.6710848279663137
0.6470535316796133
0.71423258681753
0.6849466986021996
0.6773796536292372
0.7605463050987598
0.7493002691390787
0.758490040846642
0.7476566067298254
0.7154864847386121
0.6909097980391005
0.6916144107830624
0.6666936967592431
0.6816116197579574
0.6885663243248004
0.7302761722457706
0.6934071924559999
0.7083477369735062
0.6911306605670534
0.7114391379194007
0.6830661920460224
0.660759155584558
0.6421318389546186
0.700558605980904
0.7133804841360636
0.6844978200362626
0.684646962490207
0.7005617868991821
0.771054357873423
0.6911484410538102
0.6934016776051761
0.7077904232922759
0.7361023520232991
0.6779770234015983
0.6874681733392723
0.7455784808204501
0.7490513681452726
0.6945415684721893
0.6971595906908072
0.751322974930977
0.7350840522011316
0.6323459489833996
0.6945882034011923
0.7091948943098743
0.6699415832759762
0.6864224251689508
0.7391375666184808
0.7130434788783916
0.6950106508132279
0.7397682068524575
0.7621419769457083
0.7370535680612927
0.7368720175268669
0.7360909487597442
0.697907847632954
0.6886385683840265
0.7116311706802517
0.7371360625650735
0.6730859423888494
0.7256276281151872
0.6630945204216169
0.62029913192231
0.7373349832965808
0.673262838551144
0.7455605156915874
0.7936314790636926
0.7258845051388092
0.7132814849348643
0.7379972988407815
0.7240534100639776
0.6951946229790367
0.7313178779759893
0.6727303518236035
0.7306407780342911
0.7623177529194862
0.6813189818332728
0.6961888597641779
0.7053144059551979
0.7948323309212842
0.7139443397782389
0.7328050124751818
0.7341566009127128
0.734294926201311
0.7241724762787493
0.7496951886100633
0.7822069307773821
0.7539518556563096
0.768944439849704
0.7264399827227439
0.7691891913028316
0.8062518212285343
0.7133588061860502
0.7649049381163888
0.7229898904934953
0.6907906363774889
0.6728955327750143
0.7753389856719469
0.8057556614412105
0.7365913513074216
0.7101217788601357
0.7341823776428268
0.6708459567181455
0.7259315227909692
0.7398077925659436
0.6871323723909004
0.676931481494633
0.6982967365617571
0.7039859286381395
0.7416102923676579
0.7232959845374025
0.7597025532585426
0.7272977259689858
0.70362033820166
0.7136175504993015
0.725130155647245
0.706031564028679
0.7542526841003985
0.7427281862590405
0.6761067631728161
0.6388758550437108
0.6768246372663039
0.6782145304735708
0.7018924714401917
0.7090408086751951
0.7186838425200293
0.6609082131356273
0.65583093810649
0.6403125373700653
0.7337250679359734
0.7701842620520515
0.6779446814978655
0.684489454675405
0.7319736762086295
0.7369723026406643
0.7245502549594703
0.7311273888406208
0.675117204030172
0.7182611846478557
0.7124089980760167
0.739698756785686
0.7182556413044752
0.7058175387408221
0.7194996450513478
0.6850870850161221
0.7117603889053238
0.6937029259144559
0.6986753026666619
0.7240613547899969
0.6720571885082676
0.7246833714529359
0.7623700348136272
0.6950032996165633
0.7033458267603083
0.7134434495493016
0.7673358974605319
0.7212259916576993
0.7415892944715355
0.6689704007704008
0.7220468387148397
0.6948046541063418
0.7087010319318253
0.735326000122631
0.7077429884132326
0.7394416996744256
0.6766385338993884
0.7329580559260911
0.7147998050660922
0.7523103415545299
0.7046732469582591
0.6716722640203115
0.777290728635101
0.7318176226132591
0.6894083407398108
0.7171981759251812
0.7081470650274929
0.6835680360703327
0.7531049632058072
0.6550902550043457
0.7126436113103016
0.7228737882944759
0.7365676954932776
0.6728710897844629
0.6078876721082105
0.7173041753337671
0.7070510765103899
0.6775916743266396
0.6328599879313345
0.6594837345972846
0.7164094799885912
0.6484145298083982
0.708486377729732
0.682520973073258
0.7304097103459618
0.7296280174634643
0.7653433390706939
0.7653865412551161
0.744570314286561
0.6989461418159295
0.736796113465834
0.7202006489207441
0.6625312091902102
0.716771543844282
0.7045100155056236
0.7469707721028309
0.7144458075653168
0.6456686382925086
0.7242114423279898
0.720404869990493
0.6915584974611462
0.670063766560719
0.706627769963708
0.7220249716515892
0.6809847308647985
0.7072530672765933
0.7083808508448645
0.7213354283693738
0.7282849179132087
0.7251352964274647
0.7636282465340117
0.7412543403544645
0.7388274649154749
0.7473600615613931
0.6744413186682376
0.6926392426968011
0.6236131509507259
0.7023350123393725
0.6611737067652094
0.7070790671708445
0.6746196439432035
0.693499230551759
0.6859317268574695
0.7132587297766754
0.7089018859926356
0.7071257442614626
0.6715769127105254
0.6783363013046327
0.7047503541329926
0.6662054850462802
0.6678083522959949
0.6840254402884818
0.690104027669463
0.6921680813043694
0.6738295601071703
0.702690395896353
0.6796119302405703
0.7054424688028548
0.6886470311359717
0.6942450361228111
0.6816572972797039
0.7676005403328988
0.7607534767091112
0.7216038991697891
0.7458957493579405
0.7388187576374092
0.6843669111723343
0.6746766239685354
0.6903622231479344
0.7277409803646308
0.743591203361645
0.6848615158082336
0.7369391479942851
0.6323974083136703
0.7257818942842457
0.718577186506772
0.7337268463241601
0.7130347178437333
0.702232532895942
0.7450790187452847
0.7114590845518559
0.7367187884283578
0.6682004545811786
0.720319260899948
0.6872890334881478
0.7263800667314885
0.7002412620074427
0.6499212893716549
0.6399714069952332
0.688017624648274
0.6916045385285174
0.6567244331502219
0.6870530942927684
0.718778643288214
0.6412218873707066
0.6961469821924913
0.7062554833054784
0.6517160887140959
0.64260998786374
0.6778849316670176
0.6512452552896799
0.6892687351659664
0.6935647732000499
0.7300519095976388
0.7175645183383293
0.6738379655237151
0.6807917557280733
0.7086126895544241
0.6902861733385923
0.6935879219057755
0.7108454160264226
0.6298618636213859
0.6949336094271631
0.7333078390901552
0.7136934647154688
0.7308134777684464
0.7132612047787773
0.6641691039090051
0.6837165539314068
0.654504607108343
0.6962917759528584
0.6101152766515765
0.6435893229750568
0.6884876400189215
0.6516053359391092
0.693503488027575
0.6566727318959819
0.6971802597676098
0.7189850840149887
0.7072528840617455
0.7140594072086165
0.6865255968897617
0.7186021142507234
0.6867063210218658
0.713111573644394
0.6882339676196931
0.6916071831862393
0.7574220191823705
0.6942605483353043
0.7237181803123044
0.7313820123759082
0.7493585684727417
0.6792307713128927
0.6706293198044099
0.6432000949069843
0.7134104826251533
0.7063390460781194
0.657919155153725
0.6855402449510866
0.6999940708230159
0.7166317512452199
0.6109562333315542
0.6418950092695646
0.591736419584477
0.7299601247550707
0.6911104765847871
0.6895800563677709
0.6385244283001257
0.6315054658672803
0.6910688287841252
0.6620749129525423
0.6499424379975836
0.7257423867106273
0.6350763588873295
0.7537524053818004
0.7698328185796138
0.7068410877878503
0.6776388048750384
0.7028023287565252
0.646203208082346
0.7080424191533911
0.6809751570981671
0.6523894488262102
0.7720587867133274
0.7226390764650772
0.7079555102260102
0.6821292485386352
0.7070339662252372
0.6213158511651953
0.7204965257016162
0.6454469572021337
0.644810832469552
0.7012032820294675
0.7098793251301271
0.7386724225527932
0.7206690100800125
0.7443771921051247
0.7277646575593473
0.7404263752512827
0.6650048734464086
0.7299764412393683
0.6744077315051995
0.6763483435916781
0.7077940904008854
0.7018047542631283
0.6748494249418278
0.6743271228575018
0.7570322406341528
0.7087869425823315
0.772032862142473
0.725045956002045
0.7071269841634032
0.6821486977330696
0.7009317278584192
0.6916046855886465
0.6782894056430921
0.7123901291668358
0.6329275751117005
0.7261177036073689
0.6523953368729062
0.7098021181159572
0.6834402314973669
0.7338336498801653
0.7232161483594053
0.6978166876994517
0.7459961730256279
0.7545436012478849
0.701264370960958
0.7317311143587131
0.6975671138177327
0.6413636957815673
0.6449827967320788
0.6798900494202212
0.601766736489326
0.6612205048826725
0.7113059269034295
0.7165091508596235
0.7226333761401319
0.7197238140699389
0.7046385716943299
0.6824542738571099
0.6681276489753479
0.7230008787152096
0.7383307023321961
0.6788261184672147
0.7576674533884628
0.7173492996607733
0.7145326711193402
0.6563956935501704
0.6836998991731195
0.6801174691513568
0.7355320209801939
0.6688998535708764
0.7066874684956609
0.7110554194272372
0.7749529569812599
0.7266339259699749
0.7723978439130533
0.7034768073667733
0.6534412068585245
0.6878810216089006
0.6657719104858926
0.6892219139506932
0.6566129145895115
0.6580465556641766
0.6410714865991329
0.7029790522971151
0.6546096118762715
0.7005772880385697
0.6534412068585245
0.6846947408345979
0.6741178887550751
0.7116533726170512
0.711324009771135
0.7077338566357639
0.7101916077495146
0.6833788394729744
0.6718680003053338
0.7160112070230751
0.7156259751153806
0.7226170645286037
0.7275361118125772
0.6489490262646652
0.7164086262094121
0.6884014167553283
0.6854290719083233
0.6696460210820275
0.6898364061078069
0.6443049684165215
0.6972112851073818
0.7209047090919051
0.6768384678996026
0.6837846256512287
0.6938059035394463
0.666079519483157
0.6966387282505896
0.672408665864259
0.7002279490230873
0.7010481998467254
0.6650198467177441
0.7454613209957371
0.6903115444404959
0.7670642115511076
0.740900841767681
0.7530447343369008
0.6904135045538015
0.6927845422440163
0.7005364650028457
0.6619918720774608
0.6908991357888943
0.7052869287944944
0.7076334325230305
0.6898723717745416
0.6757404697396472
0.7100429101279634
0.6992182535439554
0.7420100902090672
0.7243209922872883
0.7714874686466039
0.7266471490032945
0.694981878099556
0.729623602844799
0.7070909540460532
0.7104017561068432
0.6949681674125169
0.6741637642373692
0.7171898044576068
0.7140343934607861
0.7445718976740708
0.719986159104634
0.7312868052437971
0.7239345351396288
0.7215654541263339
0.7152298167085517
0.7279443594494162
0.7061814053158039
0.7262764206712353
0.7039816386202956
0.7194272042416272
0.6568130278430654
0.7032107600028804
0.7295311910184914
0.7548663960565455
0.6932298415230976
0.7247790268452239
0.7003181670136901
0.7214406022347105
0.7159784460502224
0.6981840304054573
0.7083421126116431
0.6858712016627228
0.6441705118230484
0.7085179956864446
0.6974197145363399
0.6591992939697523
0.6566244103176646
0.6994486317445885
0.7108365250704943
0.7372368997614914
0.6842378806262412
0.7064117828604147
0.7233323291163984
0.749090238459357
0.7411210342804837
0.7510212428926227
0.7479105195404349
0.7654041873447149
0.7281267522615321
0.7520278321617232
0.6261929144221305
0.6969359546299239
0.7626966961447615
0.723256680954529
0.7663256016601735
0.7446596484615077
0.7303766686145494
0.718368341427326
0.7083774504557871
0.735607247190084
0.7235897208709444
0.7001896105771154
0.6975593901075492
0.685919433575264
0.748662341392403
0.7518217943770146
0.7072332213953106
0.7147890259861107
0.7313965387421648
0.7076543069958598
0.7043972422775174
0.6785194663634576
0.7051551312362806
0.6782922016162959
0.7285483437374695
0.6933666816894231
0.7247443724832772
0.6329275751117005
0.7301909582052546
0.720676808369721
0.7149368323121102
0.7021954307143741
0.671322581028689
0.6595670956522365
0.6284986718182252
0.7403677193176827
0.7128255806622129
0.739588167902808
0.7498726671380376
0.7287211120938086
0.7024125585636353
0.6160190291341361
0.750090281874702
0.7006292520693601
0.709106455420841
0.6983040514434827
0.6617304661812735
0.6780750386259856
0.70013373742698
0.7462038774154288
0.7226299224440554
0.6917939202963675
0.676712935202815
0.7928710295418139
0.7787218650385215
0.770555966160704
0.780571375308796
0.7667946120687364
0.7106673717704218
0.7179266831870231
0.6952194958361245
0.7383110337808417
0.7124682636331802
0.6853070755043994
0.7571271874408925
0.7664731480465264
0.7251867342088338
0.689243605236576
0.6760105811223691
0.6939270174935155
0.6624995685776356
0.6754178636227932
0.6810982859530451
0.7178756725814432
0.6870134142515426
0.7269348583098937
0.7226160069019165
0.7200869537704849
0.6736571819642801
0.6801815682575417
0.6867936810159736
0.6974699547805511
0.7175680703054717
0.761163217922317
0.7474347354822244
0.7167550164392745
0.6568547922672406
0.723685401302636
0.7148493598271399
0.7028914778719348
0.7227030188513246
0.7077263911158919
0.7126331188858629
0.6896218642195043
0.7137569240169555
0.7094422817227272
0.6202106742635353
0.6787171972346128
0.712212890097338
0.612672326942431
0.6703190009313517
0.7366389194550499
0.7201528092032136
0.7068935462812517
0.7458741372315423
0.6889330492043666
0.6884239366718033
0.6912801070363747
0.6845728805608671
0.6989173735488943
0.6708738309979589
0.7082636414285566
0.7233958094462297
0.6826604902668372
0.7062817778305693
0.7398334068573075
0.6840211877677548
0.7055270520480682
0.7022385642148947
0.6843984449607747
0.6758203350674478
0.6960155946754786
0.7027843772286311
0.693606445765541
0.6887952625161646
0.6904305323685334
0.7007050392461078
0.7039418817618678
0.6889994180669269
0.7169868580821177
0.7457922765853088
0.6667283087625957
0.678042031262451
0.6808959092801817
0.6883180288415187
0.6770998189211764
0.6946834835374501
0.6660572759270534
0.6943572027516243
0.6650449946141349
0.6842566522016088
0.6312529571030041
0.638705600212105
0.6325399805388353
0.7256444350782627
0.7080501447486565
0.6759577166094182
0.7105064592951074
0.7027311339015143
0.653563968553523
0.7073747992611648
0.6945284344570415
0.7027311339015143
0.6699887510956145
0.6649583196987555
0.6378159784945248
0.7053589542473585
0.7133515749124809
0.7050082426943634
0.6918837172400987
0.6905808976796032
0.6946435890167443
0.6854640531534033
0.6333663025546418
0.7242417470359367
0.7162538971651857
0.7113194591010835
0.6843980109551415
0.6836159270381309
0.6860986883792557
0.6754752574517421
0.6975807828090913
0.6606080165006334
0.687787508948338
0.6166290846189233
0.6441893477058593
0.6859825345279784
0.6756642323090656
0.6711475333515227
0.6429728766501864
0.7087168623742741
0.6858179163196959
0.6809696144698183
0.7263458113017289
0.6277039487434033
0.6877623119168991
0.703154858924086
0.7141477912297658
0.7033439061215228
0.7222908127401275
0.6610688552438785
0.6894410065528993
0.7107100217083712
0.7039224916476412
0.6935257263768174
0.6806647927791213
0.6653389551292233
0.71706285020324
0.6725956027035727
0.6625733801215639
0.7160000242527248
0.6973049623236864
0.7332547086676799
0.7022443443476082
0.7425045483281951
0.6625763258344985
0.7059717303619091
0.6128560045519804
0.6150324148516662
0.6649252237452298
0.6917763348353316
0.7141184679011403
0.739027070253827
0.7377795910653621
0.7050028491963289
0.6846966080346013
0.7051534971909701
0.707025748925125
0.7095343185152986
0.7025124536099214
0.7413138741737035
0.7247003532254706
0.6490342761217341
0.7218923892585827
0.7274092956464522
0.6774896294275945
0.7268187221525989
0.6848680564711231
0.6964700521970704
0.6860036996936666
0.6677399443028201
0.6763893607830039
0.6514720516043631
0.7259079403541836
0.6645288034754505
0.7299100872292819
0.6651180692260092
0.7297436181368172
0.7177425708126645
0.6093834666919384
0.7027286397016422
0.7238265280300845
0.713016169817705
0.7089586384488031
0.7101483352433977
0.6897659609418763
0.6455303819429961
0.7407505702616446
0.6589947891968344
0.6694624027642977
0.6825098256668826
0.7026537309202536
0.6792239722094847
0.673487037761808
0.6956014639280693
0.6554147522793154
0.715021197207516
0.6846368544641337
0.6814099021618838
0.6913022418474808
0.6716898652901248
0.6847088246706913
0.6821154464722774
0.5877743747204871
0.6614186765285736
0.6788824012098947
0.7023782510724799
0.7040817564591532
0.6760028306690988
0.7112464257011513
0.712718373304088
0.6964123587048414
0.6999745621249781
0.6759241801704131
0.7083096805880468
0.7164186809790656
0.711681356209079
0.7029489406721213
0.6566672543081467
0.7025626824511788
0.7250413404999542
0.6965251994460187
0.6957477541402121
0.6774715515826405
0.7641586976603704
0.6885522168141873
0.6456111444762734
0.7302161626984341
0.7099571662141827
0.7642012932247034
0.7156018835803878
0.7431096949402748
0.755011191955163
0.7373247388013638
0.7644349572619259
0.7406771580121508
0.7358199895222586
0.7356112400244386
0.6565634157224887
0.6988385485882118
0.7367359959110178
0.645749822514044
0.6989849765742514
0.7747655974020035
0.7517379982899965
0.7510927115030965
0.7634081435801072
0.7421054544533183
0.7349460715254076
0.7163480635246574
0.7604101023910662
0.6633917738754905
0.7672986984979547
0.702735738087903
0.7188556811365121
0.7272590545575911
0.6477470746815231
0.7330001793739906
0.7123038397043568
0.6907297626088335
0.6997695112129024
0.653272800256524
0.7156711174645203
0.7679841807016826
0.6926710950271441
0.721315832984661
0.7026042334154491
0.6885153203825697
0.7030525369178869
0.6867044646103977
0.722318743156807
0.7327723865155076
0.7268197308317604
0.7228511785371128
0.7114391772264046
0.7346520179443177
0.7314793476177656
0.750877532644654
0.7000982163966699
0.6856228254151917
0.7430631257672696
0.7236703926123984
0.7342582597229496
0.6960341103311554
0.7117826594414348
0.6666019911989811
0.6979403034952367
0.7068149567746994
0.673963171976101
0.7307418577264561
0.7051805868858023
0.682851257301696
0.701514721194974
0.7085055193047628
0.7223123873360396
0.6797418280541971
0.7082798916330918
0.679313798989806
0.7164499860290501
0.7106121104570388
0.7191413105885879
0.6469408226743528
0.6930793482969168
0.6992261978319739
0.7108871746968507
0.7081978596151051
0.699685298684914
0.7161046306659399
0.6718518611002904
0.7244032630324768
0.7059458072389228
0.6219633078397814
0.6686572752106864
0.669229848831236
0.6636230030152572
0.7026779281046475
0.7171279112499983
0.6855030980367819
0.6702236103699654
0.7217807875083996
0.7004730658578144
0.6850754481856925
0.736672412231173
0.7105474401008612
0.7358971819213339
0.7219317350893771
0.6462130745937027
0.6866806028116326
0.743289062851995
0.724429337132147
0.6910388503234703
0.6998649132892042
0.7071895457756806
0.7217327941465214
0.7263506749716556
0.6905794426995241
0.6659238379648063
0.6994667738715992
0.7112831872530263
0.6773664094838416
0.6797085508812964
0.7324468329362589
0.6308027281874282
0.6918662001304041
0.6834531369301973
0.6410966653860906
0.697409599784425
0.6781653640338202
0.6789431430010074
0.717378031076315
0.6438963730348264
0.6527278577747124
0.6763344326466186
0.671063904407831
0.7112703562338399
0.6475477720296906
0.661195515106409
0.6972178768811575
0.6862765435609253
0.7028733832358783
0.6619317151692143
0.7181743369044128
0.6581327161294187
0.6817943201993235
0.6238918318278109
0.6666665826905996
0.636423428816169
0.6607806247183505
0.6801508246828231
0.6345152149882002
0.7820139645625207
0.7980316736236759
0.8215165745671448
0.7038444485929147
0.6882165730525602
0.7914521327864792
0.815705642006947
0.82378651211781
0.7921327360049929
0.8035431273229307
0.7693133119790824
0.8032587604596271
0.7091224443649607
0.8368262387475577
0.788503939660491
0.6835667841411501
0.700632367225887
0.6430441213270508
0.8248737915750817
0.8056309389199856
0.7886894866314131
0.6696248335101782
0.8115889700829216
0.7476396533212712
0.7654842262549301
0.6731411622123594
0.790580109708773
0.7594917394767555
0.7315599861431572
0.7486817972999777
0.7791769216710175
0.7708603662472153
0.7291935878246215
0.7359647152579748
0.7041448960078761
0.7192016327272968
0.6696558172581746
0.6673933784385302
0.7170337285016829
0.7207022120598882
0.7604725297618626
0.658787931693351
0.688363481619468
0.7096202200008528
0.7086383755463013
0.7242884485937796
0.6493660913392812
0.6617789623431687
0.6866866395170731
0.7244528721909771
0.7175407731409417
0.7235656039483587
0.6923941429110749
0.6891625408951642
0.6871410211709841
0.7012334356264922
0.7207267158911125
0.7108898055024395
0.6965347125345992
0.6854660810555866
0.6404711006822102
0.6828445893695803
0.661605888109703
0.65888368381842
0.7116849925173921
0.6356063434538931
0.6882797364886698
0.6369220441020618
0.6940063942652668
0.6646283024508989
0.6222018029612422
0.6409669965353468
0.633758216722029
0.6976352678424017
0.6712865061542574
0.7148666732655975
0.6700391892720715
0.6693500419846274
0.6426308666062021
0.6234800140249551
0.6384277260320804
0.6852206167415994
0.6726046159861673
0.6731511804867489
0.6633129406139483
0.6797718143759377
0.6637932037006173
0.6730564898974946
0.6399081490840506
0.6855487577464658
0.6808049913726862
0.6656119260674542
0.6673240520887986
0.7124810649981757
0.7206331278506936
0.6320769057817657
0.7022898076214168
0.7096830659549821
0.6287550059993171
0.6387639154301824
0.6723533038762669
0.6764977833781176
0.6472592573550047
0.7243344265674366
0.6563982583031831
0.6908216384362008
0.7000887838804825
0.6736599398907642
0.6684048839964614
0.6790928370687809
0.704169561497978
0.6801951577145477
0.6803337632735293
0.6960779607221851
0.6549843051816773
0.6439217710121709
0.6726630555464613
0.7049200702397689
0.6022628999747359
0.6331891720016514
0.6667761911683534
0.7601599740510754
0.6790529984063115
0.7706814127140751
0.7122234183103131
0.6888639733997847
0.7149114297525625
0.7275956201977458
0.7279923129130558
0.7517139065082963
0.7187251270875088
0.7255601561101016
0.7374993982983796
0.7793874864037466
0.7872300165323635
0.7373807515090667
0.6743516940703813
0.7114309890330909
0.72202569327911
0.6925329114595128
0.7681195015031353
0.6779772635254563
0.7194039301998557
0.6942252629426916
0.6228797126120145
0.6797688524605621
0.6795161947819504
0.6464228293703791
0.676872792801207
0.6700119606224443
0.7132706247066608
0.7024981368774477
0.6514530621352196
0.6714321702720526
0.6460149581426375
0.6824476452265777
0.6911645230518082
0.7121330329214722
0.683790462721661
0.660374500741258
0.7110273998396419
0.689764313468416
0.6529999906571814
0.6101517538098185
0.6549205719399671
0.7227260337620423
0.6585693962396179
0.6753517558194415
0.6777112049014566
0.6829865335188868
0.6773305356668403
0.6737079831067954
0.6656313998723427
0.6444015186291169
0.6695095311761563
0.6942942036396004
0.7115414394086025
0.656305967249481
0.6445158469348646
0.6378427132432961
0.626159783826917
0.6497267010055158
0.6750181046839946
0.6779360406557835
0.7064592476801788
0.7336934370553139
0.6432212362683911
0.646158442837303
0.6820080694849744
0.7385284565099395
0.6538548969782411
0.6754961016536232
0.6979089501170781
0.6712347097970555
0.7041387381869629
0.6929141300610943
0.6965335020709104
0.6729826019589843
0.6829249959277403
0.6918594040715157
0.7032344425276535
0.695587948112263
0.660564253942426
0.6764543212204714
0.6561543629290834
0.664846568006735
0.6774223664841912
0.679844270104157
0.7206107091379981
0.7334862922722061
0.7030545504506162
0.7954402824982305
0.7686366888685525
0.7155946443484851
0.7851028630354073
0.7164728837554276
0.7240237000288818
0.7341714763324599
0.7325846113429771
0.6853221249356037
0.7178947939057024
0.7172987803080291
0.62491500205844
0.7117152638324793
0.687026041766677
0.7534451473755777
0.7495284963864097
0.7149456213141675
0.7355223103451225
0.7382894944554829
0.6418115951750049
0.6781331390475384
0.6945758898219847
0.6918514743742952
0.6962015564164432
0.7098805419243465
0.6965429220193883
0.6673325493493514
0.6044660533408893
0.6880858619513914
0.6660210568890613
0.6545660894285453
0.7111093601142002
0.6307410989987098
0.71425735403156
0.6578923519248226
0.6614546529973264
0.7253797747437213
0.6858217809491536
0.6838566054120421
0.6682518525465823
0.7249808280251062
0.676148414920585
0.6588652635725502
0.6870745185177431
0.6420459320732659
0.7000963316991542
0.6809526465290064
0.6626058583469686
0.649977521672044
0.6583457442857562
0.6979834521223354
0.6831053618841003
0.6500787682236423
0.6786956192677894
0.6367833988121991
0.6831973904058579
0.6933093943307681
0.6983726985642472
0.6834507526293628
0.7023505371887492
0.7484184670571808
0.6620567479480688
0.6618595303234184
0.7098478359535699
0.7073535568283491
0.70912846680553
0.6795800800136579
0.6898859449637831
0.7183658546961337
0.670857500523461
0.6676764123004327
0.6944237320142838
0.6462716896841368
0.7239920087448486
0.6613216919826488
0.6742891367286558
0.6832347126236558
0.6900200822054021
0.6698731355438968
0.619875780578478
0.6749892600983431
0.6590512694791155
0.623052988833179
0.6847476110261972
0.6765774054341817
0.704564345372903
0.69344451774381
0.6727279868741292
0.6271261695087463
0.616895041779879
0.6755839914139495
0.6552242582022616
0.632447708844844
0.6303760211906551
0.6175664173033271
0.6135065876072149
0.7325128763930235
0.6247813466786555
0.6310117838890134
0.6287665336169447
0.709753074014083
0.6933729592106108
0.6510212772724794
0.6064273940717974
0.694071501769267
0.7340817745259433
0.6841724425609345
0.6345055217672508
0.6708134406525811
0.6389852220577548
0.5959186159195711
0.6520953901512493
0.6352566257537986
0.6890462028128511
0.616730230356975
0.6841047629234934
0.6468456496043696
0.6298165780065289
0.6677359105292132
0.6521950563647512
0.638995580423259
0.6321487083407517
0.6389205172272512
0.6015244673133637
0.6446293879649185
0.6339379490654687
0.627715828608743
0.648065539422033
0.6004092607359979
0.6101608802478757
0.6029198794694112
0.6232775586665089
0.6493270053548712
0.6838339134682536
0.6689521651180006
0.7120624241771099
0.6370659544457558
0.6438531043612314
0.6415096523077888
0.622056854905679
0.6173297357067778
0.6306108682852245
0.652507376235989
0.6364595740229217
0.6188039784152878
0.6741748476037859
0.6369544410960782
0.6876352019602233
0.6308928292252668
0.6263149935375775
0.6554424235759975
0.6239086177422758
0.6412698001195503
0.6495793584833459
0.6599127853628436
0.6571358036272201
0.6260040622190408
0.6775488996282112
0.639490948792597
0.6503737095876653
0.6438818504481185
0.6891666108506369
0.6559162610279359
0.664514635729504
0.6504826791738451
0.6986522229221248
0.6253780202757321
0.6728049910785772
0.6672176566213206
0.6520547681017416
0.5925518363847441
0.6051985963382174
0.6119337726079332
0.6431426820892315
0.6197364335374833
0.7166072219621785
0.708013647316586
0.6966890982385502
0.6762770412179837
0.6993119826121338
0.6545245337842487
0.6343411053312551
0.6775416837639221
0.7465331119156174
0.7281180368734149
0.65399761768559
0.6940365556685612
0.624833039255407
0.6386905359538076
0.6614688908767232
0.6960054248534716
0.6578444276563492
0.644369300930491
0.6550796654486364
0.6510696164125307
0.6133979587975901
0.6479374302441352
0.6424625115912036
0.6906718609873912
0.691583346042532
0.711036683553309
0.6440880043160218
0.6943802643485616
0.6777905845974026
0.6357320556445311
0.6841310283223878
0.6891199550405744
0.6468261339585888
0.6346431503199824
0.647805244927576
0.6682983556024351
0.6726090294826191
0.6864958627808304
0.6234172246902978
0.6182488288868371
0.6870670007903651
0.6276570853797773
0.6521712437560366
0.6508867899918118
0.6522402227289477
0.6283256498047421
0.7037392724682172
0.6454414039894623
0.6653323062574938
0.6298630267533416
0.6538381585090959
0.6366249512032475
0.6581297119404972
0.6464028281835035
0.6549625208090357
0.6248675666324726
0.6381092445591664
0.640832820632533
0.6386040895029181
0.6703281386542875
0.6025730243412537
0.612129255525321
0.682287806811396
0.632301331109434
0.6428083293573323
0.6227699344035013
0.5843620317424362
0.7126168481285065
0.6317706325313657
0.6695810972063302
0.6896706974765245
0.6573605529593987
0.6576864904353222
0.6802626153387605
0.6730383965249053
0.6504586741514393
0.665183904748148
0.693642399516508
0.6877362466992281
0.6805578186670824
0.7085323873950923
0.6799414675288772
0.5959456880029206
0.632302637094396
0.6593913659499699
0.6873141193694555
0.6484299155246583
0.6630044816603683
0.67070359891074
0.6539724479036334
0.6444343693948087
0.6346015986241187
0.6630044816603683
0.6031678837942195
0.6026167269090859
0.6605787431188763
0.6831466248325917
0.6397118279983924
0.6137652114392522
0.6290290915062986
0.6625128790796346
0.6222502751433511
0.617654188856893
0.5948065103031054
0.6527180910024433
0.6155180524481068
0.6194506493787622
0.6957459834892638
0.6616864787804391
0.6222177131411242
0.6366051208255874
0.6872381581322623
0.6035250505106797
0.5435700004875339
0.6260212107323282
0.6347304278026729
0.6243731154817338
0.5985319578815917
0.6603705625710588
0.6728394795568717
0.6291574284639885
0.6400676332274499
0.6354468140954601
0.6675540084424161
0.67152110976843
0.6668982193182913
0.6523684961123583
0.6513445924772074
0.6771632974998311
0.7185047922766076
0.6752071608371616
0.6581462193890605
0.6328640469445995
0.6404587171634532
0.6609693022373866
0.6954816973872382
0.6524787433537157
0.6361632942128084
0.6653130712780745
0.6441980848432941
0.642600498251042
0.6407670694686534
0.6435856472455765
0.664582890834902
0.5964127786467562
0.6572722433163815
0.6795518913886007
0.7195922740216398
0.6593918092328571
0.7552065444046346
0.7271084708710585
0.699103104387093
0.6776999555314344
0.71589856726772
0.7672836269758518
0.700223533868937
0.6696116127622816
0.7086954757156169
0.6481715194020582
0.6697009067401734
0.6881662587902501
0.7885460226865576
0.709156816255704
0.6703443941915992
0.7374757614791628
0.7659672667435574
0.8251677002330924
0.7226923007653194
0.7411178540203235
0.7186013944489417
0.6286409132310627
0.756933262415309
0.7523992516520466
0.7778547049513311
0.6443667064802592
0.6782129453233245
0.7342141245433524
0.7188439967948319
0.7517318330411183
0.6491381597985867
0.7520125541862911
0.6770089635837508
0.6724804525918956
0.7371726041261244
0.767466642952624
0.6632395181798445
0.7361142700728937
0.7407756628727944
0.685919080554231
0.7517638427739005
0.7256956680340098
0.7746555975935159
0.6810960379559705
0.7258194254570094
0.6766635474216468
0.7116030555532691
0.70592152293943
0.6493264344607796
0.6412899605418171
0.6327577696372915
0.64025459638206
0.6611501839315146
0.712122520406935
0.635301924615216
0.650120085709203
0.6317425926445425
0.6648020829563845
0.7052452484622578
0.653157017525038
0.6778711989701038
0.6905979137934607
0.6628026402248324
0.6866355618971549
0.7197475232625746
0.723591688176539
0.7496732205192915
0.701898027471517
0.6517443173070274
0.6795389624223761
0.648930455066143
0.687195745153258
0.7867076743321576
0.7785533184804964
0.8307355862669673
0.7892342612847081
0.7065529657699225
0.6837139592801046
0.7081553346142945
0.7234205713030878
0.7344344306690977
0.6922088430761452
0.7073104441488357
0.6811641501953004
0.6776080954696343
0.6561543629290834
0.664846568006735
0.6839721152192951
0.6684126021009138
0.7063991427197734
0.7537851033108801
0.6940467762092027
0.7954402824982305
0.7756652820432299
0.7785100805096327
0.7164728837554276
0.7231555111748993
0.6825435307039697
0.7070925534715601
0.7156325401566246
0.6850783669254507
0.6989539094998869
0.7373814799849623
0.689001658909255
0.7083403732230928
0.7185894335518864
0.6358732199490787
0.6971115444824684
0.6352667780640333
0.6688289278731137
0.6232361408851411
0.721301524523611
0.6352667780640333
0.6688289278731137
0.6232361408851411
0.7468475767825431
0.681470837393046
0.6749900478161738
0.6450348057876032
0.6469018278539234
0.7288827712052698