0.6188168848145247
0.6636209971507181
0.6527057419646333
0.6602107506866847
0.6838105799723645
0.6780621946443033
0.6925032838268237
0.6511230396310209
0.6930758270259054
0.698452372236954
0.6968951899313593
0.6112560173953268
0.6640248022252688
0.6332812280712814
0.7116901685948874
0.7238703401546986
0.6890716599743592
0.6988864477001835
0.6859606986786367
0.643196205924289
0.6847183088009966
0.6542329278933645
0.6724464831653137
0.6860331842864754
0.6543766770145811
0.6838457089292765
0.6899504939038296
0.6231996624780669
0.7336469345306252
0.6706183837908739
0.7120980835218925
0.7107697972705368
0.6456410337353069
0.7282785178853641
0.7192018289732877
0.6809171690947389
0.6669046264181366
0.7176912537994404
0.6998943561202821
0.6848383750443949
0.6892822806919366
0.7348924648058803
0.7312999621987843
0.6929283214815032
0.6977880191219655
0.707632557514429
0.6914558550411138
0.6679649204716478
0.730618698140299
0.6718209181155511
0.625210535223767
0.7409673821526608
0.6751829962940092
0.6119665721566662
0.6734682685399356
0.6622109081088479
0.7299179534636054
0.6593656371164481
0.6674163952684633
0.7265201059484759
0.6942515921853474
0.6120525953535596
0.6651128351994801
0.699348093211479
0.710039663748107
0.6581884324970262
0.6430284618276649
0.6880832378208278
0.6192388952807456
0.6079065678202759
0.6396620614080964
0.6092844562441889
0.6248554637838171
0.6193694459801151
0.6052376196754319
0.6781555246408233
0.7025744374317068
0.7053038108260985
0.7407503696815619
0.6501859042264484
0.6849761300714935
0.6596255731433855
0.656014047681936
0.6446765532414721
0.6141368407781027
0.6175316025415286
0.6540232744280889
0.6431741710113302
0.5718167024140419
0.6036510729455135
0.7478310037699376
0.7017934130983025
0.7021857322299525
0.6624876397438421
0.6544676784891867
0.7175741025632935
0.7250241472794168
0.661698536391194
0.6118813608659271
0.6990781138126454
0.6307021855352893
0.7256268001418791
0.6517857688281417
0.6890148234521236
0.7021965384908869
0.604712192509105
0.6219855100776939
0.6562960678502657
0.672027837359873
0.7075756336198703
0.6376639362904445
0.6800235789597558
0.6910959722499592
0.6457589085510909
0.6866272246429517
0.571497642568292
0.6500836914221774
0.5940337567357942
0.6961977758178804
0.643626983741356
0.6311671171742431
0.6135598522029541
0.6192098064461761
0.6465563610127497
0.6941178481413748
0.7028610253899636
0.6628494079991861
0.6874842362815948
0.707148379507918
0.6794646288440611
0.6782597086927789
0.6112889255132394
0.7005587941314299
0.7017810588153496
0.7336051053777186
0.662979797665847
0.7305312828980827
0.7014198040661868
0.6927741216775561
0.6851083093273987
0.6860792844231091
0.7240274850692175
0.676581179790966
0.6875926279570216
0.6479658266900956
0.6672656464669717
0.7360960435849427
0.7107476435162298
0.7545661072486831
0.7306535736107658
0.6852852527305068
0.6605293139759704
0.6851151123271375
0.693276054036591
0.7082080221595213
0.7012722650198513
0.6810746402562083
0.7044321847445918
0.6927534988307933
0.7059110476510911
0.7260774915523605
0.7285801268322281
0.6725052582195493
0.7059598812087782
0.6908133404410391
0.6967007764675155
0.686682262170563
0.6879586911579182
0.6477719703997631
0.6484635548142107
0.6571853105539137
0.7157453832632614
0.6137197632916764
0.7211558196487289
0.7068674727017762
0.6819466478392556
0.7082302704857406
0.6975891730540058
0.6934871212930401
0.6727683702350932
0.6944918996228022
0.6868095272000552
0.645627809883717
0.6618252243660129
0.6666489121145889
0.6618694937771916
0.7048622284718671
0.7143941542364308
0.7036674609649485
0.6550523160213061
0.6209761132314927
0.6853434449941753
0.6368213997823026
0.6436675751861655
0.6676178885838455
0.6380575952112721
0.7349935139078999
0.6760964584368293
0.7140482708393
0.6882381738047281
0.7096801218447671
0.6720478465761353
0.7060137017685709
0.7294025195512768
0.7159303067709031
0.7510056774982716
0.7261538210497367
0.7255105780548048
0.7505497070530416
0.6598840883296515
0.711017855277646
0.7363671710158229
0.686203914635637
0.6616690051134211
0.7352983110667884
0.7132041345280515
0.7135299572408151
0.7089610331201164
0.7499228690980072
0.7520022272449547
0.7394935867856378
0.6810058353030609
0.6959831244059326
0.7301771564325281
0.7151697513629397
0.7244541805608417
0.6430456301431112
0.7165337749649616
0.6516048633961508
0.6206892721885802
0.737560972893795
0.6835745334654721
0.7520571095970252
0.7345268100210545
0.6950596744593739
0.6907465065414461
0.6894614642567235
0.68245796668298
0.698650740169967
0.7120831231208603
0.6768404432351177
0.7194085503218217
0.726352768932964
0.6582077159649918
0.7111817836851371
0.689482186826569
0.7550883570413168
0.6957170326395653
0.718531303309398
0.6942346527188169
0.68939226236701
0.6774734109850347
0.7330935561267765
0.7630303807901113
0.704845043549228
0.7346323469651689
0.7538697318768707
0.7165151382070023
0.7202087610902754
0.7396263456846007
0.7586727180624365
0.7594276710266421
0.6548653356130322
0.6541374212999411
0.7472189642282089
0.7288059495588403
0.6756662841614643
0.7050359207230131
0.7257463707225479
0.619454108180569
0.7504211871513465
0.7486485088205553
0.7071490888623735
0.6918533037403058
0.7424143825327598
0.6959645347859487
0.6716421640319111
0.709331717957445
0.754301175008873
0.7045542464610979
0.686634030535276
0.72495568066693
0.6980838943956019
0.6921320049424547
0.6846830421334543
0.713841825522624
0.7031578089116897
0.638099130087301
0.6712774572183434
0.7156939079230112
0.6728486292264453
0.7451808908817995
0.756506164053933
0.6852580161434388
0.631523457611719
0.5945422227168444
0.722816027360484
0.7172663305924577
0.6422718215892225
0.6629479574225159
0.6746152617635669
0.7287981695784728
0.7196595046676716
0.6800524136287892
0.6555598713535706
0.7213553103335948
0.6883508116925219
0.700032096708085
0.7122061736192298
0.6935574096909309
0.7114517640795427
0.6822427542428349
0.7074631342360608
0.6735948281684606
0.6684535512360544
0.6931831559991615
0.6914928115255917
0.7090575350685713
0.7044404534111447
0.7398335089432037
0.6860998207119474
0.682384793625828
0.7561736217719209
0.7335098365604947
0.7075213360014849
0.7183772484941529
0.7064826678209002
0.6951013645236586
0.6891493735223148
0.6913520089167199
0.6666314111048403
0.7128423969628526
0.6546656300559082
0.7253296416090198
0.7484395399207159
0.7846874253598819
0.7080885922782256
0.6770597701231269
0.767847331274701
0.7890941268667323
0.6515154404358005
0.7044339323832518
0.7405683101972848
0.6857713574441452
0.7135345862601983
0.656055854631107
0.6904106892120352
0.7196857596340374
0.7346691182671533
0.6682800582570754
0.639164819763714
0.7086627105740027
0.715705833851681
0.6849007909601781
0.7072550502933057
0.6702616025182283
0.7284277069986931
0.696551348031142
0.6868749624544541
0.6311472914324749
0.7068884012582783
0.7151320196510627
0.7142629692926403
0.7080384034650511
0.7263927324350692
0.6899449334551688
0.7572189567216749
0.7024575290275453
0.6700834948447076
0.7355183262627181
0.6841714434937971
0.7130081881860604
0.6698708281654894
0.6737456882091927
0.7056147439093249
0.7499191870900104
0.7276669355447097
0.7236765299178073
0.7084836728403622
0.7106299057649227
0.7221982367815541
0.6950791929841316
0.66694059479552
0.7103280150684371
0.7074650740342155
0.7118770448363729
0.7546421307258141
0.7178280103509953
0.6973918796385572
0.7120512002971685
0.675621930683893
0.6895299874288511
0.6476509272486084
0.6926625553122927
0.6968700855761234
0.6618394541344688
0.6838350639784604
0.6396500980139522
0.6596035979058518
0.7055539078638987
0.6987531149615045
0.6842390256686284
0.6685008232682464
0.7110664978648993
0.7018998107772539
0.7001136615110715
0.6874258440707341
0.6536871167837001
0.6664031240966048
0.6947157471537959
0.6875534904702268
0.710492744970517
0.6988308474728587
0.6737834276848411
0.661406848001667
0.6710447637089645
0.6847066633757624
0.7535101918450735
0.7464353377222928
0.7053052316986173
0.688383785525792
0.7280090425357363
0.6691208831555374
0.6651137385110879
0.7019578535486649
0.7003597591924827
0.6943339781860327
0.6579707025499886
0.6987161865670379
0.7041401626175233
0.7268680293084947
0.7204680392292604
0.6913186875274152
0.7021054530088484
0.7497769860431533
0.7613691893987002
0.7587867761392698
0.7654121155480715
0.6276949439877745
0.6952204215610616
0.6965683646996342
0.689718963306438
0.691468007070239
0.6464219919321649
0.6495773323053171
0.6619809490967039
0.7209190274183271
0.6937028220503708
0.6946566131405376
0.6987280059321398
0.6311273326654021
0.6740217381374255
0.7083654993617158
0.6633414427810649
0.6217987635682555
0.6631340105976098
0.6612737167600289
0.6747596656374865
0.6948056469521006
0.7257286578934123
0.6702831057861419
0.6422677874413456
0.67282783053242
0.7342242464436507
0.7114908108775108
0.7123504008854391
0.7116261571870351
0.6343123980952865
0.6850699670790809
0.7346287181926211
0.7171861985723875
0.7118720277978888
0.7323009143765133
0.638358335504566
0.6602791743153432
0.6415263290503708
0.6926846926507342
0.5665781853842566
0.6608909166316561
0.7097893763064377
0.6289178040021928
0.6471791264926658
0.6268533559438059
0.6492070011584283
0.6620969011712897
0.6844482713670927
0.7048508732684027
0.6663183105108048
0.6756854749477786
0.6760447778292249
0.6646431040542996
0.6819648391113999
0.6981279922478469
0.7706418753970397
0.7342514500102397
0.7505061015570319
0.7122785713414889
0.7307632100228775
0.7109154981349012
0.6864319722866266
0.6888177096567945
0.6938974021893535
0.7208693610816416
0.7059880033356133
0.6773763043313613
0.7250832810047209
0.6964788152998045
0.638245893739155
0.6700771286100323
0.650415623277879
0.7014592329733307
0.6947224957689637
0.7223049701237784
0.6666191455639704
0.664730632781293
0.7275814420767277
0.7001138964055534
0.6796605484510727
0.7728038081354516
0.6732869713416283
0.7745224060033196
0.7648166446588552
0.7529963607937106
0.7435514996236958
0.7002156926284152
0.655680650637982
0.724777525021554
0.6882136721686352
0.6542329327344825
0.7636841505973475
0.7178875135173985
0.7170446442304919
0.7024673613784254
0.672003142471507
0.6508745939727587
0.7057945075244575
0.6700451232054383
0.6487905139239061
0.7013935461534103
0.7154188188955506
0.7414728583879397
0.7180803616773324
0.7411937164036372
0.7186790022974037
0.7536061237219728
0.6526955028165853
0.7517604728290682
0.6653876983475387
0.6764073055620023
0.6986433265175804
0.6480473122191617
0.6099052096927717
0.6217301438352116
0.714670764224998
0.6961029030820333
0.7280014263995908
0.6861207995053339
0.6445374205211746
0.6264802105052437
0.6324736334097797
0.6489417192635958
0.650056112747369
0.6794319849046099
0.6562147993435975
0.6998011447238305
0.6515201744394856
0.6874373033054597
0.6757170553925365
0.7198441870008314
0.7541037070624041
0.7260836480433948
0.7373940960317508
0.7519175776880612
0.6638473161680704
0.6496420045069291
0.7324489653450201
0.6767380702660507
0.6521352885969606
0.7039446766673805
0.6550506909821464
0.697469096507526
0.7449517648773384
0.6930321898738965
0.781597935108613
0.7090503854165887
0.671047025291659
0.6996548371221949
0.6652466418566088
0.7050497589020723
0.7011042551856913
0.6697920298775903
0.7485338135514507
0.730851835698507
0.7109454559683086
0.6501376650935246
0.7331158849390438
0.7189780984829971
0.695812132276316
0.676804095869448
0.7085827763537093
0.7362301189000275
0.7354599191102362
0.7282797493033168
0.779345868366224
0.7291084839833725
0.6728211179789124
0.7361547218077904
0.6683562775887631
0.7311876187542502
0.7489780823480781
0.6709851261004374
0.6799466409612208
0.7100551931184677
0.7125186701563417
0.713582688374886
0.6728211179789124
0.7198557756371957
0.6883621686406991
0.7409810901201784
0.6996249789961836
0.7296711246301888
0.7488167771302348
0.6778110245882135
0.752549916934453
0.7293081447638521
0.6528996970459215
0.7658276036113485
0.7151268483897989
0.6839310888184438
0.7209071883591962
0.6665073191614296
0.6489318507051538
0.6278654590764406
0.6818588826613672
0.6520942249821569
0.7203383105905662
0.675515732694949
0.6643006103736925
0.6885594204277419
0.70469585350161
0.6702979263301714
0.7314270006820685
0.7047763729220966
0.6784929625104021
0.6852246365310702
0.7024116985141325
0.6476133164131314
0.6662536437525527
0.663874563919455
0.6499054869144641
0.6477931746169502
0.6471084241174826
0.6815073038819727
0.639854292108798
0.6674345744557137
0.6577998487182136
0.6427047223464605
0.6607113618513215
0.6277233675948087
0.6401987310767883
0.705703559050029
0.7118489147481679
0.7420005454099601
0.7240549697291616
0.7262239867675037
0.7283791886982304
0.6847784116560476
0.7046002768919553
0.7236179073876162
0.7286732249053799
0.7135934709417966
0.6640680250206762
0.6887312864476244
0.687018981673977
0.7032203108623795
0.6941456939848416
0.7405531261371171
0.717704428011068
0.6867536573152615
0.6818369646176622
0.6590754294467597
0.6306858805255849
0.6531403381909392
0.6860154397804263
0.6453970136243032
0.6506734994247892
0.6945629410437228
0.7173681194527419
0.7419984132682489
0.7309065750914726
0.7124911687181978
0.6935580805696181
0.7063029658602181
0.7148508900346146
0.6753429680426445
0.6891475833327565
0.6958864343558757
0.6491560443609927
0.6785647985481339
0.7015262199577386
0.6929136559943907
0.6521653480684373
0.7319004654111944
0.6946749241084417
0.713674451529722
0.6826451733116189
0.6755254832991755
0.7260246932316649
0.7358091204518247
0.702674846706782
0.6848115927175292
0.7162239860596897
0.7609546441218236
0.7152040634514802
0.7331754735347258
0.5951360227630762
0.670789317243128
0.7542275967180498
0.7690378544936545
0.7782094548653986
0.713056184380721
0.7160609226123246
0.7678276878708525
0.708527689947115
0.7074637964305386
0.7245702146255247
0.6981525975207031
0.6602138642582517
0.7053463392937335
0.7192331332060002
0.7168680309188967
0.7120084589592698
0.7561636478278778
0.6934757725784158
0.7152456051753838
0.7106386005335815
0.681307485447687
0.6432668586824362
0.6922007521997489
0.7561479261564663
0.6898124800701373
0.6975312203029918
0.6562147993435975
0.7241184098194487
0.7174718831536142
0.6792185398519162
0.6666823384805945
0.6840890549658657
0.61985441106299
0.6336997227338909
0.6842344928524825
0.6675316683510613
0.6420607186366938
0.6989910052330349
0.6728461284933674
0.649155474580662
0.6123154903148809
0.6857960792013124
0.6716065729298724
0.6468269748619839
0.6688387361967911
0.6240648053555145
0.6746314247635306
0.6605430189152744
0.7169957409794412
0.6981542253374808
0.6797764259726317
0.650115843115973
0.7069771222986331
0.717101735349406
0.68597945301694
0.6843673014218488
0.7004730135824864
0.699867001961181
0.6832424083444877
0.6960684918714187
0.7120377373340093
0.7280637723785472
0.6395869593050243
0.7502901951051082
0.7910812095316867
0.7457922722429814
0.6723425252527617
0.6934875036096996
0.694032730233508
0.6913023036691758
0.6879316633013433
0.6713213170269959
0.7582102080804898
0.6943506223758197
0.7028104266118338
0.6706919303928063
0.7657356050684698
0.6787936478261304
0.7167458782162307
0.6884377098914483
0.6893879223308045
0.7225275673272159
0.7553262047138257
0.7469775194480768
0.7285056884078863
0.7088232565570142
0.728999683768041
0.7099257346333302
0.7530001753012734
0.730985299291942
0.6923622373995744
0.7059655310216401
0.6828078941107525
0.6857324559300614
0.6991699385981638
0.6097289798172612
0.6869137751839023
0.7107147063284466
0.6159886263285315
0.6921118125167104
0.7470191641683172
0.7927053733175706
0.7214725499462344
0.7593859711360127
0.7255049640679746
0.7343325062619642
0.6629101892809887
0.6886212153002585
0.7425341699219628
0.7458110801693799
0.7663255140387634
0.7543337660978003
0.7217753546004969
0.7190337680699808
0.7725000292089178
0.6988123210261902
0.727278655653254
0.7038210508053583
0.6645872197166969
0.7171131039632477
0.7187715271984175
0.7077934517892639
0.700747909365927
0.7236201899630675
0.7117472730264224
0.6835377247048554
0.7666632003704892
0.7373167493081799
0.7257594159265668
0.7717707099123639
0.7057426310298766
0.7243113679305017
0.6757785622190914
0.6964286595668214
0.6668499394641112
0.7550918734313631
0.7026399706896946
0.6843124800455718
0.6611316212497763
0.6797216954141424
0.6242487974645878
0.6360066519421241
0.6057671618508699
0.7535244072767546
0.7287382215419406
0.6423537522293723
0.7266299737026606
0.6779965340499642
0.7148620971437086
0.7152455289614138
0.6802651310263509
0.6779965340499642
0.7123140284543106
0.6624275350295727
0.6148893796905882
0.714109679305203
0.7216183392038723
0.6638160550479177
0.7316638998842532
0.7395868543855526
0.7238185831004125
0.7262629176679608
0.6536320190394458
0.6987176472289719
0.7380294686481993
0.6803582423127421
0.7130977599292607
0.7173924348131199
0.6846300842885764
0.7318341552667956
0.6800039684788707
0.628158966085925
0.703986402798225
0.6369027664284672
0.6693160506696043
0.6889491094754686
0.6762556288643776
0.6892353000888648
0.6518815795945296
0.6895983627625216
0.7222243475366446
0.6780980348091675
0.7594145505837862
0.6117678695752535
0.6766002153547409
0.7329942221007362
0.7033842224233774
0.7025263888709353
0.7131952360841933
0.679515338233301
0.6749720325332224
0.7414471217356404
0.6637315534827413
0.7230747415649357
0.7047703770772057
0.6744265281698768
0.6459526756103053
0.6777474967279056
0.6585203576368956
0.7379521724939756
0.7053999993591376
0.7603983108933016
0.7442136479020667
0.737600869436761
0.7062569587895642
0.6736672271639385
0.6206422737724855
0.6298314345064249
0.7118956284771634
0.7003036501428657
0.7061385429191435
0.7255154492513264
0.7268377487420061
0.7419121896364368
0.7277843179464003
0.710589359365367
0.7522887348370546
0.7015015944440403
0.696115121877334
0.7564548124274691
0.7239759970477525
0.7399465574272817
0.6914524554472798
0.7780820311805675
0.6969229736303527
0.7247293183724774
0.6845750755961473
0.724714625580164
0.6675424853884357
0.6772283598642125
0.6825351721433122
0.7560602634099668
0.7004388551884411
0.6872305175457558
0.7537953882200056
0.706311805763191
0.7444445727683735
0.733739118756188
0.6503635081662529
0.7149382532414588
0.7682166314159887
0.783035196760822
0.756251932638755
0.7242589296942232
0.7446129585990645
0.6379021922872163
0.776780114320897
0.7090919772560528
0.6602335256793086
0.7016338738814589
0.7223310152532307
0.6946157756912633
0.6692164876814874
0.7632054280527494
0.6867403431536653
0.7292703130536157
0.7375218746684762
0.7082810080959738
0.7098955999024242
0.6874181371565957
0.7106941098935077
0.6946096296671241
0.5922876736729679
0.6994891863218367
0.6171667761999806
0.6840147614945309
0.6810909804599998
0.7774888618472063
0.7631532931103541
0.7600226664885156
0.7186455648081611
0.7127364473062172
0.7421559278076989
0.7021469583515223
0.6848360172147111
0.7001913911513136
0.6789867330244617
0.6760027904696506
0.6769644285109655
0.7013996367622625
0.6440160019633512
0.738251881917364
0.7533294746716961
0.7342541294844112
0.6631219494063731
0.6453225589922925
0.7321675646209792
0.6727707626316947
0.7608023363750044
0.7494804985189998
0.76019904384725
0.7907471400045717
0.8005020177566796
0.7964553869501084
0.7504321700536498
0.7171785107025737
0.7325571531810584
0.6410861323997766
0.6700905166402916
0.7706043096381991
0.6703509846986988
0.679822688180205
0.750037314421534
0.7438490661744996
0.7172529723593146
0.6985971626363812
0.7210760708874141
0.7011987870028658
0.7510632657132419
0.7179929671766809
0.6102420827518015
0.7331541757484128
0.6780876034645983
0.7277504484210973
0.7012639771786093
0.624856983148909
0.7399681657515804
0.7254782980569389
0.688518620651064
0.7642816064138886
0.6302263866098801
0.687551143150399
0.7646202091376901
0.7071677498141616
0.697031882879424
0.6641816374565868
0.6514552787570043
0.6723729141173517
0.6958239924517889
0.6978287437191587
0.6980682811956073
0.6881404863704124
0.6961516776462674
0.6829777368796506
0.7066266883770198
0.6847570111220096
0.7189296295734207
0.6958027828234776
0.6419106670661298
0.686392538239205
0.7370215627278885
0.7169858172897948
0.6811235949533445
0.7295013423377348
0.6527791044381107
0.6917297135158115
0.6829896133912184
0.6399081561164032
0.708794107781417
0.7214784502723662
0.6636375808987405
0.6840371542138658
0.69451695451904
0.7320245010598136
0.6654431974015219
0.7037838600600292
0.6648628386989488
0.7055975343073686
0.7007685946043651
0.681950518091695
0.6607468631438306
0.6888226066386843
0.6830126637987047
0.6767985057338533
0.7011923044598234
0.6747306454455589
0.6842930630059357
0.6696295701006494
0.7150759890409005
0.7097407085950767
0.6362581251120798
0.7082307979580675
0.6704394129550363
0.6868812649271533
0.6677651513560474
0.7038589903221278
0.71460971568978
0.6600963094587191
0.7396998847307847
0.735180400635561
0.7035064443022355
0.7263826494185845
0.7254300088452209
0.7959914508360222
0.7489968649989892
0.67679064575511
0.7112487170753534
0.729096099229506
0.730601537737113
0.6867793494173577
0.7389847353914217
0.7297421834085687
0.7379590449736827
0.7833376658577699
0.6656971538390443
0.623543392847703
0.6447709743695099
0.6604135891679577
0.6941218589782033
0.659394865454361
0.7106628410526528
0.6237439576025237
0.689728628022874
0.6828323877856128
0.6457983912074321
0.718979973759945
0.6925550363860625
0.6626110762391411
0.6958662284988834
0.691047382051492
0.6768883981256991
0.6814069303337912
0.6590705222422022
0.7279568744942005
0.6131646120280829
0.6466510332183896
0.7093655556332361
0.6950775720471882
0.7039935211781836
0.7024774659554398
0.726417476714131
0.685865952047483
0.6867294913604246
0.6085383884403672
0.7071499839588982
0.6642297723259049
0.6438536247438911
0.707834838004289
0.6598285472986003
0.7468638424591785
0.7233853459308814
0.7457566125344427
0.6744035096233922
0.6662357651525732
0.7233442435698854
0.6946080653346407
0.7583005045026464
0.7193832617404544
0.7488123459029794
0.7386971364503372
0.7495569143251113
0.6752128603096301
0.7741375976002611
0.727380039775984
0.6901080655528947
0.7310739786155352
0.6561258479435297
0.7532568799043408
0.7082760407294064
0.7562301817931961
0.6673762313009818
0.7438362694918685
0.740990433099088
0.7181515558032624
0.7043064942842292
0.7623173473295256
0.7419724280071345
0.6950284708119276
0.7120522716799768
0.7907521090842293
0.8038140921930514
0.734727063815299
0.753552020917444
0.713420738093763
0.7433187024277929
0.7166860668702937
0.7054906917012634
0.7477209283243008
0.7391382046588986
0.7794408652811258
0.5930973048986911
0.7237250147159476
0.7527391987494905
0.7342360590205745
0.7546370216520358
0.6489813222870713
0.663052090055221
0.7118113581263488
0.8110290724697056
0.7086185908680553
0.7447470446666123
0.706114762517022
0.7513445895804514
0.7406485493234969
0.7015870375634758
0.6833414674422706
0.6862268434878036
0.6925417325631613
0.6685118947968242
0.662563610737053
0.7131510420702802
0.7024584212863085
0.6883385934427323
0.6991482377452052
0.6798204881451336
0.6751807832784945
0.6792580009376785
0.6749736118375601
0.6673817928037217
0.6251482564469107
0.6684730913478754
0.6581359427791167
0.7437872190428028
0.7148653396232209
0.6796742506175659
0.658444013831802
0.7089139913321584
0.6597400878614074
0.6532088761158648
0.6616520132197331
0.6913017917724458
0.696761543654289
0.6902984273947907
0.7111972303551921
0.677007560393834
0.6863270933659312
0.6819307824448422
0.6284762313853421
0.6703878359129103
0.7094006218678398
0.673799283758123
0.7053257901492109
0.7496777173127434
0.7762027128337957
0.6188299340089293
0.7391236609396973
0.7594145900194856
0.6854512246431943
0.6844364452862621
0.7398089117919623
0.771045411292957
0.6617122400729721
0.8171477065922148
0.6824700108081873
0.69894273699898
0.6994442688012485
0.7306307896452695
0.6778122167033733
0.6578192731375705
0.6485052526418262
0.6677510793753719
0.7212003740367902
0.7693172221447901
0.6741412520301954
0.6395506588069622
0.668918112234026
0.6814484762815853
0.6116497976527804
0.6513682428483303
0.6623905310960869
0.8379330413647015
0.7524695056117527
0.7729687615652534
0.8244682196897286
0.7718239187516845
0.8670069738781876
0.8816431969106924
0.8882435482843934
0.8425504267720617
0.7804348184205103
0.8966051159377014
0.8464510964132447
0.7565355330973828
0.76518244224543
0.717922613856364
0.6746376234408742
0.747616712888916
0.7546221404421499
0.7074378388730796
0.7526320232222626
0.6573455469994774
0.7114305918389032
0.7144652358857646
0.6451192204480621
0.6489697690281947
0.6774817226253026
0.6348190877795405
0.6619031238138531
0.6737078061541039
0.7115379513643504
0.6982656478554937
0.6756611108526975
0.7313529854766881
0.6653758192720252
0.6560210605489131
0.7011272793671359
0.6792776609501611
0.7190192631501557
0.6881863894492855
0.6827284916962518
0.7430671489246339
0.675533070085242
0.6127223483120311
0.678611186200063
0.6898313086045935
0.6350641451322662
0.6660808027349135
0.6891085731705922
0.6970145789511972
0.65179161222278
0.6519876565000101
0.6518479398110635
0.6729191863770086
0.6801500647888118
0.6920522642222808
0.6950532148272867
0.6548044038381162
0.6169173480478245
0.670821143758554
0.6144980916647412
0.6436456483982667
0.6788312140330041
0.6343003144069549
0.6719090913427231
0.6519097300012162
0.6560901538419596
0.6505996067888412
0.6978947954382402
0.7076366631556645
0.6684984839388164
0.602713173778066
0.7352597662488239
0.6907174594142693
0.7201966853588995
0.7100940517497117
0.7284515027187292
0.6685188861559922
0.6685491758357353
0.6626293027544499
0.7203309845064056
0.6908242684940835
0.6840411194804963
0.6756475761388405
0.6635045339479312
0.6620977482266552
0.7140730332645486
0.6673808851661751
0.7303217614670511
0.6805634138415944
0.7241775479045004
0.7168280858775006
0.7220640133567828
0.7212484922867504
0.7101766911422223
0.6696774391653642
0.7163473195595229
0.7247466618454373
0.7604357389044488
0.6776878975035131
0.6604517640886419
0.7084570614285065
0.6439522212964364
0.7148343154053762
0.6624564931204769
0.69107133333079
0.6715300260556939
0.6820103059632318
0.678153792017094
0.7527386986588932
0.6593322979524275
0.714703775671803
0.6909763666961991
0.6928281450695815
0.7456761630314294
0.7206018751435855
0.7008713873061991
0.7277230019413067
0.6364421650595019
0.6951837294348581
0.6928164486740013
0.6976396474846432
0.7457948212246814
0.6693825225096991
0.7140138946722082
0.736669070105081
0.6877487205876983
0.6861379140193357
0.6359235381507367
0.6830153863120304
0.6356390538424986
0.7463299920823699
0.6771481412008261
0.6685511154368758
0.6753325350135925
0.6664891103248234
0.6991360441768867
0.6772870936358037
0.6838612634179526
0.6616261717657316
0.6952988743144408
0.7008719769696389
0.6858569022736404
0.6578534371481721
0.7614205896888863
0.7172225543208183
0.6797257789704979
0.6717195679717594
0.7282533379101942
0.6709105121979883
0.6740787657934503
0.7058692297245132
0.6714258394350795
0.6408967222381179
0.697686200165537
0.673055118504765
0.6939150418929031
0.6859685774324202
0.6637696050004216
0.7471607864604524
0.6821193337936936
0.6851361592581765
0.6927597188972986
0.6506652174499657
0.7201646791596058
0.6819765820180426
0.6519936489277455
0.6663410917224863
0.6575534641566065
0.6482059133053173
0.662306509322286
0.646648146693366
0.6240696719475243
0.5813252581171825
0.6574989185769933
0.6762781243435243
0.6830683507690214
0.7000177867774804
0.7030570281623546
0.622997966998888
0.6245767391462476
0.719036860203793
0.6402648205420776
0.6465331257308548
0.6259348074533299
0.6277105813321442
0.6278679015340342
0.6666819371889119
0.6319844455786152
0.6849761300714935
0.6599477295062925
0.7213942035151767
0.6864751038904661
0.6746392544458089
0.5942345894488043
0.6983326709182923
0.6746772380476965
0.6546011516016176
0.6899575579777134
0.6836406850659621
0.6391433457489492
0.5990601927052325
0.6335961314400362
0.65320247434949
0.6649436144912048
0.6332284710021401
0.6759016051563255
0.6976775158197897
0.6416817567554532
0.6668556876942299
0.6687765832408916
0.6786214522477623
0.6476185254301821
0.6424900636781063
0.5788170221517218
0.604189056490657
0.6368685093615633
0.6285812200656344
0.6790587604650051
0.5815517030195059
0.614235730932872
0.617749316808533
0.6338980807680911
0.6310741363006015
0.695856111381844
0.6391844529567862
0.6779829645420502
0.5777413921422013
0.7037097255317508
0.6095536579595247
0.6035553857597098
0.6118755898370195
0.6382076585859936
0.7003470876806628
0.6382514995537821
0.6133888831649464
0.6657647739134492
0.6120625430409709
0.6657822096411333
0.6765593766375304
0.6598769831688344
0.6554908596607767
0.6082073663344085
0.7117321857161956
0.6575747802129188
0.6327686272809624
0.6250417013007012
0.6308173623683305
0.6648718715640697
0.6312890327747032
0.6064476919008019
0.6376963822113129
0.6991732913162538
0.6611780843127751
0.678842784709383
0.6422782755293989
0.7197828353351903
0.6918792812906789
0.6986884562609339
0.7460645104390807
0.6398310385897724
0.6292165494177825
0.6245962302913864
0.6143302562645091
0.6605689713457187
0.6215885495177572
0.7316023976211768
0.6939651451991296
0.6674915200109831
0.6371804130925771
0.6502501035163091
0.6141594721616547
0.5932133982759693
0.6382343484196012
0.7242061204758818
0.721149434298613
0.6707489572162117
0.6642229094354991
0.6514838807900262
0.6459379724778926
0.7081138850528719
0.6800429504259173
0.6367760243920707
0.6468753836487657
0.611702288156087
0.6231371376615448
0.6129531801845559
0.605410827437479
0.6421947765099589
0.6996462041102554
0.7066468531536653
0.6811226850619682
0.6078828522416395
0.6629166769652075
0.6298969540662468
0.6237661453197032
0.6890405023093165
0.7098032446617916
0.6094901531856383
0.6466039974045035
0.6229172987196034
0.6212115786369391
0.6215226348225066
0.6622757089624998
0.590401338552584
0.6029737735767995
0.6512768495282488
0.5964365438697918
0.6100711450207312
0.6517615662993237
0.6412474180936365
0.6281263359060728
0.7056794445720986
0.6412226623636663
0.6373403170860372
0.6118119643656477
0.638641185763667
0.6383668924878017
0.5970711472436434
0.622848426468797
0.626134592814834
0.6262008692754889
0.6614249643078646
0.6579205958583714
0.6397153615155589
0.6623358509659231
0.5985312989164662
0.6282599096995384
0.6879885698755891
0.6233806385627063
0.6719409999780117
0.6331286979000054
0.6085029002469811
0.6956338556212026
0.6215013073978366
0.6658705769902888
0.689348222484873
0.6543810063345442
0.6594470030436259
0.6542568542592962
0.664747298393755
0.6804446898786147
0.654648488750506
0.6898237259236972
0.6880100899380618
0.665005542673115
0.663298921547428
0.6815161788038007
0.6016055681135373
0.6640255295777729
0.6615981296493885
0.7000698739914457
0.6417139045521832
0.6522089975233251
0.6570699953332617
0.6405112402389717
0.6537221262055548
0.6247174532334764
0.6522089975233251
0.6340161655940423
0.5889949273968965
0.6946574781365725
0.6616153416514934
0.6792471862642312
0.6123412426351138
0.6493814303122319
0.6982309019997164
0.6254551532481556
0.632689946155739
0.6139249943310926
0.6565436373113555
0.6220807117330709
0.6251041632398556
0.6350348522825712
0.6681874847560304
0.6214171487357728
0.6734477229844679
0.6773547771028935
0.6443506334350804
0.5710815971972459
0.6558386524717935
0.6388762808551846
0.6501766470063448
0.6051417911208081
0.6870424602493017
0.6872119427648619
0.6597073689702634
0.6709908163000905
0.6473252367286391
0.6704614382097364
0.7144130391269407
0.67379102734513
0.660122293188974
0.6188911494865192
0.6992601888949598
0.6923313520059693
0.7130098931794507
0.6564122954321097
0.6413023615591816
0.6085398668029862
0.6557505581286913
0.6844890485759543
0.707706416589538
0.679123705834004
0.6900933214870655
0.6856618681768496
0.6732964992107188
0.6554573645346455
0.6850058539321834
0.6583313062382196
0.6473235276504828
0.6492622689436448
0.7131154160987354
0.7508792048132407
0.6967868190572271
0.7757034609782922
0.6899360145579213
0.7041059212117222
0.637234872356037
0.694675490004249
0.7455969545236236
0.7469456372036397
0.6731557325648612
0.6877701073150772
0.6505145586032743
0.63685405622616
0.6807690917007316
0.7686718375161502
0.646814684453213
0.6778036072484949
0.7347105661495089
0.7663760623448421
0.8290717379002229
0.7102290824091835
0.7311651208356411
0.6702241730796976
0.6658114673939918
0.747582605600604
0.7374122642388715
0.7683531692204218
0.641560451284239
0.692076256101152
0.7892799706618118
0.7549174258169442
0.7734139361720447
0.6579753700682568
0.7070849996600974
0.6816050154707233
0.7339932619515116
0.7861432511373887
0.8094335739099419
0.7050226498056262
0.7353746077713397
0.756916205179121
0.6844682310281345
0.7610359602367806
0.7601778899127053
0.7934586799694889
0.7164886698411076
0.7230421969058678
0.6733236079703022
0.712145419214395
0.7448076472325055
0.631549464090869
0.6236782554354237
0.6632391790579255
0.6383982325700899
0.658859177134621
0.7354816143161779
0.6592477721679454
0.6419251058431334
0.6095872434797724
0.6396616249512849
0.6996825696228403
0.7087206432121023
0.7017509558710217
0.6865384111474905
0.7190779521165458
0.6711604121766197
0.7164321971585165
0.6916553636174209
0.7326498503748093
0.7022885061874748
0.6490521388934436
0.6594468282812835
0.6584178555402765
0.6919117703328385
0.7012437041084679
0.7065313612155232
0.7289943909223933
0.7625593954956135
0.7205574475979966
0.7449107080228543
0.7375377381355082
0.7284358088894185
0.7555123332566442
0.6932544020647791
0.7297520160109143
0.6907772106166923
0.6754253191595018
0.6635045339479312
0.6620977482266552
0.7087762554905064
0.6521838025916554
0.730628009169541
0.6919325243287924
0.7371919158287944
0.7168280858775006
0.7234967218025574
0.6907360882509849
0.6696774391653642
0.7166707903800361
0.7226160858140868
0.730531192597872
0.6793074610858305
0.7368333272190385
0.6880266017515789
0.717230168741302
0.6770459095975614
0.7257006989822528
0.7455637621878214
0.6646189254048598
0.6777483332203664
0.6682325352797216
0.6704409880039454
0.6779623068529608
0.6775727777202541
0.6682325352797216
0.6704409880039454
0.6779623068529608
0.7266992529884105
0.6403254215070332
0.643468223519687
0.6233216546341769
0.6252020292007501
0.7600333331059435