0.6587655491643857
0.6482466927834544
0.6558538532039645
0.6548479082738149
0.6438255714284925
0.6631226353166837
0.6440724251028217
0.6475923323570257
0.653169882939619
0.6472574526802581
0.6579984419862448
0.6372452133351663
0.6533509020706905
0.6414098433766436
0.6572230980886281
0.6776591325461775
0.6714689356880412
0.6619619071828068
0.7087035726720021
0.6562242930228124
0.690857832701801
0.7250338953044293
0.6650793491044096
0.7411640958199552
0.758109329803324
0.7762184025066133
0.6615362186266895
0.7167646659584938
0.7007823216901679
0.6504394858744577
0.6749557963236205
0.7022081713867301
0.6347981687163262
0.673714764774316
0.6728163854386014
0.6364641814829608
0.6234067600792235
0.6439023083571042
0.6647531170593759
0.675046614265659
0.6978818838987644
0.6288771850311718
0.6823831591786682
0.6852501925701121
0.6924045915210459
0.6549561036021962
0.6458546280094134
0.6126087325089236
0.6725447174957051
0.6820986748247477
0.648359510587633
0.7025201162385774
0.6728755589942765
0.6729527775760105
0.6756844448891789
0.6260438436238093
0.671050719998921
0.6622122085777818
0.6379851561295566
0.6679249702076969
0.6688527189165724
0.6671353480228726
0.7509125610434018
0.7275930345192104
0.6685160958707039
0.7541983884167734
0.6344309204627877
0.6614073941605012
0.646646992503987
0.6255725780995868
0.6452269586989235
0.6721203965050114
0.6270112367241163
0.6414608820459334
0.6731496697428078
0.7020184535050796
0.6419455153972354
0.6464659310421801
0.7118350071447664
0.6177214244827018
0.6600179494608339
0.6681223939919043
0.6886194779430306
0.6532648338354661
0.6773252331937901
0.6732501098976355
0.6614531378182411
0.6692694129369317
0.6573602664209968
0.6397752173612904
0.7722256012858516
0.7668048493144468
0.7741304509413441
0.6471116067994429
0.640624006457886
0.6832741649739673
0.7058508164168151
0.6742140690686088
0.701898453231836
0.7620202855571697
0.668353343139505
0.6899746127865951
0.6881252486112605
0.6775096015530465
0.6918279782155661
0.6975997148600459
0.656213051995438
0.7307682551982487
0.6841138928909398
0.746474005014376
0.6713113407872981
0.695876692586492
0.7626812680648477
0.6568281381470447
0.6864032096169519
0.637986008919657
0.6141339679756911
0.6626212880850195
0.6869182528011449
0.7063591236390027
0.6726089286728351
0.672449952393257
0.6673342420107994
0.6404731577609762
0.6579742699559414
0.6984332915368895
0.692827622372065
0.6652729562701867
0.6574644486376853
0.6572173215586427
0.6964048675586851
0.6719196197419434
0.7317251593593294
0.7314363637211204
0.6812721746546646
0.667472638424093
0.7039123789299623
0.6940586366521109
0.7055013645346777
0.6687460079555217
0.704438390469561
0.7768055300805634
0.686723639425484
0.6584169700684922
0.6491375918660569
0.6508836137601326
0.7087606394670812
0.7136116871764853
0.717149079504558
0.7548660198707414
0.7529173212185404
0.6951497100364054
0.7121194307581886
0.6873177342335912
0.7122697156752673
0.7068786066087089
0.7180883224423964
0.7126999796536501
0.7478846492031402
0.6966608622581162
0.6996548307783103
0.672029484148951
0.6855984498445536
0.6528840771368741
0.6414222249354563
0.6421412018553351
0.6838383814427457
0.6743336060375339
0.6576702875316882
0.7314743566666564
0.6465588457549042
0.6954088317856624
0.6902525061590076
0.6698218393496208
0.715580902936617
0.7046792699926636
0.7094153016426582
0.7051052698431732
0.7150255402954475
0.6871663403033136
0.6670216136720589
0.7165469137265629
0.7470049840568567
0.7666559923304834
0.6944749091787856
0.7005090059183092
0.637059400672917
0.658564497663301
0.6697229373854094
0.6848911450134514
0.6592584445430143
0.6880861056707944
0.6969172510693717
0.6506757436307588
0.6388008264874162
0.6680730949942598
0.6924591895723048
0.6937948958298578
0.6781107555462169
0.6794803728954438
0.7284638469069905
0.6536119600937818
0.6847163606997523
0.6889910892343748
0.6632802301385127
0.7028884763823454
0.7126858641141212
0.7019472039628454
0.7163542159831731
0.66322508235333
0.7282838363861953
0.6949557712390104
0.6473006703513488
0.6403787242351943
0.6911439349200508
0.6691398479560441
0.6611391959902099
0.6565126569934551
0.7332073315574553
0.723017333371275
0.6958812145498975
0.6737940656396407
0.6791641770329446
0.6870537002818063
0.6751385574319335
0.7006892795275891
0.6524523761988691
0.6881268185492168
0.6987057569087421
0.6623410785923247
0.6713517961552999
0.6625524883311653
0.6831140670326947
0.6943249595240002
0.6665685398420474
0.7054846530673354
0.7609017777049638
0.6752495270060386
0.6448358558945965
0.6786950354819729
0.624109906999049
0.7070442302235993
0.6895117909777092
0.7174101210706589
0.6220057205538287
0.6593883312992075
0.7130451637289296
0.6677316994153841
0.6635271043369425
0.7470038962288577
0.7009148752401094
0.7075188058055633
0.7270677159449095
0.7177759409930925
0.6786530487896082
0.7520107918167763
0.7297283371466208
0.6770867457530102
0.6516021591964518
0.6628260127866887
0.6831758997508159
0.6952915610604766
0.6752551600918981
0.7083257546349665
0.6810812473604821
0.7236389047864846
0.6820124172607784
0.7426434302574249
0.6928554201450488
0.6907825410933653
0.6937772599842874
0.6917905306975792
0.6667948818819758
0.6703387314731638
0.7159485354879188
0.6794972196965683
0.6292274420125917
0.720528634423509
0.7094832854678961
0.6962289673166022
0.7079254210233304
0.7078608369700349
0.7089817863907042
0.6810550265249422
0.6805142588842247
0.7060693443297884
0.6715048297862707
0.7038247711047404
0.7149425451040926
0.70155775853735
0.7060795258110659
0.7220595498486537
0.6950754442627406
0.6933830590485768
0.6220398064105515
0.6350155385800227
0.7261309725076801
0.726063840794341
0.679771362541202
0.6986027864490013
0.6834329842180608
0.7073978160072061
0.6784253185953167
0.7249961033082214
0.7011969142608739
0.7441503521530171
0.6883655453046487
0.6592862805819723
0.6789953897747569
0.6721350047365986
0.6800529177616695
0.6770424686244728
0.7142076319658465
0.6507451014759381
0.7328418579548368
0.7217882005430398
0.6862769216875056
0.7178710518920239
0.6955697855483844
0.6657720316310686
0.6982259619332558
0.6812313637402941
0.7122113957478193
0.7183182353645959
0.6940118154392634
0.7620819728063273
0.7319125907329389
0.703600085095549
0.7009713308989123
0.7023333770257156
0.69897880789338
0.743312935958559
0.7009857453336905
0.7020785276229315
0.7147005102913173
0.7361624481392092
0.746082262604521
0.6354304349080019
0.7358862624522416
0.7148308116931209
0.6936192929513846
0.6896862998347301
0.6686124372086956
0.6678526906401314
0.731558772022615
0.6911246260017335
0.7170816820177807
0.7440327026813733
0.739158936134904
0.7143236772616683
0.6911313106700469
0.7044007762541888
0.745108474592975
0.6617984392822842
0.6726706059957477
0.6784849856559385
0.7604151604120957
0.7418199233302437
0.6927295352201811
0.7049562986570098
0.7861241735813858
0.6894442654053838
0.6608361987155374
0.6640395200677074
0.7329890787005356
0.6552073260366652
0.6894089824344612
0.7226691296908195
0.6893103410111753
0.7007903672901175
0.6934552919981295
0.7192141633507976
0.6883266975356447
0.6679310535545865
0.7192607528902587
0.7230787557702465
0.6971898950718888
0.6497265546311451
0.6552127057944602
0.6970160009998436
0.7146528522352494
0.7364893391092013
0.7291816825028832
0.6852516853171647
0.7268527553761909
0.7290248179213764
0.7203587878797372
0.7123906249869503
0.7237815019244137
0.6869738046540473
0.6776146614393724
0.6799882716958907
0.6251252540103969
0.7301749291650266
0.7143969406354073
0.7218060731152849
0.7403844959231154
0.7630002422599838
0.7183555503831935
0.7427433823571263
0.7465420279435012
0.771658777196899
0.7110300958809926
0.738283551149321
0.7457651285534272
0.7377468607222416
0.7274594033094683
0.7474174805717343
0.7128346508066254
0.6886168561594411
0.7379386354603596
0.7131324847833195
0.7589367606249201
0.72222259684539
0.712185823299924
0.7744947866209516
0.7010334031966349
0.7374492139144615
0.7257742453248156
0.7060082807882275
0.7362569051928155
0.6996626886149064
0.6875371755726569
0.6492545214123957
0.7750956449946245
0.6986164152984684
0.7584277771143099
0.707400860188704
0.7304868039640711
0.643180984843713
0.6894022323863203
0.7750104499514324
0.7464717864235092
0.7347241505275126
0.7190132467577074
0.7531219533336971
0.7256873950651492
0.7574718250452003
0.7148074532753775
0.7790817002302871
0.7184183585573539
0.6973618387336307
0.717397300910617
0.7116190056847573
0.746841429967039
0.7322416891906399
0.7126299479064209
0.71458367298275
0.7630788916537788
0.767747376604791
0.7324950482988873
0.7483438767381669
0.7754037399176695
0.7583703348973042
0.7306037475427222
0.7781744408957753
0.722181669662813
0.7806066436270721
0.7992154676873984
0.7655253736153985
0.7865876586235154
0.7112513076162178
0.7021304924470994
0.7307815581516195
0.7503897389823677
0.6920551441780539
0.7799891259298288
0.7015051524371977
0.7100439169503995
0.7561899488758792
0.7778827379607024
0.7885796969518842
0.7499605920721978
0.6932753676921486
0.7499431483153604
0.6577268830366664
0.774977957253129
0.6894501825615428
0.7442010126817158
0.7876596255959577
0.7553647197324711
0.7471052076800601
0.7397192006091654
0.7730784347785838
0.7842529376789679
0.7611855310841439
0.7701833574597131
0.7645085600439847
0.8001586451138112
0.7606689044806685
0.7290896962485587
0.753147076991752
0.7308294785087193
0.7114776688633984
0.7930513944597217
0.7905342269093465
0.7436668300023737
0.7055120699467644
0.7860250571238576
0.7992018778643559
0.7834729397065225
0.7440507802609717
0.796165823179959
0.7722784658048054
0.7492772295408813
0.7143799567666917
0.7853465587254832
0.7285496202012294
0.7499868249589594
0.6959860128002839
0.7772327381271645
0.8001912121571774
0.794757163440992
0.6787295897391997
0.7747661030094141
0.8149000608009517
0.7775440194303478
0.7457214470403307
0.7626156925199387
0.6074345626061771
0.7435094739858843
0.7032633746489454
0.7518249393346591
0.7180985640791858
0.7174857255548198
0.6564397472066054
0.752904680314273
0.7125542075375654
0.6449867071794576
0.7668145425186491
0.733092370710871
0.7991764541321985
0.737159740976798
0.7631069387300937
0.6147570441229299
0.7220718356651059
0.6703714469046839
0.6377743082480273
0.7460914435977559
0.6657112679374484
0.7141534765836005
0.7322250778422573
0.7470463905991193
0.7310463120716691
0.7308942399271224
0.6528108067426831
0.7458543653237073
0.7503763918723421
0.7168744229089686
0.7522853792621843
0.7355307159937182
0.7650882457327723
0.6833827204210885
0.715170175125833
0.6870310956515926
0.7197872471092499
0.720712135985865
0.7316332676433212
0.6556518276624529
0.7496048517538076
0.7528723521612831
0.7743952662845937
0.7691493233920431
0.6528085829512982
0.6882474605771293
0.7492691417166
0.7237130801965606
0.7378663026637707
0.705257857209971
0.7365416244080404
0.7459079481740665
0.6986227489668729
0.7703558215420772
0.7866279950477135
0.6534163926884442
0.7503561011836823
0.6311563397538233
0.731931258284835
0.6543295286157818
0.661796993346468
0.7328626695694928
0.6846897873432317
0.6344380204262567
0.7091391907997735
0.7358519945043598
0.7285352169096798
0.7501585606617251
0.7061392280896985
0.7546854506174541
0.6844904263368591
0.6853322406634215
0.6795222946144697
0.7001192929205726
0.7086691439889026
0.669862694379585
0.7094820750659881
0.7055151115438714
0.7315161026332394
0.6475289550226215
0.7406364942695381
0.6959166340524225
0.7313375377764831
0.7485576580975895
0.7258425202103826
0.7106057210688272
0.6382788037504568
0.7068583024324878
0.7093055923071542
0.7039905463385667
0.6856644661090917
0.7244832793486834
0.6895378094779302
0.7072167127023179
0.687333215945597
0.7114142478032358
0.6382788037504568
0.7155006365274984
0.715583970369594
0.7250419081479271
0.6775021192004393
0.6810908390207125
0.6862846431828685
0.7293151176667216
0.7084441425081001
0.7662295213700242
0.7058936018449191
0.7088071400979206
0.7020266910368798
0.6319849404380244
0.695784812005828
0.6935667584250466
0.7168797708035092
0.6916632481982405
0.6997613915115578
0.6767035274299271
0.726315278046446
0.6832864657901817
0.710725430597716
0.6803564534050028
0.7661697099727447
0.7040023511114979
0.7187928702310185
0.7130977870518296
0.6770691239447274
0.6861517948205287
0.7014965233025593
0.7213123891508327
0.7194017596767887
0.6971812481454913
0.6991012468994291
0.7086171426401738
0.6898791041932162
0.6902075397588622
0.6931909513529528
0.7112876466086386
0.688153421843766
0.7279876383572201
0.7386228369830606
0.7458346538932272
0.7283651351929842
0.7703673263186198
0.6742563416221198
0.7008357604288407
0.6776179182693395
0.7148397088977664
0.695179655267139
0.6907919510362127
0.6804944417587193
0.6854511789934926
0.7103332996654946
0.6754684496839005
0.6424241542513164
0.6915019930532432
0.6988767679246713
0.6678712491092453
0.7411624358794723
0.7355008180453149
0.6796241098426369
0.7359767070354803
0.7348137091640123
0.7421988877481079
0.7404900642042488
0.7268274870352913
0.6576588940316314
0.677371120628175
0.6920222104052567
0.6687647672082188
0.7625356442992433
0.7130735694052285
0.6501819089956916
0.7084790159868344
0.6787116490932829
0.7640019653462193
0.7253532487023784
0.7343985684888886
0.709428354615508
0.6956763660488117
0.6495062984120084
0.769793464603561
0.7235913074045149
0.7327828276051251
0.7011931477961361
0.7583175212066642
0.7441899224547712
0.7489965768399409
0.6759523882400269
0.7332286571647384
0.7782453990011223
0.754052633986258
0.7194495844338241
0.7130094603227204
0.711707534011107
0.7449298591897712
0.7205240894748917
0.7459168467633647
0.6663365939947463
0.6993109496968759
0.7041332318402003
0.7030054605160784
0.7179027128037239
0.728993046644364
0.711391556338507
0.7440062480246128
0.6749659342631417
0.7660945279788012
0.7698961129608987
0.7629853675167698
0.695224356131762
0.7565609187459076
0.7481461373231627
0.7074029660683646
0.7126347227694116
0.7790763188972234
0.7557558838012396
0.7351162553869637
0.7314589657976882
0.733860501823302
0.7014252053149547
0.7339176535480262
0.7721786065648111
0.7507807943958932
0.7824014647311802
0.6528085829512982
0.7349852660684748
0.7373770035330821
0.6926125553665629
0.7402935682952152
0.728898453353345
0.7450789574476445
0.7160236394700825
0.683752140630372
0.7064719459610332
0.7370765189580673
0.7348823290197064
0.7414031944885678
0.7315352681623004
0.6755246888168267
0.6791716762409656
0.698386096169496
0.6906161603225498
0.6901571509181772
0.6274181830130094
0.7290715822821223
0.6849926369930032
0.7307756043864408
0.70082448406408
0.6938749999739288
0.7117302946185631
0.6681199143783075
0.7283880365661488
0.6932533053060956
0.6830791630928973
0.6692185129017343
0.6595147227159343
0.6855942817104278
0.6821588397368415
0.7044311741229186
0.7041344800601244
0.7209098993305233
0.6880505154484325
0.7527876335966714
0.6998571281839878
0.6749125462234998
0.6505237520233391
0.6704571667920632
0.6891350282562237
0.697983540881811
0.6679215269722443
0.7044211084132775
0.6831395109717725
0.6576050623593925
0.6729653911393462
0.7388212261926762
0.6735260444511092
0.7004673101367581
0.6789963384087718
0.7140158308001676
0.7141144152934947
0.7359668784671555
0.7298914440839531
0.6732177746011144
0.6959446638615778
0.695811369046034
0.6654381549231659
0.7025755881743274
0.7197341976519888
0.6945930711803858
0.7532572598398867
0.6993026285918649
0.7511967008526321
0.7269457826286367
0.6714881583014818
0.7409124531863586
0.7410638897340879
0.6859391939822087
0.7327311230627295
0.7945421688669704
0.7368750429830374
0.7276507583059902
0.7506745416994575
0.7395073399499795
0.725080542006967
0.755364197829396
0.6866777476041077
0.7315497892665083
0.746232089516443
0.7406590284050447
0.7415273872147292
0.7400892136093977
0.7823822097559606
0.7279843723529477
0.7675294626834076
0.7770533904776723
0.7428737271306448
0.7253907193739969
0.6873819799392108
0.7004428804641526
0.6830601249120261
0.6664455131728628
0.7006371807424312
0.698775343441619
0.7143365903895815
0.7299790518579434
0.7211900652382048
0.7411706245468604
0.7369033459078629
0.6483736928612682
0.6511734072964355
0.6766974714820135
0.6958545018069615
0.6695241129595609
0.7507799679289754
0.6431289408168827
0.7133250912716731
0.6740270372965398
0.6743001348206121
0.6296056733018731
0.711761821418444
0.7115991876996126
0.7031078272702687
0.6963692427144613
0.7211479692977214
0.7178552788003916
0.6958139664684068
0.6420654981253209
0.7071755711234018
0.702095308591696
0.6958139664684068
0.661171018798822
0.7272917926548379
0.6643716467106218
0.7010035824575465
0.7152575249142329
0.6926975635129388
0.6779638874756863
0.7225464859918842
0.6819513399634682
0.7187451817933256
0.7066743897201752
0.7204247302631887
0.7660275959379548
0.6972360848570661
0.7234523055336406
0.7064944382314136
0.7101003866120755
0.730114770230547
0.7159975004324973
0.7284755398295696
0.7494214941805032
0.6710976563604345
0.7147362696236685
0.6939884427965041
0.7009561672395824
0.7345259145768267
0.7166378988109685
0.7504529800219895
0.7203615009036767
0.7083913314134382
0.7506200199162888
0.6408839174615449
0.7132938856674418
0.7040107181030204
0.7250767686076066
0.7258974269839469
0.708199392483692
0.746462198408412
0.745857681552701
0.741868715908486
0.7300595833867426
0.733591796848557
0.763269294682418
0.7277100466021704
0.6970133420869838
0.6915932212270581
0.7697379730204681
0.7279148559030677
0.7729875741234172
0.7142525243813911
0.7095081015468735
0.7582384984842548
0.7005312216311476
0.7278220882771373
0.699755534335452
0.720895793844268
0.6665553800772654
0.7337327203039815
0.7440268615225302
0.7492276963837399
0.7227995726957268
0.698067937529226
0.6736928841358317
0.7016559069975056
0.744693931701025
0.7388582369586948
0.7151975010958869
0.7391418191398852
0.7261746142071844
0.6686788847376269
0.7530195512909572
0.7379637539916428
0.6941128105215949
0.7272398953163344
0.7353330158200103
0.7323879226741422
0.7131617547225735
0.7164084324894172
0.6883311853658571
0.6975475792513068
0.6644073730155005
0.6342430587231661
0.7534696707594034
0.7058490801550649
0.7746536907079766
0.7526762135927328
0.6333727305366746
0.7461844945918626
0.7451238088717238
0.7312885780433153
0.696172412716134
0.7309034317357168
0.7492400863549205
0.6428915691164683
0.7927861890366357
0.6841504723513748
0.7364879710876453
0.7384844460749871
0.7524916586731355
0.7080382662994053
0.6825804790403509
0.6900556074668022
0.6557843798254853
0.7370007736695156
0.7009312980824021
0.6597530175755523
0.7150335301070732
0.6358730127766807
0.6609277855788209
0.761889087484904
0.6631016173162013
0.6265363961856678
0.7227259001542258
0.7572786755778904
0.7339360052720579
0.7212121196978072
0.7281322258689604
0.7231253295243648
0.7034690426919276
0.7304474182325492
0.7194218461178699
0.7526368769264394
0.769743835632323
0.6632038988610017
0.7177949208474775
0.709979791884676
0.7430661171371862
0.7287037521430636
0.7482251249910513
0.6558551052032584
0.7185076706080356
0.6929656146567373
0.6551261722927126
0.6879187223852951
0.699360639434623
0.7219755173758319
0.7189618771730963
0.6484645509945164
0.7216618446433574
0.7131766944958938
0.6540406156711981
0.7026567016903426
0.710195338342579
0.6657328756460414
0.6804647603874772
0.6851922443589084
0.6915061523068263
0.6939825629006023
0.6237333681987356
0.6890290799640947
0.7282792341490655
0.7139694412211824
0.6958936763745002
0.7266237686936986
0.7528559587240867
0.7105682796981576
0.7343004138237611
0.7201742023975509
0.6971208582868516
0.7079991071798258
0.6865926281189438
0.6850625626279218
0.717169086726712
0.6404909809383774
0.7143048206878622
0.6702856765537002
0.6660473892984066
0.6888502645097481
0.6404344031081468
0.7027901084187393
0.6716803073031058
0.6788157963419713
0.6956971861481184
0.6528752455124703
0.7011505767127132
0.6918603471456929
0.731487059986155
0.7249642480168927
0.7017398654191805
0.7430792177108964
0.7309128381999566
0.6781238630208744
0.7335147056217866
0.6710410346964494
0.7185081123174942
0.714804511709847
0.7115972351524925
0.7375946569364692
0.7501618994634701
0.7409072187954608
0.7590204438832151
0.7258588369334475
0.7260067569382591
0.6951075682633694
0.6313087140788064
0.6502903590513709
0.6748672750464028
0.7478913299905672
0.6703898197814888
0.7426120270987726
0.7355251044667434
0.7575204888794952
0.6766522892144528
0.7064757151193752
0.6928952144944155
0.7467904222685963
0.7215023012737155
0.6762664577230452
0.7372659505639156
0.6832859981055177
0.7027479404774248
0.7117551008819747
0.6978635509679053
0.7416713711151851
0.6987506036148721
0.6981119483637409
0.7604288553222212
0.7133031747530996
0.6155371643354344
0.6727336887815614
0.6792905747384294
0.7297750736964148
0.7578934220006777
0.7412199675624466
0.7115956750610284
0.7381208218331458
0.6748349732296139
0.6627077760104582
0.6796082617480379
0.7056803922482541
0.6902006127319223
0.7155133736124273
0.7643498251788575
0.6594454238354148
0.6628820504464803
0.6839488529536304
0.7083149516768741
0.6783830555238963
0.6826872341986876
0.6924887343887794
0.678282385886918
0.7633705279111894
0.7220798648380434
0.6713289837323392
0.6658155122509811
0.7160706835161545
0.6940423765885871
0.6940628238339343
0.7419453279148025
0.6650154972472114
0.7154466279551616
0.6891177168238845
0.6732961995688025
0.7394816015788195
0.7136929444656035
0.7217028258572753
0.738660344702381
0.6726606143714925
0.6351290757545103
0.6535352586459893
0.6648286295836462
0.6901837329667915
0.654670193118937
0.6598575001649577
0.7330760346802125
0.6326258199072151
0.6486734751798847
0.6613238741152374
0.7094195996610164
0.6488251308224683
0.6921930415344627
0.664129009340646
0.7048347371726374
0.6771667431085194
0.6399052406465838
0.7360608656539674
0.6277054211442219
0.6669704073253261
0.6534243580332779
0.6842844175734076
0.6748471934627014
0.6520242262837456
0.6126905553453408
0.6444569762824541
0.6750207612149509
0.7307132675935196
0.6806919967276984
0.6914802109867962
0.6953335905051394
0.6736793649521824
0.7079658815211124
0.6940336547347887
0.724152808363828
0.7346174109545274
0.6732022789506767
0.6939618345548482
0.6699212804639497
0.7315344417671173
0.6977487031621019
0.735029896006305
0.6776604068846941
0.75414459313433
0.6825203737462734
0.7348968459164738
0.7630287972252493
0.734104967568315
0.731412435727285
0.7684906845603547
0.7369051227903582
0.6786865420883912
0.7333443152470609
0.7172852355360674
0.7284509073693148
0.6830238017476441
0.6927843860061095
0.7458188979567664
0.7399202803410043
0.7299008528572274
0.6534257098519896
0.7170341744531288
0.7727096779572171
0.7934368367251614
0.7913957808666765
0.69626373270939
0.8044988132998507
0.7441127979471107
0.7307106994148684
0.7098000285599122
0.7198828984475839
0.746361139932646
0.7185483603958992
0.7098098467090145
0.67996165353461
0.6771741027764666
0.660887710539956
0.7364028479590752
0.7622327014426203
0.6806399010220796
0.7329802298867216
0.8014480503781283
0.7238431205601941
0.7038616314381558
0.7197380718394211
0.723141463962089
0.6644914328561152
0.7366752478588899
0.7184311082673855
0.6889839827814205
0.675291725147666
0.6900048663377478
0.738593771444833
0.734577429507973
0.7336032514214444
0.7182112931761763
0.6991842095627719
0.722303795226959
0.6798706295215616
0.6977915728676282
0.6960035001910396
0.6876832044374005
0.7149138571151455
0.7103502910495774
0.691978810803192
0.7103391332710335
0.6949157547860987
0.6887229130305099
0.6879522857781135
0.7156501391018674
0.7003176699531211
0.7096839118881757
0.7757610383950738
0.7270710567964911
0.7034188411406864
0.7064606846190052
0.7208633129568549
0.6488171291582013
0.6368934843152224
0.6963418254784385
0.7227725338265837
0.7313267666652081
0.7057852859356163
0.6903434841791943
0.6858660977443329
0.7110577418993881
0.7053109592417981
0.6997806497523946
0.6944501694402236
0.718791325229255
0.7435012083386553
0.6964995084222412
0.7149810533526367
0.7226559860196241
0.6937107206055375
0.7282837935185147
0.6716410035523401
0.700392536072869
0.6884471686140221
0.7015771939771918
0.7250308516309248
0.7657726420856867
0.6683068898670994
0.712253069544198
0.6871631424082911
0.6827339887706351
0.6747314382674586
0.6885555557794428
0.6971130250238193
0.6903975881280201
0.6707984487905754
0.7102295427242444
0.6498318165969577
0.73746138871486
0.6677818771658439
0.6724077162080795
0.7269046692061902
0.696913114960009
0.7092296510138205
0.7309330817133165
0.7393305769061832
0.7516773189784841
0.7127623275630504
0.7750791679272668
0.7589789891102028
0.8055344818087476
0.7026961921953662
0.7968050373288973
0.6989752622589723
0.8009768154558912
0.81916596486918
0.7495113107427822
0.7865907650861522
0.7836902341033126
0.7593728285810203
0.7307153752361542
0.7605692206832771
0.7516684237014285
0.7392554367461167
0.7815633860598814
0.7916640294141182
0.8454913758284834
0.8469053203178726
0.742326211503271
0.779616072037979
0.7055363090724346
0.7632367997907947
0.6688931632453585
0.6763230012862828
0.674312459969631
0.6422016109046766
0.637595302916726
0.6501922018180047
0.6484415739012388
0.7095089573570352
0.704663461825688
0.6408294807700889
0.6489253014745054
0.6698805797101777
0.6260939274056172
0.6427439112999151
0.6897241383935448
0.6466386321034701
0.7267991630565294
0.6926218889530192
0.6293013112535756
0.6583289467009018
0.7108339278863844
0.7383379164303959
0.7042501741379645
0.6636076210911583
0.6773703989166397
0.7098041819653745
0.7381004402400877
0.6940068938203547
0.7410911832256796
0.7443225718462053
0.7446876657647973
0.7794578159039828
0.6857260902447331
0.7769326162034527
0.7439344656600878
0.7706047541944805
0.674836975987064
0.752077190858257
0.664859894977593
0.6749128851382007
0.7214638747096824
0.6882227514467889
0.7223087209654466
0.6951718507225894
0.6237441324599325
0.635859594835334
0.7045005531594667
0.6612311658088115
0.6703486607443524
0.728206105649172
0.6840050814665454
0.6699073209559879
0.6823928084069106
0.7079984389457441
0.6170169915865281
0.7120239612277294
0.6761351461312786
0.6909730848233783
0.6969198038815274
0.6874627881720041
0.6897982003353906
0.7400330698875565
0.730529608578199
0.6915776332480319
0.6787858010898541
0.6396432946651052
0.7326081236690218
0.7499129413350862
0.6998880623883914
0.6846003048993727
0.6978636291074339
0.6756198449610462
0.6814284377584967
0.6631583943644739
0.7328414692906664
0.6581083609885602
0.7006064187574954
0.685411159310846
0.6876677835255226
0.6676777360189546
0.6705561007411497
0.7935418433463012
0.7728218658171768
0.8093649679724776
0.7637975452893586
0.7822709562249536
0.7595873328080733
0.6504042847814634
0.6856205925754866
0.685812592651906
0.6879113378258858
0.6591473678057103
0.6505075674228161
0.7026107564151346
0.6755847032821397
0.6494621922870957
0.6764822597600092
0.6778999358923028
0.7053034583322109
0.7292516828385844
0.69790104905186
0.6825459518287605
0.6773161984628242
0.7348649327215152
0.6565057110431521
0.6890688161194665
0.7421696737008193
0.6872896662241752
0.7184748990598672
0.7815810414647602
0.7594408481899827
0.8189390886548599
0.7555563101066376
0.7933218183221101
0.7775481956153474
0.6622655375702619
0.7254463075665959
0.6729088687587698
0.6982941433221541
0.6906864086330557
0.6817718307697135
0.6569493223916143
0.65808813084931
0.7194546074708086
0.6518869390165556
0.6230401686614716
0.7256789056916855
0.6479216844800145
0.7260061179326653
0.7130833398730239
0.6997462708524178
0.6855735047795769
0.64154010725172
0.6899422522072225
0.6766638943166179
0.6574169110474356
0.675078006863963
0.6646607999501302
0.6663983416781097
0.6724708633952452
0.667619794737992
0.6600179494608339
0.6736757801625362
0.7109872294212537
0.6591864887170477
0.6587504938746883
0.6753028896867839
0.7256022658390944
0.7129734524093312
0.6776082180833268
0.6587509031068101
0.7235366421106303
0.7043064171118023
0.6490855197664712
0.7069681152080378
0.6958409499585183
0.7020829986585966
0.6976670065043475
0.7695849388018309
0.7141531472101986
0.6778445746951297
0.7125896993681539
0.6933414667388349
0.6691097494038516
0.6746953327292666
0.7373575600559403
0.671772134438691
0.6495045107687274
0.6600395114446651
0.6665137345134213
0.6701796957138095
0.6247364204776903
0.6414833184224072
0.6774833639859279
0.6725692797401108
0.6398388445426828
0.6717889412292297
0.6647092771117481
0.7274717995181149
0.6399109908626124
0.6802129504079968
0.6810574027362558
0.65958219379325
0.6432731216964919
0.65952390686737
0.6673080649258143
0.6747220282552234
0.6684721979105466
0.7263801953385046
0.6782464529335493
0.6859751090564374
0.6682616866316332
0.719667920642578
0.6994304111096651
0.6591393290844492
0.6842864125908293
0.6614706668680834
0.6863160710660768
0.6617457697051574
0.6680957693693372
0.7381837088287332
0.6746323263469517
0.7162996462254037
0.7049574083835626
0.7160590613955133
0.6109743048013575
0.6803718587049306
0.6745489047308371
0.7279438645253555
0.7024042372275573
0.7418751492057757
0.7079357801683461
0.6702076877107789
0.7400958315794693
0.6595711059422786
0.6680681705293822
0.6596904020600851
0.657324200445481
0.7431762888004315
0.7411588723917292
0.668991987368811
0.7392419956268811
0.7101637171268375
0.6455783994479514
0.6224026706569563
0.7114356019639093
0.7605376701859174
0.7452490507569115
0.66159774860078
0.6601647909744977
0.6468135991432187
0.6686557772370586
0.7099996729147159
0.6924644390291144
0.6105975526715766
0.6704820616020026
0.6768712946991922
0.6615571907126047
0.6991110724892452
0.6133570173054564
0.6614096784432151
0.7417661238390159
0.7002125723271264
0.7621848210411548
0.6433537477579252
0.738489227562903
0.6681762180715027
0.6621609967168897
0.6989379825304534
0.7201442727350192
0.6802790804118404
0.6417620126121492
0.6423935261450504
0.6652358402842259
0.6635538075469599
0.7155859467010994
0.6904073684307794
0.652674487665035
0.7191280290874253
0.6488984727023631
0.6881463629645266
0.6764858143834797
0.6739974071751709
0.6548076753408468
0.7264044863340001
0.6561383197758884
0.6865003203584991
0.6776614493431369
0.6897167489388406
0.6368497389906336
0.6632578089757756
0.739395841695343
0.6929983679058707
0.6955537830759171
0.6144519074271096
0.6313315128687867
0.6167604296974543
0.6573763437568538
0.6820001283922615
0.7437849315648608
0.6649671788213487
0.6324747127129312
0.7029931522127862
0.6889965044025732
0.6657274171975741
0.7157240291613882
0.6989747044017813
0.6813333678253204
0.7029521366373703
0.7104281883144168
0.6882786286857535
0.7077787878007581
0.6856825236074453
0.6795249309458774
0.68509680621171
0.7132209557694904
0.7115186738662233
0.7424624589360992
0.7486178268597229
0.7579658333043394
0.6974952401248611
0.7745523508689083
0.7089143344010744
0.7222198247686059
0.6726202211206745
0.7162068252849245
0.687284255455471
0.689921251405501
0.6973061080190781
0.6694891008541115
0.7162068252849245
0.6276160640483317
0.6134817284947236
0.7505999151647867
0.7260207249624037
0.7114298623421601
0.6590033009320645
0.6607858853180832
0.7097821250185438
0.6133718853718482
0.6878032696117068
0.6572239009855497
0.6857934031449519
0.6374960341130846
0.6145863653982584
0.6920233133040813
0.7239055630401505
0.7006746719215856
0.6498465694875183
0.6699199763695695
0.5977493462139005
0.6390294539596918
0.6693912568142436
0.6654836316415256
0.6627248142087951
0.6641802648092003
0.7185865538101974
0.7475641752651171
0.6861589800599525
0.6479118210458876
0.64739982867141
0.6736907317459491
0.7396484650179869
0.730385246428744
0.6915491304925445
0.63889722372934
0.742724065409019
0.7189649267988856
0.7024873621153993
0.680883647822609
0.6596318323500038
0.6569600160173483
0.6776546808008558
0.6877481184785532
0.6860818410267996
0.704803778846838
0.6552740612861435
0.6599688184466572
0.6664229866889511
0.6555476238224118
0.710429942335912
0.6769234913949544
0.6589118730967725
0.6869756684779258
0.6757495931574236
0.7339588894660505
0.695830105065194
0.7570373270122703
0.6910630762342984
0.7000313716577483
0.6781001636530609
0.7166064653936448
0.7381631999050304
0.7174709929751553
0.6686417987492322
0.6687381928387632
0.6597617716117582
0.6734849209443329
0.6779962758699688
0.7391077795998403
0.7186600328837814
0.6882060301426273
0.6662675177493148
0.7202849434047093
0.741605156030471
0.7065248421050432
0.6760472577719996
0.6635848362154502
0.6210456923265196
0.6825712173244637
0.7377857054924949
0.6826138359487761
0.6333804997198011
0.6986855767431711
0.6938924503609291
0.6796069971267774
0.7156318872657125
0.6922920963099306
0.7557115673169704
0.6694523980955204
0.6718099051936495
0.7253138307836009
0.7054665032318658
0.6605838408990641
0.7331946962779141
0.6829375423353604
0.6665343655969178
0.7311745500231497
0.6784642472011886
0.7697515051952807
0.7053273156404803
0.7539212410953715
0.7179125104304478
0.7216994073934072
0.7225583518268583
0.6670365483412861
0.6874367464251877
0.657021554613875
0.6416300540182259
0.67347583713137
0.7410847692985668
0.6731353290516592
0.6955439193060091
0.727422690986534
0.7163413670311479
0.7470993520787524
0.6825073627446585
0.721912732745512
0.6859187157379864
0.6922315961538422
0.6977427811334899
0.7331643939463313
0.7221970891593967
0.7593542858264649
0.7585801498154213
0.7203609039281431
0.7228929213220493
0.6415568179791714
0.7227558201606102
0.7535375300548168
0.7051658383578374
0.7155161256790876
0.7559561073015789
0.7661395383026112
0.7965540387274008
0.7812603064091214
0.7402552638931549
0.7832291960056699
0.7078790195747187
0.6948704939472123
0.7665818848383809
0.7698594147254693
0.674836975987064
0.752077190858257
0.6807039194347277
0.6665948138287587
0.724621447085979
0.7179988595083681
0.7269611729462198
0.6951718507225894
0.657263795566145
0.7119291007263354
0.6612311658088115
0.6696018366457135
0.681111362184795
0.7099394299024033
0.6992907784554481
0.7414135201644975
0.7157481496519361
0.7623936052136931
0.783130767076755
0.7235646607342813
0.7276315142934315
0.6655929673503145
0.7125070449701287
0.6648089217387658
0.6713921157162344
0.6662526544391248
0.6884683550588776
0.6648089217387658
0.6713921157162344
0.6662526544391248
0.7086089768751133
0.6576293929459328
0.6800850650360767
0.6515769559888125
0.651940902952846
0.6457164614796285