0.6534271474128648
0.6190832675316915
0.6744850287246188
0.6779806432325819
0.654544616730079
0.6436902561645008
0.6489808242248597
0.6322497380716382
0.6200351598476983
0.6274000585910146
0.680079081941076
0.6115975762389598
0.6157742624234634
0.6563673849240841
0.6476613463251341
0.6619822274403131
0.7264710174070601
0.6525755779311367
0.6562662056254652
0.6620872940782702
0.6856700609521672
0.6604623748773117
0.6697710177562965
0.6456667588839727
0.638725339760871
0.6447440568939903
0.7011225353762933
0.6598493210220097
0.6429061147702552
0.6427169580556759
0.6160857137582145
0.658231128407605
0.6174885683737775
0.6567566939626354
0.649636548061942
0.6755390736306549
0.629020361999579
0.6137703894670682
0.623538505829381
0.6534101562460533
0.6968820092194211
0.6675737392857869
0.6776761489066451
0.6442048654265826
0.6403874489495613
0.6351423502314602
0.6698715972907778
0.6904550160427749
0.6494895520421233
0.6323281816177172
0.7270401121474279
0.6845657485646441
0.6539692857956921
0.6953756703225894
0.6430110405754373
0.6210338511773332
0.6685546541955528
0.6515944876865665
0.6153690952397252
0.6372458026049934
0.6454133598652445
0.6626659147482171
0.6020964286417633
0.6684689210326419
0.6800193957730534
0.6354147542446573
0.7107265008149515
0.6797649558242752
0.675286293647764
0.7782096373132029
0.837429440679532
0.6998489295784452
0.6799132179380317
0.6645655018386167
0.6909680855658108
0.6580198305170754
0.6367353703364532
0.6499604642565028
0.6600263023751346
0.6636224755918916
0.7179078620357763
0.7147645034422467
0.6694995635712706
0.7012745112193796
0.7084766306187751
0.6871651854950172
0.7059016391816496
0.7459967842188944
0.6852363706817213
0.6621626004141602
0.6823460653831759
0.6816316667324177
0.6960493326063784
0.6620545864628036
0.6568264133397618
0.634908818499747
0.6220068994454592
0.593689407513587
0.6720765405763391
0.6293706992768314
0.6672885308626026
0.6718989460932082
0.683527716678372
0.6654338320806561
0.6227313390577838
0.6782243307111084
0.6632223579067267
0.6336787565834154
0.6493981818396347
0.7000433150902634
0.6430075052269226
0.6230567984962276
0.6412715316207833
0.7207570660216787
0.677711480491494
0.6471599623987395
0.6577235018563728
0.6498032298395314
0.7276187898249334
0.6467629971287879
0.6551640985775211
0.7098235309312325
0.6759508997236932
0.6947142979195394
0.6551186948487098
0.6237838361893804
0.6733361491912294
0.669046007506936
0.6900001835269616
0.6634777736043976
0.6766703082840957
0.6511409329823609
0.636383316050124
0.7098886875253998
0.7221898807393788
0.6185716492421669
0.6851336847509643
0.6490759709612014
0.7013948352066092
0.653826219704376
0.6995967376399055
0.7132721315320122
0.7126317796770978
0.6436829338506003
0.6922778493133012
0.6588659220798009
0.6906790790049957
0.6718183644723941
0.688063706859283
0.7037103661938438
0.702156046928958
0.6462452212067649
0.6464549491129223
0.6327201558720361
0.6659792916031237
0.73354837760567
0.6959315210198773
0.672347505377512
0.7283986004092773
0.7693530617532113
0.7234075728876453
0.6278947334992546
0.6045378045759774
0.6380644170264821
0.6078888699595104
0.609969265611806
0.6598075092506691
0.6697011889731462
0.6313665667292219
0.6780295029144736
0.583704859257279
0.6137013486242404
0.629642942288128
0.6460039579427697
0.6700635899931174
0.6873867831574194
0.6203280340015014
0.6873183876859429
0.6758799802147131
0.651888166955166
0.6238541091993683
0.6810139891412809
0.6591633895919853
0.6795416909930458
0.6144453033611527
0.6687243416418068
0.640376960159011
0.6158932104458209
0.642209544139691
0.6512556906215459
0.5829996219163409
0.6521386314856427
0.6762550592378709
0.7247142114780186
0.6610318968905612
0.6724897967890433
0.6826730448368505
0.6350257615458814
0.6735480147478191
0.6237618822296708
0.6749578727582995
0.627052692004977
0.5978965089627728
0.6548658632376047
0.6542171532281073
0.6753822338396951
0.6083577407059023
0.6516407106647397
0.6410963804996505
0.6547652348533779
0.6559662527610582
0.6586299606264933
0.6944072904535477
0.6843077891158003
0.6979373238575325
0.6245686542970127
0.6517251933474064
0.6152886710799963
0.668984825957699
0.6650404383918895
0.6410298780241133
0.623488853858549
0.6094729464944091
0.6481206347279335
0.642786011903045
0.6623311770022307
0.635257761325891
0.6627877771980719
0.632488078290493
0.6716393345201878
0.6580374166931258
0.6285139892198979
0.6522400231770494
0.6742108104555251
0.6907762589702697
0.6446624397704918
0.6415012403512629
0.6205534235468027
0.6301638716553941
0.6509101681711247
0.6121009034184859
0.6485870089776097
0.6657725923913237
0.606210141177184
0.6227624234504316
0.678835380132917
0.6846521386021257
0.6371001898371609
0.6573250280696458
0.6761579029478326
0.6705758529251412
0.6477049502120027
0.6440170318658638
0.6785298265135351
0.600511334490468
0.6578678574770407
0.656710317020211
0.6980583256487041
0.6500931903726305
0.6812554771772058
0.6406780759594394
0.6887724845914076
0.6393894298438799
0.6286775563868103
0.6739312704678025
0.6613336418086712
0.6667940743168731
0.6609765984675751
0.6413585529799637
0.6262835661270226
0.631070647261812
0.6721634930677695
0.6268271263126467
0.6061660429365514
0.6088110896889295
0.7457040456675126
0.6916592609026376
0.6902836587008869
0.7093663033095746
0.6879187069352233
0.6487800343605351
0.680881694739704
0.6871206047034123
0.7362200122958762
0.7219405160124963
0.7310443244341125
0.6380519364046119
0.6539279960291178
0.6892241730997247
0.7190412031904816
0.635117069376131
0.7188496826643628
0.7331071252086215
0.7313853466229857
0.6916696526147317
0.6318835605115494
0.634296509018501
0.6520843973136261
0.6420740744179514
0.6632311807460783
0.6595485515036126
0.65871977112088
0.6838552384678264
0.6770373604992735
0.5958753903576732
0.6261074411837034
0.6737987559081402
0.6570409397038335
0.6478601861888588
0.7112780046597608
0.6959500305132233
0.6918513005159134
0.6790706265984353
0.6245161463277934
0.6652610370639356
0.7008081649942642
0.6202710004737745
0.6510221888592895
0.6805645089553315
0.6824737299942684
0.6579059685977756
0.685416461179739
0.6867734276267292
0.6723570437973149
0.6905410099784338
0.6662213167355926
0.6943906908061601
0.6270747476093911
0.6490379425906452
0.6502652448074876
0.618575082908048
0.6436829972190679
0.613079897855196
0.6405780479881132
0.6472655712982478
0.6771000619116077
0.6672500631151197
0.7447978496149966
0.6709043648160091
0.646532948781826
0.6680024850504256
0.6993597318919899
0.6918810653891134
0.6754870728525743
0.6633571714275655
0.596374910297169
0.645782331390331
0.6430853386303542
0.6246277536052768
0.6426240090389124
0.6239360005535377
0.65622830425064
0.6856404340785176
0.6835822740086458
0.6450468450269892
0.6937884459654939
0.6836017804748474
0.6798036817902591
0.632486923489441
0.6416735449976
0.6397208886077858
0.6557695130323706
0.6669747065341098
0.6512162685392763
0.666927631244184
0.6565571731879674
0.6659196455227835
0.658646852837774
0.6600809348303608
0.673785928397343
0.6808978528460059
0.6927329764049109
0.7051812671494947
0.6761291794291
0.733287759749416
0.6313980649528277
0.6497556554910826
0.6123610546226598
0.6311632117027075
0.6496441429482707
0.6978462934778346
0.6568719620368242
0.6686381991633938
0.6566527175197081
0.7039575380370688
0.6964440306085015
0.6961030032561678
0.7114076340022683
0.7054050330206493
0.7201609869904824
0.6248372216418371
0.6291984384726942
0.5828843685792847
0.6787886351193732
0.6796748708288635
0.6587265818178719
0.6784376100312537
0.6728076025346452
0.6699061662643422
0.662622137838884
0.6879118517978962
0.722794521942192
0.7431225921977717
0.7161340108075012
0.7033971701895751
0.7361779912281589
0.694219986026665
0.6605580909514808
0.7350230176223032
0.7084110555253144
0.6885972658522046
0.6902543054663629
0.6493752895037714
0.688047463686442
0.7320080577400119
0.6994676169036511
0.6633971813108206
0.6784919681365448
0.6752567295842447
0.7497735987145315
0.7350152965504809
0.7516972311057516
0.730500787212114
0.7061129760815439
0.6703261965184939
0.720475728473192
0.6484276635259191
0.6978598209145749
0.7042646804226904
0.6294826227344846
0.6595556480622379
0.6954568924347435
0.7101583540109363
0.6657340133314984
0.7049805422333404
0.6853489726005503
0.672380449881634
0.6833704164930279
0.6106655341908307
0.7070761917551126
0.6708428600022086
0.680075782624605
0.6591754925718321
0.6833843439966849
0.6539584259123489
0.6554592561714433
0.760258128355342
0.715929499073992
0.6792874640393757
0.6696146570864503
0.6150483368173272
0.6744755264719285
0.6681259647333393
0.66652089353603
0.6477465897314894
0.6196963128946431
0.6952663827276871
0.6947761066017459
0.6604962534533446
0.6560635244258608
0.6882370984310652
0.6899652505973544
0.6942654512839378
0.7172807194715328
0.7186104676716782
0.6890578561005722
0.7283874124235888
0.6699857542226604
0.7340768952118962
0.7119982210519591
0.6796258747275365
0.6895017528342208
0.7421492149551218
0.6020311984688136
0.6601358977078728
0.6377779456319976
0.6499450942980941
0.6011751009965722
0.6663597305212342
0.6829525033421642
0.6334244615099578
0.6554671269487784
0.6348228794960497
0.673132315153432
0.6518645242906901
0.6442552850204936
0.6863108724300884
0.6451006914846361
0.6865531827035051
0.6640402204040141
0.6827687251697976
0.6440059384489409
0.698712350606113
0.6960143705133323
0.7093720837149196
0.6844619151998061
0.6998447367842973
0.6448571575028283
0.6854454767690337
0.6640388061800288
0.6804035117040892
0.671461232231807
0.7147967297846946
0.6218652751995206
0.6768300184767007
0.7455009142143314
0.6953693649144287
0.6217021933387019
0.6684704396846498
0.6044467857829636
0.7123122477249552
0.6788807637436876
0.6701919555257534
0.6168371864606998
0.6601959899399827
0.6694375821307509
0.6286034572016638
0.634905925754658
0.7023404475703583
0.622017041807305
0.6981001179754478
0.7024552588226844
0.6680279030503822
0.7029675239185285
0.7005870565820222
0.6951251723925963
0.7425480643251985
0.6623399489497157
0.6607490720339523
0.6830691189998991
0.7108414308719725
0.6728953799365872
0.7050888526059405
0.6583915367114733
0.6358870439978369
0.7039894876342505
0.7154947989676492
0.6649593567266201
0.6837999118217408
0.7413827066397056
0.7046390499432881
0.721122724917066
0.7244987510572501
0.7013906687438016
0.6942723764793964
0.6676806667979983
0.7166470190804441
0.615124240330286
0.6799440148186127
0.6886800348804988
0.6680979884834072
0.6412858749846765
0.649869436348979
0.6627323743468031
0.6961276742044735
0.6834777225975981
0.6549118483190363
0.6561004895454013
0.7203012132074261
0.6535638690277634
0.6522975455511223
0.7148867755844814
0.6305393705738906
0.7413896172393295
0.7927910927451012
0.6623878079059216
0.7020178642091451
0.6594899838977651
0.7147491215213693
0.7119582044007647
0.638014115795077
0.6558840674711458
0.6384702957938977
0.6691226241212656
0.6936047856475845
0.7039281172212417
0.7461890361895736
0.654309306119314
0.69538273740078
0.6466340896995936
0.6904359274251763
0.6628035794499323
0.7166339272519597
0.712800706938886
0.6399807898803467
0.6213605278136667
0.6760613027640305
0.6587634958594425
0.6476884315312509
0.6708048074139727
0.659480421580052
0.6442417570822746
0.6385075007527076
0.6081309471427357
0.6199546841641804
0.6055081701673735
0.6279093493502524
0.6573477686883565
0.6615723213600683
0.6736583900725301
0.7009755268848119
0.6170712902325193
0.6478101971286756
0.6723878125664227
0.6183941006386925
0.7314043801873124
0.6883037300040037
0.6536091075038669
0.6965889101793513
0.6882467218945818
0.644156204045131
0.666019422085813
0.6794523148032686
0.6722940125121345
0.6947620290021876
0.7314043801873124
0.6727900670634114
0.6645544481201394
0.6831877093126026
0.6256680996294904
0.6605564459162877
0.654530726832117
0.6349235432636977
0.607620628999264
0.6370280526977196
0.6592009536158965
0.6667813722398712
0.6498777638429429
0.6527395104651006
0.6134058550309466
0.6107546502771184
0.6186580406210777
0.5944200124356701
0.6508018057336852
0.6814963736783289
0.626399284938636
0.5740748201823381
0.6472499974177102
0.6614420343242169
0.608096300786383
0.5996366926718132
0.654946896239796
0.6556046754108901
0.6342019806127155
0.6338491265232516
0.6327354525008408
0.693237021483011
0.6713578698075708
0.6205184559655722
0.6179875295918403
0.661117822312253
0.6304613508502827
0.6214596074601817
0.5947823794112527
0.6413213067663006
0.6305427292866993
0.6187988652448884
0.6440104561175153
0.6631672040402217
0.6379340882019577
0.665720183658169
0.6407947924585162
0.6810030287868903
0.6638874610420589
0.6945112144469104
0.6682980800783571
0.655098246731239
0.6848691813874797
0.6636109686937852
0.690456845793805
0.6880550647301875
0.7206908369242565
0.6192398620284552
0.6801335343422682
0.6887153646207012
0.6934237732155742
0.6899002203793041
0.6985952864847257
0.6787240988288815
0.6579903133787656
0.6492438293533161
0.6466749591147245
0.6527170892875951
0.6063970303077423
0.6691307442663039
0.6483787771162315
0.6407261401755261
0.6983287338858168
0.7105315469375465
0.6411281827535786
0.702442970052917
0.6835453308961064
0.6656967144805372
0.6590596257949285
0.6429488523171853
0.6759275017158214
0.6686707936432849
0.6769587415645714
0.6763390281809206
0.6692545834857249
0.7069807530210744
0.6729915804184942
0.648107573501832
0.6760508662947279
0.7081174476081203
0.6753045331312573
0.6564688132862415
0.6858941163188174
0.6982347388571873
0.6472184081483825
0.6860228787247449
0.6969961872577862
0.6827583658525578
0.6932496575758953
0.721778012106658
0.6861376743863303
0.6862748809964185
0.7019390050754786
0.6500550776484458
0.6741590435342452
0.6651373534702462
0.7345009417992034
0.6938564844198277
0.6813277827876065
0.7119213513842779
0.7015561848168853
0.6989047183324368
0.6906593967459788
0.6756543824308087
0.6877205527451575
0.7012680386050162
0.6773162325883394
0.6757972281593321
0.6712216044186026
0.7055037655485711
0.6956658032831712
0.6894767471573954
0.6515044618127265
0.7102503441215543
0.7159396166406506
0.7314452009962857
0.6997101945871894
0.7413896172393295
0.6944494263561061
0.697758759749722
0.6679126371108227
0.6686788813529762
0.6308191995881011
0.6266551800454248
0.6734704157914981
0.6498682029833641
0.6455505912828072
0.706469689505974
0.6978238323938271
0.7251923857757984
0.6705910813107364
0.6878501746005145
0.698998789089783
0.6320688784954193
0.6451213210000706
0.592585068197592
0.7235844247921452
0.7005143354497347
0.6576179905474316
0.6607513629620932
0.7081746676629329
0.6402805963154815
0.6920859843802096
0.6511172175834681
0.6639429107696309
0.6664974927853057
0.6511990727218442
0.6752799453698366
0.6521020433310821
0.6631254617487826
0.6430984190233338
0.6758668487231085
0.667817005953412
0.633561948725726
0.6826222364015214
0.6727884159203747
0.6437101620308843
0.672837919030495
0.6396520789434974
0.6864585025917049
0.649927874264403
0.6383686142568727
0.6412066463637978
0.6590725655282426
0.6714912285205366
0.7119438829348262
0.6260699741535231
0.711924730479864
0.6336018409491994
0.6614038283084485
0.6719685246142093
0.6721721977868926
0.6894392147796649
0.6858766399931394
0.67872807822633
0.6429034070975905
0.6379235256961792
0.6882823109760293
0.6386059134452053
0.6662040113831579
0.6932790592103198
0.6885379972702083
0.6819935413333063
0.6595227084842785
0.6785309854990897
0.6911639467229062
0.6380903223643631
0.6715154191438979
0.7116213796701236
0.6688702722836801
0.6802425641704115
0.6880392097127145
0.6662676701832237
0.6568610726482753
0.7162783635328276
0.7206500067225001
0.6957459454667281
0.7032331775620576
0.686721458033555
0.7027490940858493
0.712316422529571
0.7096503139630818
0.718935496221861
0.692460213244294
0.6637663301783315
0.7014654786462416
0.6450860766476608
0.6513169683655745
0.6507595658281221
0.7330780831623827
0.6434501372174364
0.6455404996190388
0.6199681575377527
0.6455325893595956
0.7270952917709319
0.6562743692584326
0.6689265170687881
0.6678883738667694
0.6268593482259988
0.6591749537528167
0.7428482640933489
0.6116457651740331
0.6073843866640677
0.6458136079040999
0.6423056519806283
0.668106500042382
0.6842057109313843
0.6452681340206273
0.6214346034413889
0.6458094856087736
0.6403568373602377
0.5811972158336477
0.6136015225902882
0.6264965210596128
0.7287051677961165
0.6788086602154113
0.6213596785214638
0.6882841329806878
0.707704876579977
0.6096749011499346
0.6815372722683842
0.6722131918973714
0.707704876579977
0.6381110451976165
0.6522537577454516
0.706349101717903
0.6505633116096817
0.6663798453617799
0.6998620582191523
0.6242193431319327
0.6785498595001793
0.6737317148495169
0.7041635592269336
0.6441235577770625
0.6500935499331186
0.6839399858702815
0.6670404534404003
0.6559146005450232
0.6883580268773143
0.6718047759478097
0.6270619373681863
0.6582067125107892
0.692507809027511
0.6335243809175867
0.6118449411459717
0.619321242523908
0.6869234397417944
0.6575324522380643
0.6820066119888747
0.6429392118184014
0.6693519944686346
0.6639180993456936
0.6683257856451074
0.7010553289989981
0.7310397715049439
0.6797774712177552
0.6739392870409133
0.690732177475829
0.6643862978017839
0.6435947193317693
0.6773550188453548
0.6900539210538679
0.6859155883268304
0.6828291154927203
0.6731301822921932
0.6997821084351461
0.699824207114218
0.6838788914136926
0.6919429618312084
0.6718549245556721
0.7017071800199718
0.6864075048575272
0.6981218553030424
0.7119142050064168
0.6963604382379772
0.6482822709410971
0.7092469300982314
0.6978417558775819
0.6615096190621673
0.6863415757982909
0.6892628155323005
0.6917265408272706
0.6952357043405084
0.6922252287204059
0.6756735406524726
0.6814680374763282
0.6924120866521538
0.714525722297389
0.7035757968323538
0.6886832479118242
0.7057731797336517
0.706310080610057
0.5991426133778915
0.6717854801567591
0.7076354173575746
0.5944705462551966
0.678833650698345
0.6291944210972366
0.7089710202460955
0.6748153109965188
0.6330052560309806
0.6144545482951252
0.6586923266265016
0.6786573227490439
0.6519039322192721
0.7032501479515741
0.621386829819312
0.6584666644806177
0.6830841085335603
0.6298961873012496
0.6510327450291619
0.6656998412123357
0.6589361368095871
0.6452280068708299
0.6466205672305928
0.6538762522551657
0.6893406341558377
0.7014418504109734
0.7182412287650138
0.7159152355185393
0.6859388048624723
0.7181684128612911
0.7708348633582601
0.7219482775107503
0.6942180138930347
0.6428967751948955
0.6638445048553911
0.7319509317743509
0.6444617945133219
0.706769461517485
0.6507829341921886
0.731958641252029
0.6718639196168746
0.7253106658580106
0.646135265099803
0.6338453779740103
0.6729999941731611
0.6457592268572558
0.6946907636967575
0.6850725312966699
0.6632019893623459
0.6952689146292241
0.7016542711320887
0.6883407222154612
0.6546688123061156
0.6846664440471033
0.6416921632906553
0.686148066345673
0.6677310626351152
0.6771583888745445
0.7144731293019855
0.6869607163306227
0.6580671863046734
0.7028477042319167
0.6829909563606972
0.6428588435027744
0.6631133438072597
0.7073641841292392
0.6817080469548337
0.6855155087346813
0.6668377626544637
0.7126685372228991
0.6880602657868421
0.6342326574012745
0.6764473835219214
0.672555324626262
0.6498087648514859
0.6820103554667732
0.6596950140265
0.6802536130106177
0.7582211427892318
0.6607593000157126
0.650019221127645
0.67296515610039
0.6396812989420727
0.6922951785557496
0.6667220500553975
0.6891813853902474
0.690188562755611
0.7021919283895905
0.6564200068239687
0.6284886306351075
0.6857171170313789
0.6599264495402271
0.7007670309495707
0.6962959915474389
0.6676291703765698
0.692758448041394
0.7556906003960511
0.6670458160857983
0.6565981882638737
0.671373760840797
0.624645367969375
0.6835043864992457
0.7188039038883702
0.7045573100240188
0.6359252694669641
0.7035497607554095
0.7232049599117543
0.6563910016392278
0.6932793548629899
0.6885627941300011
0.6640966255779293
0.659467831124459
0.6665880806108203
0.7253755363110536
0.710779178840829
0.7319896894277749
0.6885760468100769
0.6309435324544513
0.7236049149574739
0.6709754553574261
0.6601644021956135
0.6485099825553311
0.6861368603349027
0.6010087209696846
0.6801746429661103
0.7134891866993744
0.6790192713188149
0.7141795373319055
0.7114486875613367
0.718583999974625
0.67984578632157
0.6815509242077382
0.6825955217955427
0.6792790872436999
0.6791598446528343
0.657143571627335
0.6675612611433908
0.6783115661507507
0.6949836765791775
0.6593993841383972
0.6466075191162404
0.6845601486686586
0.6885113802961306
0.6752522973027011
0.6860891544767531
0.6358368482382718
0.677129696944834
0.6740336972213709
0.7448092353853168
0.7115819937856781
0.6769509888124083
0.6806208910287516
0.7022767431479754
0.7004507984231302
0.691026816929899
0.664365110731011
0.702453374231455
0.6450741326162603
0.6167238282095814
0.6846163367283031
0.6624066531819979
0.6212437951490178
0.660772504675497
0.6815868173641866
0.6061572746310715
0.6937002606598017
0.6480184955906849
0.6836374552072075
0.7022919709518121
0.6468037447546293
0.6726854682339076
0.718132208300816
0.6630631178921441
0.672897905056136
0.6472596843137578
0.6869212621395884
0.6440939021519211
0.6270784252176445
0.6700072807869044
0.7079856242186837
0.5758832891819967
0.6520970922004977
0.649485614917103
0.6040678897981527
0.6858823007807837
0.6844338921655936
0.673079230180561
0.6902797441086981
0.6468014898022373
0.6812582590929619
0.6131669650062052
0.6465724045313747
0.6946587464796424
0.6629236315547786
0.6659879521103473
0.6885866116871542
0.6316007096093024
0.6295599034340752
0.6660500646898191
0.7265199693479184
0.658179537100585
0.6756853886690547
0.775979984057997
0.7366023475119703
0.6751154442656049
0.6888052722725251
0.7085565164987346
0.6373520019931952
0.7014475422371469
0.633538781305506
0.6879209684599045
0.6064284305461202
0.6512664175336971
0.6598055162853576
0.6635576643298776
0.696596212341171
0.6740921746815864
0.6637501700993802
0.7170720722169344
0.6877906708832624
0.6601878975976208
0.6974591416778126
0.6993027473605757
0.6884094587671357
0.6568684349140533
0.6877112298076741
0.6884976832842421
0.6607905910379214
0.657099696538136
0.7133772183428587
0.7197427797776889
0.6935025158065322
0.7121555402865698
0.6465691928375928
0.6987669221962085
0.6586756400605218
0.6630322530076203
0.703655703027944
0.6883588115504019
0.6673131860377415
0.6756693641236482
0.6685378270591713
0.6557993920636098
0.6401954984727066
0.6809637989191718
0.5863893680057457
0.6603084963088383
0.6760668038608829
0.6640433024647446
0.6156344121296138
0.6168080781643871
0.6342414744582974
0.6527333477447793
0.6467651130195662
0.6655640694195846
0.6210280571608046
0.6949071112397535
0.652941174930746
0.6459184166562805
0.639388505304157
0.6645823272320368
0.6172779562161286
0.6705045319162231
0.6351516535266177
0.6586267843021802
0.6462913419987002
0.6555685435595199
0.5984485697689911
0.6109022122932244
0.6537540147570452
0.6408710421713903
0.61163370778829
0.6694982939073536
0.6868756409254656
0.6629518478420229
0.6432910634550885
0.6432871116714172
0.6121176126364551
0.6723345993619915
0.6283914062748304
0.6594705568538733
0.6953475378314099
0.6643407180223125
0.5934160238051203
0.6364653304913487
0.6602325639838917
0.6113814548606932
0.6312827508802069
0.668600055111928
0.6999182819580215
0.705173424111188
0.7029473762764328
0.6402471168558189
0.66792031608225
0.6332108002195905
0.670007974397994
0.6566944547067928
0.7150369720737791
0.6486308589926456
0.6651956721570147
0.6928198853864319
0.6605074617606161
0.6450878072143739
0.6519466119318097
0.6202085584335705
0.6558215246282585
0.6110007766328409
0.6432978481580579
0.6213048426986828
0.6358063973656263
0.6220695894993947
0.6822665481229128
0.6104815651751894
0.6315503915151179
0.625121746319941
0.6778897639353552
0.6551643925027895
0.6484578925637909
0.6437391550914504
0.6710429115548301
0.7028392049150762
0.6923111195862511
0.6771304521258735
0.6773991474875027
0.7234926508918503
0.6971517641161844
0.7052942758962565
0.6670765188504036
0.7003077167730618
0.6639137063219365
0.6635800831362407
0.6450607291394072
0.667465271930831
0.587749052284638
0.6613553755638578
0.6387191532502415
0.6613964899026576
0.6456918857165144
0.6430814795400843
0.6421640386042313
0.6550603142241043
0.6788250541013113
0.6966666954404771
0.6695791023206783
0.6465719079469419
0.7256094232597797
0.7304034421884046
0.7302958913287607
0.7109071180999945
0.659468547038315
0.632535598623576
0.6353733827314283
0.6677664512163249
0.6138596324736004
0.6787714717297182
0.6820645624177625
0.6730471650310647
0.6312478290737323
0.674325538252336
0.6632435096127838
0.6968495559804094
0.6724869489370824
0.645083654191143
0.6541811366370193
0.6231572300065672
0.6213612629904454
0.6342837584020156
0.6329838528298957
0.6997413823324251
0.7056578598746513
0.6452079464159971
0.6248936759304321
0.6506153829913476
0.6845057338549232
0.7175718238127924
0.6725148425108254
0.6460359675616155
0.6369649110350796
0.5699030837666745
0.5789559290043218
0.6170021083512309
0.6335726665478061
0.6051241178778
0.6722781599712012
0.6535130484751047
0.5786810073482004
0.5570764966501204
0.6289337076470699
0.5926663803791775
0.6279682093769238
0.6017423816414835
0.6146497790886514
0.6046031557172934
0.6943831023668225
0.5849572854557695
0.6598483746878038
0.5981542267498493
0.641798743771567
0.6272458889630896
0.5967082712974596
0.6565965692100605
0.6248441556497611
0.6476580801007799
0.6075267416545274
0.64511286086186
0.620178755847539
0.6364639185451523
0.6304517475080463
0.6316715850404743
0.6667677400535881
0.6435771995778353
0.6730859626430328
0.7032925387659993
0.6964648715410876
0.6399756312228357
0.6406147100363608
0.619346891242797
0.6452514083344982
0.6596972378160413
0.6227487098433291
0.6334274695774899
0.6415471249763798
0.6612002750071149
0.6342270546685357
0.6378695061369981
0.6234126520986274
0.6448978907377517
0.6729640176305767
0.6291625193004549
0.6796215578321676
0.679354005931686
0.6387159526539992
0.6484725558054792
0.6746565754709261
0.6462917006237913
0.6521835759694149
0.6777304611677255
0.6853227430892894
0.6308342365721021
0.6545604707219276
0.6752993485152007
0.621203570498874
0.647803684886935
0.6808994010563679
0.6662109511932149
0.6643454854557355
0.6822861072688804
0.6705389204550404
0.6587909271344741
0.6360185909561354
0.7131211792275709
0.6099144218531878
0.664708949519387
0.6291949925369054
0.6210254190821858
0.6040626308650536
0.5677897046714074
0.6609664672389173
0.6173630652054768
0.6592346586646501
0.6811129397721012
0.6284601066688019
0.6547946491963685
0.6822697161890466
0.6667582389529493
0.6277644000105851
0.6312951395708266
0.6182266365483087
0.6522966815760853
0.6440093824462976
0.6227747807558242
0.6462233800860084
0.6835709592994266
0.6783085914140656
0.7258440377465268
0.6924804845116302
0.6790895309385065
0.6706411602997814
0.65898999368469
0.6621024506717674
0.6844976192377371
0.665326782972361
0.6627495442990926
0.6738096414390522
0.6693497605093707
0.6511664061214366
0.6204823620614888
0.6669637507608414
0.664502484905032
0.6266424039925935
0.6579584625222281
0.7206494266400537
0.7119178879617586
0.6876958551505157
0.6877854033913388
0.6866317565385687
0.6950509210451066
0.6937975291976864
0.7101857066735869
0.6554217664010148
0.7489425194071031
0.6463323717997088
0.6795286640459032
0.6936058579021974
0.7234020433604659
0.7332399387077215
0.7314520088210381
0.7403559066247956
0.7400161747307021
0.7911610842956603
0.6967596596708218
0.6978279266938706
0.7080774422484551
0.6962608902260012
0.725800158660376
0.6707039281765189
0.7014470777280715
0.7179078620357763
0.7031122526828282
0.672029145088507
0.6721891821471478
0.6651014040230848
0.6774474161367842
0.6590326530069258
0.674786765210774
0.7043023982262897
0.680412193662221
0.7395773257948137
0.7148401058408859
0.6840302064410314
0.7378522243646318
0.6861745966757602
0.6582897735628361
0.7292773306075682
0.6834086623862126
0.7327851260794185
0.6855858222790043
0.7255576111051368
0.7370868586770749
0.7388934169888166
0.6997703979095196
0.6981346835122874
0.6916662857457566
0.6541863119331257
0.7681562275541122
0.7115025634590068
0.6979752811000381
0.6432595867468881
0.6925021804747568
0.7169094397883767
0.7443628552093178
0.7063764307305634
0.7270934271122641
0.7332111495362613
0.7035824594987855
0.6881924060075918
0.6817651496553375
0.7395628828325993
0.7261986255624046
0.7553807043603675
0.6962359802345663
0.6684747420265782
0.6608338161280504
0.627067764099202
0.6778383887927314
0.7231784312002099
0.6974279083496151
0.6451364153157637
0.6896652431835802
0.6925903661511611
0.6875735396509774
0.7141869879055291
0.6931881825814379
0.7489467650775963
0.7641255683840728
0.7225778491734295
0.7577313526248657
0.7180968686867865
0.7418403682374421
0.7432294290609206
0.7647263018723446
0.7570113308749244
0.7542109808980303
0.6906611569235072
0.7556382719303337
0.7303295415755137
0.7465775733450105
0.7342258414247906
0.6877383457308665
0.6851940416867807
0.7129139780375015
0.7037247401421644
0.6991515505932722
0.7388231490304031
0.7602637577687082
0.727108973356742
0.7018448609440792
0.6815588785417854
0.6667485603976033
0.7512484550631834
0.6989952794757385
0.7052825528225948
0.7136252325511416
0.7196554618276091
0.6894571148021522
0.7084947686894928
0.6675907842122517
0.6990369563578582
0.6706503033600328
0.7293202350085852
0.7803806201582147
0.6757318636371438
0.813678753956052
0.7549745501978576
0.7781881557189597
0.7980641663960281
0.7084779407382277
0.7657400157786992
0.7656893217120734
0.7752401255272577
0.8291316903048318
0.8099187906486945
0.8505450011009507
0.8219515545139178
0.7839416669655788
0.7425903941839888
0.8160752755115677
0.6888383502165161
0.8589550192400781
0.8450376362435632
0.8073952422360301
0.8496464756806632
0.8018778214201956
0.7686557388955142
0.7944134258657147
0.827428566054671
0.8205189433349719
0.792122615946551
0.822499914998694
0.8081228847312345
0.7885685393842345
0.7148990611031917
0.8083140579825148
0.817338505933001
0.8231581886850905
0.8017311200298867
0.7746181844318353
0.7509201909901326
0.6991788545160048
0.7578510213940765
0.6545846493869438
0.6736412062389839
0.7564933301884803
0.6945319641426159
0.62405544007673
0.665205387173481
0.6632713990498319
0.7499947442413336
0.7118063509172814
0.7076756304896804
0.6673626278716307
0.7636137371644486
0.6172594700121391
0.7500162028128068
0.6802927052407859
0.6874831792444794
0.6390586921966322
0.7468749685334946
0.6701832175020286
0.7167787707550689
0.6759268547024808
0.6687134270284552
0.6281257674782197
0.6161363164485499
0.6289559575543925
0.645773249503597
0.6717053577641648
0.6479919919130144
0.6453520023857938
0.6694283455113987
0.6693666893413848
0.7442442527175136
0.6286784242760526
0.6500461173452954
0.6445054555736669
0.6370205819366643
0.7442442527175136
0.6552405439927661
0.6596922856716132
0.7135158503836314
0.6817414977814342
0.6505358942147537
0.6870432557342638
0.7389293284778128
0.6714653463695741
0.6447603229436468
0.652948906248256
0.6916846798087177
0.7282945959933238
0.635978784424735
0.6288174990857709
0.6436120924567915
0.6745996067671969
0.7193349924196608
0.758154999025586
0.7457297239558522
0.6540305512862528
0.6053616531391031
0.7094146973605671
0.7269501366963499
0.6844433380586137
0.6501445949017115
0.6665970547615362
0.6899975379101139
0.6720812271570531
0.6893464922392539
0.6665118356194971
0.6628674447130394
0.7312652785987687
0.6943104276016169
0.7267043447034729
0.686588325815131
0.6842564310901563
0.7454137157544127
0.7120336380706537
0.6831506386015976
0.7048370532815966
0.6572992620996277
0.6815825897122123
0.6927716786777243
0.7075522792998955
0.6736512964511558
0.7133800632415136
0.7198962148475686
0.6700058144592578
0.6605016213335647
0.6978314130010362
0.6949514840019125
0.6920110552167741
0.6515967770817975
0.6884854607388188
0.7076359148458826
0.6916961264178878
0.6817424907871102
0.6792632344845463
0.6307671964249459
0.6917137164859978
0.6582549760152411
0.7013245079578598
0.7076913059243074
0.6202524066809746
0.659022262780892
0.6202788042133937
0.6242194386861679
0.6013399449040956
0.6983906279398846
0.6243016751385856
0.6860709786046102
0.6411630454557989
0.6993206987815044
0.7076648372136929
0.6159805476648159
0.6367530901746565
0.6551356951659213
0.6946871342977049
0.6721961123477312
0.6700389431361284
0.6774893839832107
0.6757247621241063
0.652698030589736
0.6204026010868099
0.6510118984202101
0.680915475267806
0.6072291657957154
0.6815576995753636
0.6017337815629118
0.6042537824196079
0.6607256198912637
0.6541801452925781
0.7104414565934577
0.7030492781334847
0.710600430824133
0.6438591490243335
0.7057394582153547
0.627211642705484
0.7104719618610436
0.6279337799936154
0.6323774350427134
0.6635993865343314
0.6440268992715134
0.667712789902298
0.6753512825428418
0.6371075388058863
0.6709161989815079
0.675011481734479
0.6649832898027649
0.7190790197287489
0.6745831588591098
0.6965727735957938
0.6868417805995959
0.6834050793714381
0.696111198818
0.6609026767491635
0.7326757598177052
0.6806458060091047
0.6675555705016807
0.6636393219337151
0.6715769121589171
0.6850689089778131
0.6978635646404616
0.678824181009188
0.6580036477214134
0.6494041602150945
0.6862533942587631
0.6388544187316223
0.706684479339957
0.6799132490807833
0.6782497943368365
0.6837143275258735
0.6342376280428674
0.6330320966295989
0.6199136937604461
0.6419770776978406
0.6722109614965807
0.6408667561860469
0.6311315154771059
0.6588115796425431
0.6771184417135635
0.7032925387659993
0.6964648715410876
0.652795595986301
0.6153930092725389
0.6320264383714559
0.6673917785614514
0.6509810260069282
0.6227487098433291
0.657003969830226
0.6795023103585183
0.6342270546685357
0.6370479499054563
0.6196317402315085
0.6555648059575012
0.6476802057994394
0.667554251594233
0.6491094858339469
0.673547375643013
0.6308727173263778
0.6432477873950118
0.6532109873161623
0.6843431646105265
0.6932902458131424
0.6306711889499607
0.6601639206525426
0.6303017245531145
0.6217625970777638
0.6306711889499607
0.6601639206525426
0.6303017245531145
0.6658814238252204
0.7027115127732807
0.639841805951079
0.6617642216385217
0.6643257306139986
0.6613175151569024