0.6342742412846479
0.6311736920465739
0.674540672611579
0.648423516327489
0.6350324483157352
0.625136436296182
0.6406508461208302
0.6101339587659467
0.587920185451064
0.6455872589497761
0.6118895057320569
0.5506696589655263
0.6213001813000514
0.575683334556262
0.5966302763405158
0.6304575944690355
0.6248002587039309
0.6232530350806331
0.6308071719699612
0.6489952452160154
0.6242896683207548
0.6264678511608976
0.6267244319647494
0.6436022381663886
0.6308217355766397
0.6187710268161308
0.6277584014064682
0.6012929580854208
0.6310043575844986
0.6053240282365762
0.6611704611057166
0.6583414747813733
0.641996823749322
0.6336438005335719
0.6172277431949826
0.6116698632114778
0.6327614267823081
0.6221165393057798
0.611404977392741
0.6634502994067577
0.6406352975586942
0.6224691664265835
0.6125970531210577
0.6203153609119453
0.6449351685643604
0.6194015349900849
0.6300207574223756
0.6315393185479985
0.6418770097861864
0.6497501627300409
0.6557433602952877
0.6073212420886324
0.6375332101971143
0.6178883595350592
0.6165053837170819
0.6105843493373126
0.6370823715967892
0.606723991196376
0.638710007694133
0.6214200029916631
0.6485206054306402
0.6178548353864767
0.6287540026378325
0.6129925171533691
0.6453555688649905
0.6539571208837315
0.6439568679686262
0.6157539279877061
0.6087148446368066
0.6079506867063967
0.6414657914781834
0.6396344674086901
0.6404798634424499
0.5967954207333435
0.6073264574406072
0.6349161536052
0.632367795774071
0.6118333465588529
0.6621406715035869
0.6439680119188655
0.653014362944437
0.6519143762727042
0.6289622541840896
0.6001597923516884
0.5939440142954836
0.6180075079013663
0.6065428573220198
0.6337577208456133
0.6208167311166402
0.6247542356516763
0.6691686424639796
0.629741228250603
0.6224791200899743
0.6270950317933186
0.6230725848085639
0.6779039594341958
0.6682852721453871
0.6414361190824794
0.6206003706829362
0.6471119233786807
0.6776653830641792
0.671072834872641
0.6673518329702784
0.6930472717038075
0.6676429720507114
0.6367920325323769
0.6796457205421785
0.6497937928984783
0.7022697284167229
0.6725716421280161
0.6655357459673215
0.6725762882242406
0.6802307076708699
0.6623224316306962
0.6644440811473087
0.6191692296026369
0.6531407394248963
0.6342111869071743
0.6652108121971563
0.7039526674224307
0.6414256447372659
0.6751948633361526
0.7003032895186537
0.6692810384195516
0.6625545634210834
0.6635589316395205
0.6998867934832466
0.6448589569904579
0.6418009417452698
0.6360860916668157
0.6500906203541843
0.6789744713810871
0.6772695478078137
0.705564290059652
0.678769738282443
0.662505529022803
0.6705619807999422
0.6319170185244362
0.656869241765848
0.6506707251317
0.651745400764317
0.6789724369637583
0.6841917531813337
0.7089120761328951
0.6119124426207612
0.7028198168625982
0.6493924769939913
0.6386738984060991
0.6718604770019834
0.6479743135871266
0.6400970880799461
0.6647322376572369
0.6334378933306392
0.6171222172866859
0.6595954598150571
0.6508820004633248
0.6340467761515667
0.6017274860176786
0.6636547746118496
0.6293336964793973
0.6296946487189303
0.6017371907510968
0.6112777681631555
0.6363338435571424
0.6326220810754699
0.6372188313612167
0.6306724982969447
0.6608759252759233
0.602567442365079
0.6352580565036481
0.6075066196115175
0.6331217921734297
0.59370515497925
0.6449575548658303
0.6419936518294702
0.6291070775119461
0.6123503903795104
0.6845524335338785
0.6596224020609355
0.6388657463878785
0.6079207689547708
0.6406963539905163
0.653713783440016
0.6507251656504452
0.6024826576804982
0.614882032108379
0.6640497575287534
0.6276790706470938
0.6266061744901147
0.707499724782647
0.6522700843648366
0.6390181516099508
0.6179176551364589
0.6011335924172803
0.6393141762800338
0.6222054392132669
0.6328807373227202
0.6606674910019404
0.6382877754142227
0.6582755660602617
0.6946672585646185
0.6864311106181795
0.6779091515839825
0.6597268503399972
0.6491735691995482
0.6463159866404957
0.6276829027611824
0.6273899462894056
0.6307604217846777
0.6058181556403338
0.6180787628639284
0.6582615565901719
0.6805313961574434
0.6385371323892839
0.6446641062356613
0.7027358228988034
0.6961448835635384
0.6511548062626656
0.6980368077956395
0.6809827456561559
0.672134728888
0.679786042914333
0.7153573006626723
0.6685041440509386
0.6711867412100705
0.667658547745314
0.6413132349711619
0.632403576177025
0.6378855475795553
0.6054350667966264
0.6574036155970274
0.6472752693712317
0.6423548634047261
0.6374993618325718
0.632525018911969
0.6433287941223138
0.6479829066335159
0.6312155312952904
0.6619526849493035
0.6660009547705704
0.6570796700606374
0.6202598718199508
0.6518607975349169
0.6419708754298054
0.6358257164342346
0.6242845170957382
0.6409346353723058
0.6156637604249133
0.6732169974612723
0.6534523364109941
0.6687904936027482
0.6526169592494667
0.6828463014614131
0.691706721125335
0.6421688215630632
0.6493863326404663
0.6584626003987224
0.6621750327093435
0.6439079151350637
0.6056632427942038
0.6248567317327535
0.6405457091709443
0.6586600299627553
0.6204057169085194
0.6365320753161526
0.6484753851790324
0.6522499345372208
0.6410749880805612
0.6182651706541559
0.6010506054150444
0.6573469656565303
0.653120125927316
0.6372935332303056
0.5850865646181581
0.6991765406128287
0.6415652161361096
0.610320941356037
0.6624050262740361
0.6553480309448464
0.6692289822473122
0.672734620475167
0.7111846459725046
0.6357948219657876
0.6410472827593873
0.628268940453154
0.6051877893203665
0.6456343886789705
0.6342390742949976
0.6241725724174924
0.6449044642996753
0.6238975486053759
0.6746958303493799
0.6508211131791969
0.6228748071112864
0.5829176394654185
0.6063755703416914
0.6456276201203203
0.6539860362730805
0.6403987673715252
0.6198258498092246
0.6478767886938591
0.7018428153185253
0.641456641635099
0.6470795267665334
0.6379271665493756
0.6391123196651319
0.6471538468267256
0.6495750037170835
0.6542228199214265
0.6376705209805662
0.58948366228688
0.6616167000538828
0.637925174683027
0.6407598467385001
0.6151899548294661
0.6174933742853814
0.6038041018002764
0.6302612389080021
0.6569144132953876
0.6303703349182415
0.6525380375492337
0.6642803354866249
0.6403382839338144
0.6498712151919537
0.6346353590359591
0.6627411989747652
0.6383997541705508
0.6510691479544265
0.6257853874978057
0.6590814580746183
0.5938602476323103
0.6416331037215505
0.6534136357272343
0.6184665129029102
0.6437127745587409
0.622228576208623
0.6051735370000146
0.6120442889141172
0.6377754448192091
0.6254375760863299
0.6578468544778527
0.6093764918326419
0.6084413736613938
0.6564598839693456
0.6350147340395514
0.6139766387995773
0.6318975531347962
0.6337695500219896
0.6226403210639453
0.6327926873079277
0.6131207231889871
0.651330257644184
0.622417654693062
0.6298203715413339
0.6262477929646525
0.6532489348449708
0.6444859126896002
0.6233937814193611
0.6268754519245552
0.61422631791118
0.6601356856375242
0.6624523310567276
0.6256292953398837
0.6254209492550729
0.6674935798618432
0.6492403244905546
0.620242923551642
0.6665923696179086
0.6590671630042231
0.6055775440373762
0.658105950104391
0.6766003413489852
0.6223644710571197
0.6751972132422539
0.6607290132582372
0.6542479818840814
0.6183304719929477
0.6312555306869612
0.6863096552442122
0.6268121782859497
0.6123212319739942
0.610790118968366
0.6358397727321873
0.6371117455469713
0.6523778645154679
0.6488751832550147
0.6572594082174125
0.6880539758182829
0.626638182744944
0.6411153767054302
0.6657885479496884
0.6527103199774015
0.6390807805649782
0.6493281499762731
0.6302038286249729
0.6268082141975416
0.6299124392177853
0.6387910217221106
0.648188729266189
0.6497171791268499
0.6522278680168982
0.6369867198331828
0.6266543677245626
0.6381372252521489
0.6394869115755195
0.6520955354594887
0.6325335576085714
0.64860883709712
0.6198459489016874
0.6536951549523374
0.6445088923588108
0.6401427659720258
0.6334528217482145
0.6439067975384297
0.6592311355265553
0.6470437155996053
0.6404363849888474
0.6407029372498658
0.61832444512508
0.6467819964829773
0.6702067072112117
0.6199239041485438
0.6545060246695925
0.6502824864074236
0.6376771225512038
0.6248711970320182
0.6387671333511185
0.6098518361952996
0.6579467306234784
0.6385709258874545
0.6089949964857406
0.6806064779215956
0.6507097900202207
0.6714010951414253
0.6609360216282035
0.596308784883582
0.614331049223715
0.6396640231262375
0.6274185983084292
0.6432521748344351
0.6129379222618019
0.6346383321443777
0.6129144255123626
0.615055424018191
0.6145628086642465
0.6038633909865716
0.6511661105697535
0.6194313690038178
0.6538047695121458
0.6163369474279864
0.6354565420064877
0.6191617094274936
0.65716642707132
0.6340651170325068
0.6182726570817867
0.6374594285854035
0.6535455371532715
0.6585916740283672
0.6392950890639023
0.652958781944288
0.6598870097387429
0.6518773015370715
0.639532760859204
0.6395326961076069
0.5932396402241382
0.6188702524578928
0.6547922821214415
0.6650316498410179
0.6468317325968633
0.6572726160267398
0.6246948052742589
0.64537124871094
0.6434359386049239
0.6890175748036877
0.6498820572650421
0.6598030726895487
0.6851711482586113
0.627309983406407
0.6266028189330284
0.6330446281908111
0.6377732137400801
0.6591985046367951
0.6144651546747919
0.6494561768493049
0.6451756728040384
0.658713517262624
0.630794737745882
0.6239993629028481
0.6567661177900803
0.6486312385923731
0.5980896486078792
0.627792230208367
0.6525803288493256
0.6698528503761327
0.6825173896341457
0.6827269327223932
0.6427444076188461
0.6268107944885493
0.652422991169816
0.6454589885094976
0.6409817812949277
0.6330400481732833
0.6643530222085423
0.6993099949305654
0.6424179573635024
0.6263715134924016
0.6749835231941318
0.605433525610168
0.6509074927360633
0.5951999036975777
0.6508705540137634
0.6451853047623937
0.6436304229663778
0.641815997036529
0.6628550708183221
0.6390279385706267
0.6616946885445244
0.6307476638147506
0.6624861322662942
0.64543782773626
0.6570027192583254
0.6476868166833902
0.6170805991651657
0.6799055421438049
0.6272137670430449
0.6450862882613123
0.6648812812102495
0.5906533508248604
0.6551014604775913
0.6553741813267348
0.6456120127244689
0.6510950208836984
0.6200937724463057
0.6385876657660239
0.6615846368266245
0.6485493314142649
0.6228169493322657
0.6542616250741595
0.6231985522936331
0.6099639163920229
0.6331042408906471
0.652962857751712
0.6497087765503573
0.6359482908208086
0.6355110363012884
0.6563118875785782
0.6458623342817006
0.6212672996856552
0.604230703155629
0.6474911171996831
0.6431066162871254
0.6227385348486183
0.6347109298620074
0.6316577832009997
0.6483859137567239
0.6493573285400425
0.6186563726403607
0.6334781917815685
0.6445805913160745
0.641689803615055
0.6309723243590419
0.6048978757631022
0.6218277771187203
0.6551186148903425
0.6230737336946817
0.6289673368221186
0.608970040012413
0.6471343844806732
0.622017674570912
0.6169326958494955
0.6448458441197845
0.6291731316920653
0.6304520108115443
0.6241278380937957
0.6199371541313443
0.6519924493398374
0.6199041654844353
0.6010524358039772
0.6784030673433402
0.6188360772368706
0.5906427864887435
0.6409352521951766
0.5813114175296031
0.6146464118215132
0.6402978136864783
0.6101220537118506
0.5989854010845812
0.6039953199524266
0.6268619487465915
0.6057612689033395
0.6034576755626778
0.6311429420703206
0.6902864223020436
0.6597726289868472
0.65339165717303
0.6469106033470873
0.6916325686034466
0.6908109115197679
0.6196251214794555
0.6352649055419777
0.6947770774208615
0.6797630632853086
0.6610867141255282
0.6432510049741144
0.6539520556650041
0.6822608520033827
0.6502337099585045
0.6138246086691909
0.6317612775047525
0.6164473812030455
0.6694943469045731
0.6217148086234706
0.6883913815243826
0.6594580255132788
0.6335972930746743
0.6822608520033827
0.6577859105939186
0.6162024509137812
0.6706384726502422
0.656373474460506
0.6536722764443421
0.6669152923888392
0.6829903666232887
0.6618047081259467
0.6559724095266866
0.620410602672993
0.6354962420916176
0.6584832443100114
0.681130900293798
0.6697917399124498
0.6462676110796184
0.6298508028101115
0.6189897346198787
0.6691563360925955
0.5917619645857535
0.6154150816152395
0.6028798075833653
0.6945183762881548
0.614096868028465
0.626122236549017
0.6355118046017515
0.6430817795627074
0.6319296440211134
0.6162810409579533
0.6685972884645457
0.6336844146232306
0.6652613242367029
0.6706125669686831
0.6372371441390721
0.62166806584945
0.662672251474611
0.6175849112698901
0.6050016798006465
0.5911288275608535
0.5960232744505464
0.6243273377692854
0.6098402563864466
0.6531211490055572
0.6681149440582927
0.6243244909427355
0.6619003996163035
0.6365779325221856
0.6559573174216918
0.6604190356246277
0.6665470501523394
0.6790328362576242
0.6589480439840822
0.6230148142899469
0.6842880427952619
0.666772468416675
0.6371742288384984
0.6083854065239016
0.6611415267030938
0.6364225210812929
0.6152150184712396
0.672928240658176
0.6708332471471178
0.6179555700223335
0.6411357973661376
0.6501467760128267
0.6251309424093239
0.5921657929752845
0.64572114149433
0.6693734696437597
0.6301594433292137
0.6902390259064003
0.6162875792630064
0.6583321261828218
0.614508163696261
0.6317591943378861
0.6352731811763458
0.6081357844850948
0.6321500019825379
0.645693404231451
0.6586754014727674
0.6365478414442584
0.6361377591518004
0.6653995707183754
0.6057020376451042
0.6358556965139143
0.6270541069502389
0.5883337986963221
0.5960259252272485
0.6168103293299635
0.6255987599438368
0.6296184185572486
0.6057860309898936
0.6532700321235522
0.6401263597413249
0.619246614599487
0.5898926422281764
0.6316320870569782
0.6264811020203197
0.676429074442459
0.653306694121186
0.58645504128006
0.6052922469491284
0.6457308158763891
0.6021812045799536
0.6283081775306302
0.6572056003493811
0.6573839666028096
0.6410942196947628
0.6209038398830709
0.6575974380483567
0.6488457336616602
0.6167410317763822
0.6234979306221101
0.6537067466480153
0.6718249702444046
0.6586406356102704
0.6309166875918958
0.6531013273398447
0.6674353459781923
0.6721377028670971
0.6540133472064731
0.6065693783060561
0.5993738828531966
0.6131001131244429
0.6728368199990638
0.6407368461346007
0.617210101596434
0.6551186148903425
0.6566353024397457
0.6533869509119844
0.649722299696691
0.6303741666619966
0.6203056809141719
0.626967624143958
0.6786174566651932
0.6759564879449363
0.6496108400622881
0.6378068345670238
0.6338673071062655
0.6309562746892777
0.6477718084329841
0.6221239117764549
0.636884473657433
0.6952553008997227
0.6315465908849149
0.6433232312687928
0.6085676399206865
0.6448714284653992
0.6516782961319699
0.6594508307677448
0.6463473310323605
0.630889333847957
0.6153043114363685
0.6666090484066264
0.6337409927379245
0.6195326293822525
0.6480928143868218
0.6421565629104009
0.6395275978622739
0.6295366728125824
0.6329333802137471
0.6363868306966118
0.6228960118066247
0.6386092556848071
0.6516707648140408
0.6721584836668394
0.6353118279948448
0.6455365432031565
0.6073750000772475
0.6561606000002405
0.616500499211206
0.6314542701400899
0.6459532645493062
0.6205743943284778
0.6299326193569386
0.6674273983495628
0.6575345065669954
0.6346897934956405
0.6481924370584977
0.6547790526292872
0.6361212728083984
0.6552839466481317
0.6565132504573373
0.6120673819336326
0.6280669631486822
0.6344758798952019
0.624021964652503
0.6378767595233716
0.6243905514712792
0.6171351886983475
0.6635375889689141
0.6601698164746571
0.6224352573972726
0.6106730924529996
0.6407902433586481
0.610129001746472
0.5803163413867533
0.6227272219348596
0.6220887638405331
0.6363005424130872
0.6225977351138201
0.6596868063008072
0.6158865138333532
0.6468243086083558
0.6788849087571268
0.6494384655802227
0.6569961199502375
0.6561944442609322
0.6284501368285149
0.6852479930645894
0.6278668519263824
0.6640230203403026
0.6601518700523216
0.5998041542333649
0.6151778826701734
0.6381624140956856
0.6203669754829505
0.6369367226920822
0.6168703729876921
0.6274207926394318
0.6683575386435829
0.6370354722977675
0.6561536662991636
0.6566956243541616
0.6352477676173764
0.6183102809002479
0.6727484708165172
0.6126182781704143
0.6394506522249668
0.6184795997243863
0.6389715881259129
0.646504820603378
0.620933048213669
0.6523930593011886
0.6296616391866677
0.6187215630350618
0.6577895538935981
0.6362222881773798
0.6185616920735795
0.6435703125246834
0.6513535008940721
0.6497976902467036
0.6479853531338923
0.644167818209435
0.6344871041413346
0.6477026526363386
0.6544249467214323
0.6915621953974354
0.6677371802697145
0.6065657967240325
0.6289218465082439
0.6180238948441453
0.6677371802697145
0.5948059198697392
0.6059324473187251
0.6419258012347565
0.6121507729740525
0.6291991694907566
0.6809913692128514
0.60555117308715
0.6803710827333366
0.6351369849201027
0.6403129656387923
0.6060999954269669
0.6460433085864912
0.6709009758497307
0.6515273560119217
0.6072982148617656
0.6714318251661195
0.6513295389212305
0.6320927386157066
0.6363967164944307
0.6174102846720524
0.6635322446158131
0.6444068228597422
0.625484977793616
0.6686889538831837
0.6592574730579929
0.6024477913331554
0.6112243144433297
0.6805010270092513
0.6894370206402367
0.6271809602841686
0.6657320068828358
0.6489351053380752
0.681401682361213
0.692455934404929
0.6158805863139803
0.6469541134983284
0.6159024195395228
0.6052198694877424
0.6123145809212613
0.6183312051685425
0.62954459765512
0.6139170314336952
0.6414477560958193
0.6968867680784966
0.6313999208072935
0.6965720958080133
0.6579121833978926
0.646069861500736
0.6387485904915811
0.6630854610509427
0.6064160788340464
0.6262049368654832
0.6280456215407525
0.6087629389116367
0.5857819414554725
0.5756888677450589
0.5870746500914251
0.6394373891039935
0.6144040076399931
0.64566367842577
0.6530769461942391
0.6619917418019213
0.6261719470896805
0.6378967788776637
0.6439894342826858
0.62942702368114
0.6322246863415037
0.666222304018889
0.6230460776586241
0.5684667816392747
0.6285800790018332
0.6811309387848016
0.6509217174488556
0.6655594110635197
0.6688528261133608
0.6275579137728774
0.6526825523642033
0.6499558198417501
0.662316533061537
0.638680718215459
0.6308795267868709
0.6247773411475591
0.6458824921206613
0.5872409966532873
0.6420890003889939
0.6449803904669621
0.556829147796197
0.6241906886393215
0.6515730155650119
0.6267959081498526
0.6161236634793171
0.6458755964295252
0.637183773056577
0.6811361201254438
0.6617348547438912
0.6253908408739615
0.6285007637250375
0.6465023451655035
0.6361322456717484
0.6371192586581098
0.5966696619702295
0.6733552053104294
0.6060808693849
0.6510793075517725
0.6570251889309928
0.6265071430227459
0.6757049474888235
0.6265056876463315
0.6865053645473291
0.6455345398890987
0.622935714845153
0.6305314545132977
0.6691854969301158
0.6694425496989326
0.6369164100501192
0.6180483842569188
0.6260156236217338
0.6437397708880562
0.6229251512066436
0.6099071630877976
0.6222629841416735
0.6344136748643069
0.6547631311458537
0.5902808845210371
0.6544420435003306
0.5876274021041047
0.6353269303026085
0.6535772351645236
0.6499389873680264
0.6247632444642185
0.6358819608184592
0.634481736808579
0.676519668221425
0.6699496950741868
0.6639748829033866
0.6204247478734339
0.6267497614639489
0.6283006764313905
0.6337797795426796
0.6329593395437478
0.6428671025739211
0.638761020859584
0.6403206266643569
0.6303684832992869
0.6282705370321587
0.6063698001299404
0.6152211722452695
0.6494092231412483
0.6350740134686911
0.6435292977400594
0.6313462665356128
0.6381098329847303
0.6267827638821171
0.6360154958695898
0.6722621599841336
0.599684878914267
0.6549039921289921
0.612911836761236
0.6099613461240643
0.6541402014973299
0.6304056378864004
0.602824711802079
0.6677271733147196
0.6673415360548832
0.6356833786257625
0.589801133283551
0.6486184946438881
0.6729534268606919
0.6496616091815892
0.6087469295362483
0.6116496802057073
0.6428301535914612
0.595889359399688
0.6106713116090349
0.6653209453772332
0.6216768134885888
0.6555623746099297
0.6339860062859026
0.613244249087524
0.6502087729184539
0.6348921951414994
0.6078040570420078
0.6281519623658527
0.6111040481933111
0.6338080579554491
0.6264122286236252
0.6427183515681042
0.6428467897458289
0.6303631535538923
0.6126949113510575
0.6198395817325683
0.675223725668876
0.627344030306048
0.6779819432119165
0.6795343368276237
0.6264416853207115
0.6439105626270166
0.668338636781074
0.6382359492789725
0.6467409099632202
0.6620692929973306
0.6250956302013132
0.6116778107910638
0.6310057258491464
0.6543923892279891
0.6344473083897924
0.5964367946547285
0.6209374996102949
0.6154671016028779
0.5872186305095599
0.6452051678416862
0.6448034630789918
0.6500416187120963
0.6579124831911102
0.655907643904635
0.64749923581614
0.648933249413467
0.6450643850604629
0.6199094085614979
0.613226881939047
0.6627953221372436
0.6319932090069208
0.6640807092507557
0.6587119625308111
0.630516340801009
0.6667293062298174
0.6010080470884022
0.6584728284706451
0.6575601865673208
0.6308885013630517
0.6395162472267506
0.6534967840668431
0.6480347719066277
0.6459408257775524
0.6520667657349715
0.6685150069158529
0.684221159307729
0.6363061093660981
0.6623977534265851
0.6631242198598305
0.6516245179251082
0.6862094712501983
0.7096755177431465
0.6729241648309596
0.6450436192983205
0.6574202621161581
0.6283677805260354
0.658614562860471
0.6699173506180408
0.680668981379016
0.6894922736675273
0.6650328277905886
0.6469704369856183
0.6468996198102318
0.6077806590077953
0.6522437916344134
0.6439081300971919
0.6548256100671571
0.6297046018533629
0.6281776950736373
0.6403008345885086
0.6562681750394604
0.6521272807364179
0.6652474751451518
0.6291924947613422
0.6379197621186073
0.6386670561102148
0.629633263179944
0.6608480792414317
0.6278893725114074
0.6504438218054415
0.618763695973388
0.6537679182421956
0.6364744718464528
0.6274672826869719
0.651422483516923
0.6569641651079838
0.6532600057729318
0.6506638762713817
0.6648249918770593
0.6367473464659399
0.6671544895677486
0.6288272748770365
0.6364630819377972
0.653582416655723
0.645331171897678
0.6745856340797334
0.6537770423414077
0.6545659730189454
0.6622763348648842
0.6561605093632803
0.6614873469920385
0.6633508839122294
0.6131950609922582
0.6013124452241545
0.6307548063928685
0.6442833459197689
0.6337013192039906
0.6357525816969554
0.6680638701078877
0.6528001522839507
0.6606207507735076
0.6399516700784277
0.643382526147947
0.6302805931973289
0.6025767212875016
0.6378148907540222
0.7859153442085487
0.6033611989943207
0.675637410893936
0.6340759311178196
0.5909846738720993
0.6301632540544132
0.6231798258025201
0.6296016740027565
0.6193072306547479
0.609164524139628
0.6217050833034063
0.5948039558123787
0.6265774681771132
0.5864438771060214
0.7777223310335466
0.741414258710672
0.6454275763027676
0.6124632212642906
0.6463495839035605
0.6241861515237804
0.6430971022197857
0.6574487326885541
0.6635995145521402
0.6608898900624879
0.6637144877643564
0.6486944047398897
0.6540591398319565
0.622111108302501
0.6744973199110245
0.6017622281747126
0.611159106839375
0.6051862061769373
0.6150394394296861
0.6140472670382591
0.6218360407528253
0.6136967976757584
0.6696539552621981
0.6701357892525543
0.6561034046361142
0.6573118548657927
0.6372434186715987
0.6405719584834971
0.6371215025828564
0.6612276975041121
0.6383006113999712
0.6513130507851226
0.6508299316884097
0.6279841336168636
0.6516710405361987
0.6281044908873309
0.6258876823849187
0.6434253874238176
0.6307589640043192
0.6204499305997278
0.6672421196004782
0.6214207325493468
0.6536714945985608
0.6518140071005213
0.6549187576831366
0.6227792728897231
0.6407331355556614
0.6542104087143241
0.6895713892829033
0.6140844769154079
0.6890866790381724
0.6142183148773294
0.6394041591101434
0.668357282596766
0.6520181535598225
0.6238530524266153
0.6401355549386117
0.6312525559461727
0.6301725525324999
0.6487544180917101
0.6157068286217772
0.6540084188649149
0.6347022000420562
0.6355858688745301
0.6600323226883847
0.6271913813552714
0.616706947594163
0.6358124050953372
0.6221815552233032
0.6448511095034208
0.6476042261718378
0.6600102186996427
0.6420192419242468
0.6411078535831108
0.620797321338435
0.640482721069434
0.6235038104496818
0.6180036858155844
0.5927896137375869
0.6215677255427227
0.5929937164690973
0.6045453256821
0.5813091696369541
0.5995001901556695
0.6229690794868228
0.624128086168624
0.6392213588116081
0.5831092118043848
0.644403220378993
0.6066614169634759
0.6231466034691928
0.6015009884793573
0.6369979959900749
0.6312327980450768
0.6394204131711446
0.6369638942315877
0.6161039014243371
0.647819638338011
0.6533790602219162
0.627215467060285
0.62891432153886
0.640356572775927
0.6288124352756363
0.6175910639269302
0.6382390424891613
0.6306233683417183
0.6439288501675474
0.6409820344111332
0.6296216350406549
0.6616356281195921
0.6594667332649785
0.630593824580768
0.6866768397532876
0.6517207636328687
0.6700786570159497
0.6620445091410209
0.6165402633245294
0.6424730578027833
0.6555490867505254
0.6355439093124474
0.6412273201660027
0.6583709476146943
0.6536588312034917
0.6147087668723044
0.6115025549149135
0.6185179776776167
0.6696407371545317
0.6544762012333938
0.6407051058018718
0.6618722696747396
0.6322806093936436
0.6511756417640703
0.6411651000567405
0.6537714845795948
0.6530703455534002
0.6607647966614877
0.6352241663426232
0.6299199101146771
0.6640113305030384
0.6464964785423949
0.6649443501761374
0.668959456453452
0.6518547848721
0.66673251091325
0.6197722993729308
0.6224106654017182
0.6142922623444577
0.633712483848628
0.6749208179793457
0.6452036761622145
0.6536995074464111
0.6304239003347836
0.6082631634512973
0.6065157375913135
0.6283195070617846
0.6612660485255591
0.6808568462591025
0.6590802345369728
0.6222537432270145
0.6379104287452156
0.5921413478471557
0.6437410195408978
0.65612879248983
0.6547564747438398
0.6272302722861248
0.6453155417350301
0.6997150964858234
0.640802782300481
0.6335507077438093
0.654985125108843
0.6169624275845517
0.5917491026474876
0.6444276410230145
0.6499639038114247
0.6380754933051402
0.6103254293034129
0.6425863615864297
0.6511091947480967
0.6173454824892817
0.6405499231071476
0.6091972727675529
0.6420729985077086
0.6632033475430008
0.6577454905422588
0.653632359371631
0.6624072002719924
0.6564509555456738
0.6526102859532388
0.6878461874609366
0.6264236951374171
0.6680826275599705
0.6643443197895872
0.674836895254883
0.6352886497184572
0.6076277319562607
0.6500186056173897
0.6802619822290977
0.6574668197711747
0.6256521838358924
0.6175804536768318
0.6832492158075604
0.6268936431610391
0.6178568465599642
0.6172734332070094
0.6199718244250271
0.6534508536690954
0.6349718763714067
0.7043928508670254
0.648759262456502
0.6329612855217708
0.6879362193056072
0.6491589542351506
0.6260767354082943
0.6797567591934998
0.6875548621485152
0.6348429272511925
0.6080013365659422
0.6314991555750885
0.5959445987387594
0.6277715202433807
0.6341095026889403
0.6647727084736091
0.6850095342865756
0.622465987474338
0.6404929361576756
0.6091489517294918
0.6261905657727993
0.6353239440421795
0.6791364949236054
0.6260500217659144
0.6401547234006512
0.636895887781216
0.6616971940919759
0.6542525075360182
0.644154838203928
0.7366348683375928
0.6387172352746304
0.6276783526730697
0.6956601577884597
0.6678172184372377
0.6497272588017392
0.6489656941257779
0.6538343486913858
0.6474453498559383
0.6724765960151923
0.6513146485561407
0.6273477327517264
0.6367318631009005
0.6185891727893066
0.6259768265107152
0.686214677930635
0.6509974602899129
0.6571375305044886
0.6773767778710741
0.6129481648779919
0.6037162813903139
0.6436484978739639
0.61720966636277
0.6566587009895196
0.66944174188214
0.659695609272296
0.6166226085581381
0.634206648360136
0.6378409940029454
0.6037302501160422
0.653014362944437
0.6045018681724579
0.6568544346583635
0.6254270660284873
0.7065012078624349
0.6565511726952752
0.6867464625927057
0.6405953283012532
0.654632163833982
0.6517253156604622
0.6459608281956288
0.6347152365698976
0.601074926175578
0.6287489069188501
0.6384918657823059
0.6038237352257565
0.6103537226254342
0.6063032721101146
0.6358247053126242
0.6230588186152964
0.6459292107393001
0.6206849431037035
0.5821484424267244
0.6097426390541992
0.6421960960010287
0.6301806054173937
0.6327520861646737
0.6131131050996407
0.5802727068740479
0.6332654527003612
0.6106810740661872
0.6256104255067173
0.6247487506303888
0.6049900704294224
0.6233051732977892
0.6456506081192848
0.6255381333882805
0.638809280376446
0.6099611257359608
0.6104278308904536
0.6085215763268007
0.5585868637400679
0.5814550347866084
0.6143231757340777
0.6118396076616719
0.5780064492168617
0.556820695220057
0.6202913095850281
0.6352032687371636
0.6175654529606097
0.589550764603604
0.6173131805544234
0.6193131053067733
0.5735813675899191
0.6145825675086486
0.6096611750553316
0.616988851976401
0.5891126261595067
0.6152925354087502
0.6128983101941377
0.5880462536351659
0.6112874303128449
0.6043507380658057
0.6161067594816385
0.5573687130443921
0.6147994865615117
0.6833286119589896
0.6562796080183475
0.6308638256402316
0.6617030461724527
0.6621667916210916
0.6617640294479238
0.6330852969604023
0.63607608785537
0.6103520888487335
0.6506452313316773
0.6289161509168095
0.628403815124899
0.6600131518865169
0.6368181664681816
0.6340319322312713
0.6443744890500969
0.5962304908096796
0.6120352565857885
0.6256500418887911
0.6432098989477321
0.6582138726356229
0.6520042808067358
0.6364819683948848
0.5970392585360735
0.6295555848187214
0.6247522984159659
0.6232946735557073
0.6438245981773014
0.6913144052943784
0.6637773784814606
0.6396954060554868
0.6384973506142757
0.6395823391647767
0.6865189599891361
0.6396408164138399
0.6635811870287005
0.6412443925113434
0.6444215462673152
0.6398574669371542
0.6796883480987587
0.6571760294716315
0.6657592938018106
0.6758138124883917
0.67779999117895
0.6767444821589284
0.615385673862227
0.6605670210143108
0.638815124468929
0.6250688858111015
0.5859081924613587
0.614498207008647
0.6417445323316494
0.6096138403930819
0.6355948171977974
0.630526353925454
0.6611048664562363
0.5837985250161366
0.6722651957723368
0.669190341894164
0.6686036403706214
0.6574836422447661
0.6585459141689207
0.6410635602707732
0.657973615080123
0.6331034001744196
0.6401866668227503
0.6299275886049513
0.626266980340882
0.6331306779852454
0.6230699356485087
0.6640822816580609
0.6039139239986052
0.6423542918473217
0.673166993961854
0.6240740639881498
0.6696853018064183
0.6249053930657766
0.5982393157820105
0.6905538959863806
0.6239210982248357
0.6631812442228567
0.6824702027861518
0.6541511019922698
0.6916389359780707
0.7196053001706271
0.653426634555108
0.6757317266667386
0.6437463716540758
0.6480510401369345
0.6481547449175229
0.6674890828624321
0.6823304529450348
0.6583712816362799
0.6193711137169037
0.6381401577847896
0.678750909438147
0.6630996850807737
0.6586015024864491
0.6689691241774629
0.6387245742026744
0.6619883178443325
0.6264093844541417
0.6421941673028888
0.6689691241774629
0.6686874345223618
0.650627854468673
0.6589557754507692
0.681074126750441
0.6475904095434476
0.6614170060568673
0.6414735568396452
0.6743258293149544
0.6595185921516923
0.6750280994904483
0.6473497382173827
0.6796583365194263
0.6515116830419914
0.6440733090700402
0.6274654953510285
0.6382486989879319
0.6231550039234012
0.6843469217637532
0.6699327969826185
0.6644769483968642
0.6520194936862198
0.6601441533513399
0.6541517797066412
0.6702920360785772
0.6647529942437609
0.6849884268083353
0.6597405200292892
0.6804363504548392
0.6687447716095427
0.6640401047590443
0.6420947554697513
0.6610667272802588
0.660150998912418
0.654039685372861
0.6455517943978646
0.7039624873805711
0.676975454564784
0.6756895912292693
0.6582644352942222
0.6537698583540706
0.5976919692812567
0.6402691237625904
0.652186724322166
0.6357817041284001
0.5972646866165925
0.6718650035523077
0.6630963362534738
0.6564328830442522
0.6465771798228441
0.6916083745230808
0.6480313182316354
0.6826699904776764
0.7461849334313666
0.6500149105904179
0.6495931802479051
0.6206583437843863
0.6475235286432635
0.6577638730121472
0.6359955901467371
0.6209775289958622
0.6620184273462252
0.6402029868955385
0.6658098676699463
0.6120380430174154
0.6232009508032884
0.6127590227238889
0.6403833150208101
0.6675102460385516
0.6717131876022978
0.6544746854156807
0.6172321351055345
0.655856212611183
0.6485765132458493
0.6348798455623332
0.6569986675478733
0.6654956419959128
0.6224291972601966
0.662663848592317
0.6356708545372141
0.6808256879644541
0.6389378358415694
0.5781446187953028
0.625630117497854
0.625678657316741
0.6617189260911454
0.6321402135487638
0.5830094864629388
0.6433903497975348
0.6593280904690959
0.6548120366049517
0.6727630446960199
0.6485849635664251
0.638278350525209
0.6531431347462302
0.6341884869715391
0.6642311346056783
0.6822795561417088
0.6416779174027757
0.6569774553670279
0.6574875719335035
0.6436710327782759
0.6449558311610287
0.6868588585975756
0.6733109400714185
0.6261442612256113
0.567360538757107
0.6432178536665162
0.6442741258665655
0.5932083565794031
0.6455152244448518
0.6678611450910326
0.6462679882825869
0.629232262477746
0.6460186667679598
0.6484726570767775
0.6120196376782385
0.636851766561154
0.6479774869867809
0.6219567099677746
0.5942042800705752
0.6439223880016021
0.6479731030382029
0.6386933656172008
0.63381412306022
0.6066703514129838
0.5952359731437818
0.6589643496194825
0.6311583836811352
0.6360547428397799
0.6237551382271941
0.6295378540846644
0.6167608366333449
0.5930180685293834
0.6016459906393944
0.584667332207594
0.6342010338267515
0.6483546762888245
0.6154264510466471
0.6798189419019118
0.6357090076061114
0.6375574786092688
0.5921413478471557
0.6437410195408978
0.6372240596295892
0.6630777412909792
0.6444804406458615
0.666961012562937
0.6777532960146514
0.640802782300481
0.6394037594616195
0.6426948912875114
0.5917491026474876
0.6427954428707607
0.6584382720386458
0.6789236696698948
0.6572263240954567
0.6310446545218464
0.6460300263446048
0.649694067312648
0.6655005995035852
0.628632037662934
0.6399524328504086
0.6787542412697845
0.6688488102611035
0.6666795650117457
0.6528843717043777
0.6226363593229338
0.6346644548213312
0.6666795650117457
0.6528843717043777
0.6226363593229338
0.6451458751241133
0.6274959390327811
0.6209142969020909
0.6346871608438006
0.6369158114744244
0.5854871576564624