0.5810112716941167
0.6505846292118836
0.6373462030262531
0.6281851247947384
0.6589431579039496
0.6340916874278932
0.6036268151428312
0.6054878897265682
0.6556761997342451
0.6592492181591729
0.709309623854355
0.70341811003777
0.7542050831163303
0.7352966601662112
0.7219985790913083
0.6907214591773313
0.6543564112870397
0.6754361756426833
0.6943345435855163
0.6513423083293585
0.6596003279944593
0.6272689231782647
0.6618291534814753
0.6643744967895905
0.6173842666413167
0.6162323209616596
0.619337457678538
0.6520784364524019
0.7048866186553288
0.7148444167574971
0.6670878292846648
0.659322705835219
0.6080839990234888
0.670606330626675
0.6558631492649575
0.6616079766043711
0.6657217594378366
0.5976522740388556
0.6162330823576577
0.6378405231046353
0.6478066427461131
0.5608626598306282
0.63788943514461
0.6990852486215162
0.6488277665334817
0.6387026574967832
0.5997452336304999
0.647651283363756
0.6344969001142295
0.6166423181369415
0.6343962262943674
0.6463900129829204
0.6527833307413439
0.6181900637434751
0.6754866272600037
0.6428600100143419
0.6898173215994748
0.6192143139239549
0.6402605825491209
0.6147032997943342
0.661921995274508
0.6101936489872191
0.6936744135559413
0.6438261879118776
0.6521803215504023
0.6285691918073831
0.6007281200812755
0.6238545880378075
0.6678863047249455
0.5992721360800385
0.6124994914095577
0.5946484065723456
0.6349610710671826
0.6459812457607857
0.6481413413684469
0.6484709775685958
0.6440784481535603
0.6198528677444884
0.691470570301234
0.6591181480235186
0.6625814119598038
0.6623012180977301
0.6245604621770942
0.6600635396950001
0.6356535678525016
0.6519182988622758
0.625832445360548
0.6555321270564685
0.6038547243276051
0.6522492218086969
0.7067346805071097
0.6877451129268717
0.6895486859106564
0.6898025246150805
0.7288468177632216
0.6895658765333496
0.6344824252960811
0.6046537677312293
0.6211631963137909
0.6064041020702154
0.5981114229726716
0.6513471425395044
0.611715565518671
0.6701790659023626
0.6523580026874805
0.6443140687188473
0.6150385660035729
0.6337722522420771
0.663552544109651
0.6834806489013049
0.6128571726368983
0.6813189745183951
0.7013011011440821
0.6655546722081649
0.6626702446280859
0.6081747664364927
0.6118125396942536
0.6236047728681635
0.6597526484433565
0.6546900126747407
0.6219836207754016
0.638102181468482
0.6242806620255542
0.6469270282266263
0.670057753939451
0.6535540287252486
0.6296485576016198
0.6557243981669104
0.6445466151021647
0.6281542509821593
0.6772549449651573
0.6269611142162252
0.6799873056620394
0.7218268451960717
0.6784811127622545
0.6760600552326824
0.6794182789568771
0.7011803042540061
0.6513632819017456
0.6698184333943221
0.6539408505873812
0.751376797359457
0.6310128179100072
0.672105506568623
0.6334943342077192
0.6117721097032754
0.7256051095100656
0.7540652196705034
0.7432173893693478
0.7069815492610264
0.6763362289032878
0.6631886285129145
0.7709788198922013
0.6846682339245808
0.7114697338713591
0.6995314972774493
0.6754191348126592
0.6784782942506903
0.6795781228283713
0.6682020347953713
0.6653577436098179
0.8102027234844527
0.7496328372074106
0.7027735662589005
0.7302971316598594
0.7431124841682333
0.7647548044747444
0.7508783453800427
0.7153482529109962
0.6365656233485499
0.8432279395397532
0.7882965525102632
0.731261698674063
0.7177732960215335
0.7402019507497203
0.7609849824116401
0.7640321158071568
0.7076722425100689
0.7009724373417294
0.684341507183838
0.6372997940293954
0.6690729743301331
0.652346469677192
0.7121675926676305
0.7779596694287484
0.6899091851659767
0.7913544667183777
0.8148687968157398
0.7473730511754375
0.6768230905970883
0.6767165099273895
0.7533982596164056
0.73838575546441
0.736975417880432
0.7553275292055421
0.7378356806329386
0.7790683250429563
0.7380657333711192
0.7239753148208817
0.7133231480374336
0.6991461946237638
0.696712443766891
0.7058977430209555
0.6803205378570769
0.7257171756343574
0.6903797406316632
0.6454720782049446
0.6758225019225295
0.6759620369966286
0.6481833315439762
0.6482261681888691
0.658745072576474
0.6491254449875506
0.63359545309442
0.7380781033736827
0.672958929385288
0.6640728637833029
0.7336288141160912
0.7666242874544342
0.732512494674041
0.6921903197736706
0.6643042739006901
0.7010795166444057
0.7727918816170433
0.6529791683722634
0.6877668559007433
0.6484088537752052
0.7394239713938029
0.7003007938038373
0.6368058154319036
0.8214316541514798
0.7617197732140952
0.722525442850182
0.768569334093838
0.6191723726886751
0.7003401742194977
0.6922032655750484
0.7862143980058587
0.6742613451648051
0.6809368509985276
0.6659767351869925
0.748831802371579
0.6930229435171621
0.6376478730271177
0.6835699287154391
0.6506505516124811
0.7998967362658951
0.7142841053690007
0.7085907879244462
0.6444522308189071
0.6883652011260903
0.7706993502440853
0.7819215030561294
0.6873866230566897
0.6234591168804975
0.6501421522342421
0.7159209516626999
0.6630908473326591
0.6960422525118759
0.6387213662875373
0.7381813043558316
0.6515268848354377
0.6724520436331172
0.6849142958098076
0.6969579964319226
0.6946036018562901
0.6891772873533096
0.668325476975914
0.701096604684644
0.755819052398755
0.6918728015330582
0.722042330941835
0.6536502146215181
0.671544848831157
0.6558938117197467
0.682531563363957
0.7327574692395068
0.6837205934184053
0.7376477403534031
0.7368946545852954
0.748485151440205
0.6927580517158294
0.7251335050458733
0.6843150719415844
0.7495596193966921
0.6821007948654847
0.6463556970423613
0.6151972179011957
0.6329334158689719
0.6673741250740473
0.6787248100506943
0.6904438363452571
0.6877999511999342
0.6298869988573896
0.6186431368168206
0.643491826865662
0.7245861430363545
0.7507290718903751
0.6698091234705021
0.6731193632147315
0.710556556405938
0.7392714647195642
0.7166198394574549
0.725301436056916
0.6879153909485904
0.7050612350175235
0.6828059969779816
0.726186055180874
0.7168087167004006
0.6781015942394908
0.7087319137180419
0.6945827960710965
0.730765740601432
0.7564352531353403
0.6770181141249995
0.7112529077155016
0.7101379013292755
0.7021832504793499
0.7214986023873179
0.6850874148057454
0.7037052149493682
0.6941865971662223
0.6803806203820145
0.692378150491845
0.6577118913485142
0.7000656059582061
0.6750024439083444
0.7429164964583522
0.71979932953784
0.7267580182764365
0.740136928204514
0.7297558419665101
0.7024830075650771
0.7138006873912701
0.7025447065876879
0.7142036418994574
0.6959933623782228
0.644543013076487
0.759058881348683
0.7742637406226939
0.7343207170117922
0.6949995708862877
0.6388826184922946
0.6836419249128004
0.7723306051059542
0.6769885630469983
0.7321102236711324
0.7164896178477252
0.7265481610680311
0.6754787851324662
0.6064736931513136
0.7198623486705747
0.6896110970610021
0.6438735015438415
0.6078809757764932
0.6390558055024864
0.6951936049203582
0.6480000893331936
0.68987588145271
0.6661587141610648
0.747595604889009
0.6811496882156852
0.7039669931386868
0.7651236534137731
0.6997941662401915
0.6392649035861165
0.7276368174577628
0.6869701495717393
0.6488595962678326
0.7301556623098446
0.7037128123197548
0.8167456495905446
0.7219468585207205
0.670802120222841
0.6576844078218913
0.743190527052736
0.7017745009789248
0.7244267412724346
0.7035726299051513
0.7282480065890177
0.697048306769448
0.708885765291753
0.6959372858839552
0.6843627473851015
0.7159317501355867
0.7208883658939705
0.75029216102429
0.7230913081341381
0.7085413946648402
0.6982966155148724
0.7654985389358048
0.7187547012094385
0.7174240688280723
0.7393227172361535
0.7110706361984329
0.700540958752792
0.649999358053571
0.6727360247675055
0.6824998635817747
0.7176127762992116
0.6966501629915927
0.6798264681549656
0.6347067240392157
0.7000629905151393
0.6971069931892412
0.6868616677136137
0.6391003119439922
0.6491003586529176
0.6590998746622753
0.6773339494080619
0.6629296141283786
0.6837484111947161
0.6418234929152855
0.7185144919631973
0.7135827001272466
0.6688554901132735
0.6315546386073523
0.7814659002607612
0.7565192206952843
0.7042473417490454
0.7001777171126895
0.6695720614136309
0.673122222874903
0.6512728334227947
0.7079225794026183
0.7470315506989458
0.7442913083727284
0.6547104544537234
0.6895048425383145
0.6255624638274128
0.6554702244570886
0.674942342467819
0.7013494068635573
0.7087095484769205
0.6983757826939905
0.6761566566684931
0.7003280521005144
0.7053330847546391
0.716228284148982
0.6939149851481753
0.6707468902984036
0.7791588672686485
0.7281775809893011
0.6897311078100969
0.6359031584061544
0.7116313498177267
0.6846731859523336
0.644939670552207
0.706542148815177
0.70367065541726
0.6340678290937128
0.695581916681052
0.7021009120461635
0.6340720038221762
0.6405019971592257
0.6456948820055245
0.6540158407626503
0.6775343481838556
0.6771714032899622
0.7102325882122765
0.703833076904213
0.6555926394145833
0.6353304858685623
0.7186374333823062
0.6738777005753386
0.6269681492513648
0.6786937347622449
0.6436692366285139
0.6757942754121753
0.6992113504655711
0.7223193621629573
0.7107273462253666
0.6863173407542165
0.6951435050756088
0.6536040629304305
0.6542832750042461
0.7152908051418967
0.6036764865642673
0.6392585246444872
0.6592777839150795
0.6439271644842285
0.6425260486003891
0.6301215044507414
0.6421648743608361
0.6773685774777347
0.7016476498047904
0.6966038197170854
0.709004991359094
0.7034246114068698
0.6775873914330699
0.6620514254745706
0.7148277826911028
0.6959872606249835
0.6709269648611598
0.6783096996037903
0.7038668591036358
0.6900046911757377
0.663892643864793
0.6846188528967725
0.679186906367747
0.6795770370042032
0.7442998150625684
0.7045529701049934
0.6218627232334138
0.6854815672376012
0.7021880990320511
0.690224757619164
0.604833965922578
0.6482446286674141
0.5900574280392499
0.6619399191190256
0.6485027389230531
0.6587026389987884
0.6491690004441523
0.6505297163912512
0.6681053318304642
0.642621613546546
0.6602369314378341
0.6670656571270862
0.6141772006381807
0.7186877734619015
0.69160821420027
0.6505506965415345
0.6669939962293903
0.676989541334794
0.6388071594028263
0.6733369594188107
0.6101613319851726
0.6374318221518872
0.6958386435955546
0.7101558679024994
0.6531060797792753
0.6550800493612889
0.6554943019556725
0.6426596997343187
0.713670827014935
0.6452175794789285
0.6342059654742425
0.6845620525979838
0.6699393867733915
0.7205903845406136
0.6946172287394832
0.6732912812482121
0.7164669728305804
0.6698597663136883
0.6433140234123701
0.6749368050055174
0.6119263909077137
0.6324715958744962
0.67320887246441
0.7023896431752592
0.6525768704682716
0.6588325223721881
0.6923176239105121
0.6257372291827944
0.6947089254895156
0.6653642177850544
0.6970787054530222
0.6987015049970123
0.6942866137142817
0.6939487370591021
0.6705429321915789
0.6325313379035913
0.6557745741452699
0.6605291640954786
0.6534762337194236
0.7096918093851265
0.6982072015064443
0.653630226444095
0.6953942858695097
0.7075166438073965
0.7574961774085278
0.6890321880405712
0.7038921587184321
0.7512262911165299
0.712165441871301
0.6419896692925712
0.6413714731385451
0.6514361538231567
0.612128693762184
0.6586534513983109
0.655874791105881
0.6219276622500052
0.700757028273085
0.7642713491236763
0.7625209200306562
0.6853571420271295
0.6442529159382777
0.727856829873115
0.7201300756530106
0.7330594186459521
0.7412913687516243
0.7361840885622573
0.724104586643939
0.6961248971700486
0.638216447842513
0.7032281058079897
0.6959974351280729
0.678603494683351
0.6869898379945648
0.7059430528828832
0.7876848260829045
0.7944335770967297
0.7585140485946287
0.7517745416858296
0.6549110961289891
0.6814896684690606
0.6766344573464902
0.6931661893033862
0.688550758572666
0.7134785356175256
0.6275725529781949
0.6450317172403531
0.6468246639512859
0.7137490632614031
0.6549110961289891
0.6780683087044553
0.7324233967412619
0.671391932552618
0.7243618408505583
0.6814110947594596
0.7229918488000895
0.6828658586963327
0.6883031600137591
0.7697476186600394
0.6642973881172086
0.6793761184531563
0.6987188039940069
0.6571856387604205
0.677856534838511
0.6692175273612988
0.6644475329235602
0.6225877465661432
0.6616865120105666
0.6474074623436493
0.7017457189390542
0.6754662235168466
0.6717286336284024
0.6747030039843904
0.7006217027184876
0.6634780388930183
0.6350874298431884
0.6612717296946479
0.6764814291135581
0.6831274298875639
0.739688970853436
0.7296478416961647
0.6867806322250578
0.6677199837025759
0.6896351441078671
0.7097325077935501
0.5999903762258064
0.6051364620537473
0.6267788255579345
0.6256741355399854
0.6743172972434192
0.6566168605764705
0.6788217108733693
0.6731165651058648
0.6489338045555428
0.7155639995200433
0.6842484502577788
0.6998525582666579
0.6951104341890473
0.7529969474849988
0.6984849523631581
0.6814958142280929
0.682458382365102
0.6966003106448903
0.7009815900102914
0.6935017552712671
0.6237922813071538
0.6723710707090698
0.6382685491057388
0.6829505221335401
0.6872394644651212
0.7143632004462478
0.6974076023916458
0.7472935755546064
0.7021176134194789
0.7094977751141576
0.6982502509114965
0.7053030738715672
0.675145853283646
0.6648415985834569
0.6575073582166462
0.7103575473910081
0.7114994180075916
0.7040214250625282
0.7030385084018905
0.7257606283872902
0.6988540675810858
0.7172779302115644
0.7052752126939089
0.6850886683111327
0.6693920126378349
0.7026585569245233
0.6825947119517722
0.6838313765033799
0.7051300105431418
0.6732343356036424
0.6634385915115877
0.6776424824072358
0.7218307214284719
0.6937820573253142
0.6682577261055237
0.6805238657899857
0.6910550954080228
0.7453260968316058
0.815210888752333
0.6939000297193603
0.7069582831576076
0.6653661191199726
0.6759485346555765
0.7083853532940031
0.5726043979942586
0.6385690693150529
0.6652868312003128
0.6515817992366246
0.691971895072011
0.7017159379742531
0.6732320967608586
0.6983123904522572
0.6868537960907861
0.6967568447386596
0.697969359489691
0.6852831045223985
0.6379123370008668
0.6790670640922242
0.73559302915731
0.7061737607607101
0.6689818640715963
0.7113989539834451
0.7174057606391069
0.7330075899768449
0.7139742572948531
0.6986401850328801
0.7337803131905541
0.685352607386119
0.6992520860583247
0.6632175450155562
0.6719403319762066
0.6557745741452699
0.6870016455104678
0.7173985964799788
0.7026474490793675
0.681204523247327
0.6725716543397952
0.6269319718096511
0.608960714656182
0.7180246042377305
0.6905566700789345
0.7131414293097211
0.7002513002109602
0.7366186178870742
0.6758580039382048
0.6299376911913461
0.701272930217404
0.674009591587357
0.6843526246856683
0.6649322151005146
0.6340273084367651
0.6539783121126733
0.6552622347403881
0.6479651512049653
0.6461366462661668
0.6843234366935138
0.6285661110227111
0.7501171031102464
0.7251700942957074
0.679610635272214
0.6610912592530835
0.703453477779898
0.7770177024488412
0.7547144795947103
0.6632252101083476
0.7286986704587608
0.6490261403106141
0.648303168972272
0.677896127875555
0.713018771600694
0.696993098255068
0.7041127845136219
0.6931699808391661
0.6943165433910379
0.6421550954164637
0.699112933322241
0.6446667233779128
0.6766356903372898
0.6722205350504644
0.7147799735969438
0.772651150955938
0.6625046650777148
0.6697315896571442
0.6991315971937512
0.7134860395746222
0.6829226790249886
0.6713892508145498
0.6776271592642775
0.6710184807835324
0.670745576080515
0.6796116424182104
0.657155977082052
0.6871236563721972
0.7024872200740285
0.6793223013678065
0.6940542807803946
0.70959309733296
0.6693822089906143
0.7396813213963428
0.7221536211361165
0.6464778593508478
0.6973024872028283
0.7105874360241735
0.617573749509863
0.674130397288955
0.6952373776866703
0.685191803642293
0.6655986579487462
0.6935955114333638
0.6875130761566182
0.6815043868626814
0.6724577004536929
0.7057148404090461
0.6872790053299174
0.6673983842855519
0.680830729411775
0.7063995494963
0.6521934609828891
0.6771680841703178
0.703795165851348
0.6637313506258427
0.6828542160616075
0.6985038161420931
0.6713180927916029
0.6921717643089169
0.6884920039185476
0.750084912634026
0.7407759709177382
0.6838433912159327
0.7140050920424063
0.6737674216043853
0.6919485165458977
0.667787272478165
0.6439263723207516
0.7506849494115445
0.6911835507049902
0.6594798597589542
0.6919654035232279
0.7254017503698571
0.6974306109242356
0.7043978697978963
0.6648694156380641
0.6963012850879707
0.6495593364158084
0.6306125617812798
0.626736113133895
0.6287729510098219
0.6045671489803367
0.7080410948278918
0.760463023849007
0.6248352835359161
0.700753146616494
0.6665010935591944
0.6564023439663392
0.6843655515009899
0.6622708692392152
0.6665010935591944
0.6802736532420233
0.6361761578289331
0.6311059826105933
0.6431441429477879
0.7031589981302508
0.6679820363424945
0.6665323961233512
0.6978286770722724
0.7135059266555521
0.69213280304635
0.6347164283507857
0.678152979835383
0.7126350109740117
0.6643562628703202
0.6906414134587285
0.7037717608118973
0.693294403087921
0.6583379522249025
0.7169882798625463
0.6132797590063409
0.700448400937603
0.6108635208696075
0.6224490631045051
0.6916802063336044
0.6936408406794083
0.6803055749549235
0.665491475176024
0.6907557002110022
0.6716071003791786
0.633935408084947
0.6866635769402638
0.6257684285230104
0.6802705521995701
0.7004370884439379
0.6640240432511384
0.7128105818943494
0.6632100694360619
0.6514743357661413
0.6986972743059313
0.6903555600455125
0.6871059201736475
0.6829564736019198
0.6705564732599023
0.6420555378100427
0.6246676310569439
0.6341483563154494
0.6433886633281201
0.6987656895285428
0.6801685093388904
0.6879580203392651
0.6919426904727036
0.7174166895801816
0.6540953357817071
0.6590617846662806
0.6032585041041411
0.589308559266101
0.6345584569221814
0.6637606304840507
0.6780154448373448
0.6804533882306757
0.6821977968902834
0.6818281684402681
0.6807483008388042
0.7620905146976613
0.6969839398679419
0.6730022270879444
0.6917515318067097
0.7180744805096071
0.7077169573089195
0.6002884749537877
0.6869796203881864
0.7056738005711329
0.6702535114874801
0.7109611232216311
0.6685267733117032
0.6843997879173375
0.6850041203629773
0.6153662881095607
0.6849013698670542
0.6317933529966784
0.6702418321939018
0.5934487783221137
0.6861550109606986
0.6213050328923286
0.6802753724343665
0.687082962819226
0.6104945933936909
0.6897728509879255
0.7119035155978076
0.6630862618023575
0.6819421591703116
0.6731428678102581
0.6691110499287908
0.6285071941445427
0.6982638162378773
0.6511996726614939
0.6490905002230581
0.6449729084978382
0.6656433948526103
0.6527618472430202
0.6217837578388051
0.6579879343698022
0.6524522543519923
0.6514354885949819
0.6692416284886388
0.6370160168490223
0.6639837293361074
0.6313336949859892
0.682429674289755
0.6323215901318077
0.5875030974804316
0.6499831781760759
0.6540130548107573
0.6517062962884691
0.6636294589889415
0.6321920173540817
0.6861724041298666
0.6662770474751506
0.6827870700198219
0.6555889097549404
0.6594280523751953
0.6410962318644156
0.6336255869140004
0.6385783650252117
0.6562829184007369
0.6608814796387044
0.6699708860365503
0.6883372505171388
0.6538283233501971
0.661171585087787
0.6836286297398279
0.6901918694861991
0.654825190182732
0.6898134931137311
0.6824085166300166
0.6474968378922946
0.7120667751448043
0.6939474332604141
0.7177352431945494
0.6501433139768025
0.7212548516395058
0.6665628726955292
0.6397460204486639
0.7404241309813652
0.6645966286564109
0.6117779824396231
0.6300688324712707
0.6663459905528564
0.6366458940756526
0.6664804254546691
0.7773271753884735
0.7693085804225713
0.7022946554562032
0.7275796960504315
0.7357296109922979
0.7520503408904251
0.7106388716744269
0.7517199657975462
0.6122469996328584
0.7087744107987679
0.6572825547566921
0.6488678396592349
0.6620383685355787
0.6251128940698724
0.6923511493454725
0.6738202708301492
0.6608357926618066
0.6705415142792677
0.6263774158210555
0.7044737175019242
0.6690931212008131
0.686267193449981
0.6709134361180824
0.6557759412554371
0.6692382322638409
0.7071533076465385
0.7106537339958836
0.7537278455129329
0.7515261459504249
0.7170975464210898
0.715123393209711
0.7085300261869064
0.7497963880494364
0.7598079091260062
0.7595893773483712
0.6899923350690795
0.7046575009012579
0.6579206634398154
0.7417876341682812
0.7126930610863662
0.6918489698549165
0.6950681508666235
0.6512847055639445
0.6742063006341932
0.6517239214577278
0.6411624817496987
0.6378602332823777
0.6777325587281845
0.6461615381352744
0.6667235461566673
0.673136974047294
0.6570706031722364
0.625732879588656
0.6869820817904496
0.6757945554032642
0.6686938719672821
0.6832360406173416
0.6741375409520575
0.6380497122153747
0.6656348945889827
0.6473253805258248
0.7041225381119919
0.6753623554015853
0.7081260659301504
0.6754203388974397
0.6778019662289896
0.6858023442960123
0.7003660525312988
0.608713032115857
0.6536249625153426
0.6256709005555281
0.6509399298206477
0.6657462327356509
0.6724856501483848
0.6755957472229975
0.6811804476978549
0.6815600109802034
0.7389138393425791
0.6822437769657438
0.7863999949033823
0.6737555570928794
0.6542249935741681
0.640949140885933
0.6388433891185132
0.6400605593051424
0.6834743740910674
0.7647171468783975
0.7216785668176756
0.6758102471253763
0.6827755621857852
0.677364952528816
0.6905235812172793
0.6953307591174942
0.6894966565083133
0.6586460664766202
0.7215284319912839
0.6271651859410446
0.6538443420246045
0.7076318419312271
0.641868821948088
0.6859990869161486
0.6854325785312444
0.6420819536736818
0.674782854670184
0.6645818922959548
0.662597720922715
0.7092205021141
0.6365388100017634
0.6211823640707934
0.5936501811303684
0.6467026630156467
0.700680135984587
0.6158874262386641
0.6678877311275976
0.6441955380705798
0.6684981639062173
0.6783726662745023
0.6867059988000279
0.6803726258270348
0.631077720657266
0.6961479011478451
0.6270120435912218
0.671791141150686
0.6639972522524805
0.6238264036360722
0.6646391346951913
0.6179466328057559
0.6867519901106848
0.6661828190763737
0.7278162572125385
0.7765772874423194
0.6623816425745686
0.6359505496222139
0.6455500760701055
0.6619055665047647
0.7829462516390907
0.6808458001888764
0.6578645551636719
0.6860685010405886
0.6813851354302453
0.7047947802317347
0.7018360566641392
0.6440093913719808
0.6045421184261199
0.6659771174105029
0.7133094697868332
0.7640643365292633
0.6842155719849379
0.6419209984155727
0.6981595968018305
0.6758535522959487
0.6798206599881451
0.6632825241754536
0.7545446052312618
0.6870156081847143
0.7370521707993016
0.7567142637037914
0.7115820402718814
0.7265680367697959
0.6729402040811859
0.7680750523523869
0.6869041581889851
0.6613181912141338
0.6478078764622323
0.7201994082447908
0.6544778122905104
0.7098458014171228
0.6772671830230337
0.7026096860879044
0.7302087323777039
0.6566868782474022
0.6378747540778829
0.6700546395794151
0.5977365070985304
0.6120460824482227
0.6284579609388515
0.6915779567193961
0.7204216284920922
0.6979057140731983
0.6624637978884738
0.6939756392802006
0.715848864580603
0.680837578792132
0.6689231416823107
0.7134948056231651
0.6822049922560207
0.6329905685615113
0.6215092902178643
0.6733112671117186
0.6473946452308693
0.6161821119054304
0.6382029404968744
0.6063137415652899
0.6646366370523095
0.6458629039294548
0.6763148353601122
0.6282764165230436
0.6287916827741494
0.6266200825382702
0.6330620031403428
0.6985893866587787
0.6506116070376778
0.6376883427416806
0.6591308499542666
0.6368170072389704
0.6161154634766833
0.6015270303450142
0.6068637374771366
0.6410119569071971
0.6214131892400612
0.6561573947865956
0.6904009933401972
0.6882339333495855
0.6485883271395049
0.6874730352538898
0.6341744626368819
0.6635673363230222
0.6431279405891019
0.6681869166930594
0.6896364305477585
0.6906627637510651
0.6883384188881072
0.5775569713686899
0.667979996862854
0.6886621994450328
0.6110179473595263
0.6244876687637634
0.6449340303233139
0.654443911079254
0.6072805900955304
0.6598354148433944
0.6160512556072005
0.6653430526393682
0.6516100848113228
0.6606756432380415
0.6453215852757709
0.6700782191882565
0.661020217066582
0.6601552147461592
0.6701640505255756
0.6856297302114341
0.6716351680839063
0.650990227612298
0.6587781637791666
0.7301093076799959
0.5857479721549584
0.6398577649529914
0.6354763794714389
0.6926527165251006
0.6231633834760586
0.7125643559651801
0.6587414746180296
0.6740287124193398
0.6822636067315089
0.6429230417566053
0.7131501631964942
0.6890059062072866
0.6913312576514309
0.6629410931291234
0.6762935472016206
0.6999391623323112
0.6987087433856377
0.7549816849598001
0.6398157451831066
0.6889098642456098
0.6843620908229253
0.663190579998238
0.7147762957944319
0.6720457313450997
0.7347150061227231
0.7299099854939695
0.6510229434379444
0.7352469085573706
0.6691524600897116
0.6307974258052825
0.670688615708721
0.6353704475486182
0.7293224902378114
0.7278734988612253
0.665555550843015
0.6842893425650325
0.6606770569734866
0.6881431779275654
0.7090443775250682
0.6944509769182945
0.6984901740504914
0.6486638472441278
0.7026079813536517
0.6833459140852897
0.6650978412015198
0.6301269735635551
0.6549269904796408
0.7271787114595903
0.6704310967678999
0.708346501724151
0.6636132049775982
0.690570594714525
0.7005529431626788
0.6426458492785501
0.6893665440980418
0.6519293799631839
0.7328579381618886
0.68350727526792
0.6764294800787355
0.6864114676613686
0.6152201585910143
0.6394737676743644
0.6254541173482414
0.632129736713138
0.6563669436419161
0.6211769151470672
0.6642059403957193
0.7018847969850456
0.6244351967573218
0.6460799910797292
0.6737437175872758
0.767087494292167
0.6538947208340576
0.6706602337782955
0.7013927613202614
0.6777557881973292
0.6779672999856765
0.7167953878535511
0.6720647275774776
0.6864085743120714
0.6674635783758223
0.6657271527788355
0.714120966860693
0.6825542475373025
0.6500489689569945
0.6475919339489334
0.6123949920819415
0.6478930212542884
0.6984929840261609
0.6027306022305059
0.6583198425761295
0.7718413073338144
0.7361345651980432
0.6676481976502279
0.6435692519561196
0.6807746031240729
0.712972586392227
0.6481481538897673
0.6742366339026856
0.7433465588039688
0.6725828311598726
0.6471238449120333
0.6671562460666894
0.6848079140001166
0.6331605084865628
0.7132737412843356
0.6574077312037931
0.71326736268716
0.7329581814507065
0.7054396075387037
0.7453360512708133
0.7071156438157853
0.6210666828810089
0.7175165866535765
0.6812650614959384
0.6436443457856578
0.6779218842926371
0.6911266203418702
0.690721354782398
0.6452941408013618
0.5904211256765022
0.6624263825392563
0.6677020308306936
0.6412211669808826
0.6781966048868578
0.6311882941814443
0.6901077692534606
0.6576217728751849
0.6786866835091722
0.6751383019650835
0.6767166061131428
0.72876164715941
0.656639062024644
0.6743656999653179
0.6484971065833603
0.6065268625337426
0.6472979597965671
0.624424462787535
0.7548371958932506
0.74716821558026
0.6834230459207159
0.7588449781635045
0.7650368984998832
0.7550101660937377
0.6921403825360957
0.7346282085546666
0.6687685244588818
0.6700865580365115
0.6746710545469229
0.6414104193647271
0.7464629082262972
0.7366871609810488
0.7360616158272519
0.730313894273971
0.6335956000258925
0.7329954750632182
0.7064201044009677
0.6928603940540099
0.6826917830900602
0.6677778055656693
0.6179053887059545
0.7348553871452864
0.6486776303669362
0.7068218711386677
0.6713640326089285
0.6476666555024388
0.7275928924238982
0.6426964898161829
0.6435002322173252
0.6958927797935492
0.6620108128929989
0.6954634678489542
0.6387613375377892
0.6922447079851645
0.640204012077481
0.6385357007465627
0.6819302717806791
0.6722419846598993
0.6813479739017514
0.6603724441064608
0.6741150832938742
0.6597266843891542
0.613838298329088
0.6789377316261823
0.6514806459230397
0.6845593066212009
0.6600074437034797
0.6486236135985871
0.6364589233371553
0.704892965797866
0.6700396705472097
0.6625814119598038
0.6377835324406209
0.6541598522596943
0.6783302380458613
0.6454476328176983
0.6088840872838011
0.679423887806568
0.7775800308800545
0.674547556916196
0.6233469631991166
0.6567373349278833
0.6431168240348972
0.6165399044169454
0.664264859309255
0.6268036321760028
0.6340681810734258
0.5856832518870542
0.6412118062271186
0.6242482310482389
0.617956553837257
0.6188020568596321
0.617134878515687
0.5956007081349691
0.6468736520066347
0.6353962500606629
0.5536035910798005
0.5981249571280498
0.6123244016443188
0.637040415401045
0.6781408593228963
0.5991404410691652
0.6199781159412122
0.5988350523858932
0.6606567906442485
0.6689101405097821
0.6880881466783761
0.6918117360831173
0.6843324136634727
0.6238724333794267
0.6477038212267437
0.6438465924325433
0.5975871663738671
0.624011430780737
0.6265794754355424
0.6175758842522742
0.6046568895334443
0.6204069945039259
0.6477124332937274
0.6480271107888745
0.6515253467722478
0.5992081787372335
0.6161354020519423
0.6614526930566034
0.6035663333208741
0.6629627069419681
0.6315174362108724
0.6421875522724976
0.6251359547372178
0.6073700085768277
0.6312786977042454
0.6608477559860279
0.6299511855846852
0.621352103322531
0.6519657174316712
0.6452638373139161
0.6794072522484897
0.6472771607308944
0.6874133559626775
0.6034225122293488
0.6577453195832744
0.6606252391885693
0.6382229250875607
0.6005897671676274
0.6332597590787659
0.6045711926569511
0.6421115853644617
0.623405918849284
0.6686228885485602
0.6796685871137943
0.6989594880235204
0.6304936229619266
0.7174171549036452
0.6447648822190076
0.6355319797228374
0.6841682437371294
0.7153266803427953
0.7094765831866524
0.6621143184407888
0.6744937751768186
0.6229551123100058
0.6577879089861265
0.6626315489574744
0.6739894856122207
0.629922605487166
0.6444666029322694
0.6592012931267536
0.6420354485045567
0.5662044378208262
0.6178478139281803
0.6360529711557144
0.6398270479144855
0.6436963922705962
0.6763219452773361
0.5957208788527809
0.6328111529495946
0.6505804427519695
0.6163622407570684
0.6490775700190253
0.6509768469313646
0.6175951640031614
0.6383138970203315
0.6279130123289507
0.617688442880394
0.6326571850696159
0.6476125267484429
0.6083489372499966
0.581028890111244
0.6353532947507655
0.5994276112052751
0.649740723678481
0.6541621598386242
0.6129923804309234
0.617779081456438
0.6615792193846073
0.6356890793006884
0.6353549845457059
0.6163030786354154
0.6377362986771326
0.6447033232426977
0.6505094410705672
0.6201589717263293
0.6261577503544425
0.6249559335974001
0.6264878350663698
0.6286002964460193
0.6299358762186642
0.6446636351375538
0.5614300288392599
0.6243035397120399
0.6414599854808168
0.6182437576753348
0.6525579564417192
0.6286385715403945
0.5744168026037012
0.6918083348337088
0.6262610674695908
0.6442385063750518
0.6696154248959095
0.635367402793945
0.6730540301116453
0.6508630649785943
0.6527300029908099
0.6342361817940164
0.6914695093587261
0.6530778813085316
0.65061020354222
0.6624201157895793
0.666392836582791
0.6681125916687379
0.5743803699603177
0.6248422901724412
0.6609452310088951
0.6685357761452986
0.6310773451319746
0.6325862828820685
0.6545000138153176
0.6320247234524821
0.6547818731117939
0.6224510853435019
0.6325862828820685
0.6125350650417832
0.5663094262797542
0.6424822529837045
0.6561130681282678
0.6472074094204162
0.627511794066716
0.6203865265185358
0.6590584431915633
0.6375150004141423
0.6074243294414469
0.6220961596401277
0.6492662061512693
0.6226409264122381
0.6405206801855631
0.6364985377223289
0.6489634707062975
0.6012924542164131
0.6473091736317006
0.6608917741388255
0.5992191506611895
0.5618386808673747
0.6435414616960328
0.63355967500612
0.6478859494532764
0.6153388511835681
0.6510590935805939
0.6128790667805114
0.6593838074703104
0.627870122210818
0.6304320235447793
0.6553449343551463
0.6532889299540541
0.6474222908297875
0.6358150926932886
0.6338334581342204
0.651380959224748
0.6746077674808746
0.6484212633840696
0.6679459482256702
0.6209023086469331
0.6166171376269061
0.6628366406834133
0.640953090882088
0.6131684347603517
0.6039082835491931
0.5977925533058634
0.6138716170822994
0.5996615573934282
0.6751255743856714
0.6179025444833203
0.6698465296637628
0.6257186002397136
0.6155286210854934
0.6513028636859707
0.7475496338185462
0.6867841955647961
0.7793609821006537
0.6851814171554151
0.7230484962282246
0.6699496567869762
0.7050095709821624
0.7475560793937616
0.7149533248734876
0.6631647508382658
0.6661311986874466
0.6320633699903841
0.6368192100465901
0.7078159057573042
0.7594946802688577
0.6647370476823857
0.6477990828360148
0.7849900466764328
0.6959778669933242
0.737965851769534
0.7073778241106858
0.7661386559592981
0.7317253003108932
0.6607737071140981
0.6934443698004786
0.7828538207951128
0.7346877041088244
0.5958836644979142
0.6466364807142843
0.7156750251055793
0.7370770708645238
0.7011962545980047
0.6319183560406125
0.7111452039643964
0.6724597269283719
0.6230548490413454
0.7291363561513216
0.7255067802755722
0.6618760488764395
0.663418810080617
0.7227876345204783
0.6990952242560325
0.7117433016804627
0.6302558258557927
0.711407654984173
0.668602525185352
0.6991795634376364
0.6506820488890515
0.7322540875079793
0.764905702934616
0.6619400857124506
0.635529280303289
0.650136118832613
0.6514673377694674
0.6400210270372313
0.6521635988004368
0.6567319104955801
0.6274730090448388
0.5947733922742254
0.6205447573029519
0.6848460753850275
0.6388041910016274
0.6558336060010601
0.6444379105945549
0.6367849349415518
0.7061493669274358
0.7298618155145736
0.7049757602901976
0.6920842197270372
0.6927500904298424
0.6419180851086032
0.625485608938983
0.6402739661212978
0.6264877035933641
0.7520678180529212
0.6823688018226756
0.6898175218238441
0.7110066361389096
0.6988601748441873
0.6090711723401333
0.6651028152668211
0.7106913472367615
0.7498510656682233
0.6834847846689985
0.6896042899786596
0.6678940910823489
0.6530352625381634
0.6123949920819415
0.6478930212542884
0.67694249680684
0.6011225093645772
0.6735934890141866
0.7611867092862438
0.7155724256802537
0.6676481976502279
0.6573017326578071
0.6306894957414303
0.6481481538897673
0.6734619200388943
0.638549160232388
0.6862187536599484
0.7113480051483942
0.6392579338702555
0.6817736124519803
0.6557587834559692
0.669657292447132
0.6800407947311442
0.6544054245627752
0.6476045485879985
0.656306262724296
0.6362373424753893
0.6473212621798788
0.6172922777250727
0.6364418124567539
0.6362373424753893
0.6473212621798788
0.6172922777250727
0.6458264874664758
0.6015915093380667
0.5900147832719154
0.5740898947166239
0.5781712098701991
0.609897785524774