0.6456508752793169
0.6717138500615505
0.6563692147529869
0.6460236462992766
0.6122088840980225
0.6314338599334482
0.6402380473928725
0.6372638150113906
0.5987218487642917
0.630068233027836
0.6415010630005299
0.5962448203165523
0.6427102240830828
0.6180664922831606
0.6143752098783094
0.6456061578277885
0.6481096286364492
0.6514670699563694
0.6636455700326678
0.6279141683367848
0.6298796269270915
0.6723096046227152
0.6357398083158666
0.7364825570879809
0.6973190650109833
0.7070441428802452
0.6613634881628638
0.6595479851999181
0.6698102575293694
0.5872590474573279
0.6351635887287934
0.6449453208540425
0.612234863219643
0.6453231684976178
0.6764443463705682
0.6443721446753446
0.6051349953253764
0.5928723811794082
0.6276276726810707
0.6173759474517161
0.6812551195134795
0.6229374167129993
0.6742494859621174
0.6419777907248678
0.6324508938149036
0.5958995778471344
0.6357194547224825
0.6181475016181723
0.6216149457662697
0.6013138487886053
0.6523357825554296
0.64886575844477
0.6289112840092521
0.6475161096677404
0.6023603898575971
0.563537198100393
0.6942035264427326
0.5889327650013965
0.5751699449867935
0.6164072724102229
0.6404079531992977
0.5828280055990811
0.6652658039911555
0.6651505959859496
0.61838850586731
0.660498881438526
0.6161236266614861
0.6545550741723773
0.6262730872127922
0.6246803262477073
0.6630931697884146
0.6241091815405118
0.6340732944557995
0.6445941544991333
0.6755264406610453
0.6689636177993592
0.6220560366380214
0.633943393334979
0.6633343713252978
0.6261755225671561
0.6620423281652066
0.6715621030399068
0.6517542499213467
0.6400130851937917
0.6705766733933239
0.6802644417096951
0.6593844384079047
0.6958282599411307
0.6853272129327174
0.6598577886019116
0.714313622804539
0.7347214183071714
0.7424730586596875
0.6114098377207181
0.620795939515658
0.6569209303240661
0.6681070882589975
0.6134496812031822
0.6867714691058632
0.7276874272689594
0.6927193508009708
0.6347365297250077
0.6489495562892617
0.6701567400371692
0.6854865043132461
0.6973645446096662
0.697110728733497
0.6861816057884901
0.6551848735332109
0.71996592497235
0.6365293419327223
0.692684088791407
0.7511413816365156
0.6393901494566769
0.6692477532244402
0.6453047506039437
0.6430292312925123
0.6249526302985334
0.6751776635532498
0.6729788633952495
0.6842350150948261
0.7414793511953038
0.6600650504937084
0.6972593429156246
0.657001841951855
0.6673908420635596
0.6996816102919116
0.6348110047595389
0.6667811948254109
0.642922396448717
0.6667594592527316
0.6522965862549713
0.6935720921597864
0.7055624595132177
0.6647560822167214
0.6325111800163069
0.6682049978604871
0.6687728251516522
0.6652333447983736
0.6599242082229246
0.6654980047260552
0.7201780916186733
0.6559693393009987
0.6362870039227467
0.636431402248425
0.6600210390279967
0.6955099185008784
0.6873295015477465
0.6740529408834494
0.7292692944295591
0.7483645292463418
0.639793561981399
0.7247749613652058
0.7141245709522152
0.6489598667067258
0.705108658876893
0.6703002488198576
0.6889331956791357
0.7045879013513573
0.7144717010472186
0.664046412994603
0.6176923798103385
0.6578212332116637
0.680609439415074
0.6535644865836403
0.6551867110491874
0.6564790993444436
0.6604148538881166
0.6380542079049066
0.6669421327045312
0.6335703035113432
0.6563895254454163
0.6488664453987102
0.651158205556784
0.6599260114910658
0.673189800816932
0.6613532609574843
0.6766150605250741
0.6748737464416946
0.6722513250690295
0.6065263314456303
0.6649760314103915
0.7119210211629552
0.6923078663909371
0.6547027847025985
0.6737478603812318
0.6507054570453819
0.6167684199864846
0.6257534983651528
0.6464922824336423
0.6353024509256422
0.6544322258666379
0.6641138052932808
0.6741638558508677
0.6517422635894642
0.6545763232512032
0.696247584086559
0.6410793529901397
0.6435150672677769
0.6498617843028358
0.6794929126588256
0.6502383841219256
0.6317869608008022
0.7117754367909898
0.6537300830105803
0.6294096230924695
0.6619983993344549
0.6533071206378277
0.694441141897083
0.6888280428274289
0.707197932955211
0.6719705485072653
0.6580714145446224
0.6556160035720876
0.6947136495129157
0.6325998190277942
0.6388744717070112
0.6437919590280495
0.685857287376141
0.6882473123643524
0.6674180946323697
0.6359562737376767
0.6487978664584738
0.6800677594890522
0.6476581158697164
0.698491549559396
0.6564627361064898
0.6724177252030127
0.6368630361791852
0.6127113469236984
0.6490394059313255
0.6564275744495289
0.6632200622685892
0.6839079177416397
0.6527711066841977
0.6794833858206951
0.6815619337010486
0.6553231992961247
0.621847566965559
0.6253611339592983
0.616023175701845
0.6391120610955766
0.6687520925242529
0.6630862557027694
0.6204172499221867
0.6447504859605618
0.6975820017133899
0.6337819741301967
0.6846644051497203
0.6693866751178751
0.6845477156848336
0.6649414476611565
0.6863188731479183
0.6778261267518796
0.6380223057269461
0.719243499226667
0.6779562897024319
0.655469571378334
0.6104824400837223
0.657853803617571
0.6568679779698927
0.6540913155163207
0.684148688735213
0.63523619194486
0.6929198391961231
0.7040014728613384
0.6612363891441535
0.6843679562801537
0.6877519717804386
0.6739185220809172
0.6496286327747046
0.670935494553036
0.6311828980404993
0.656447451044915
0.6815604430127229
0.6792842299381266
0.6373923907998653
0.6671341525754607
0.6817809750617214
0.7024541562263111
0.6884994915711231
0.7083344067936136
0.6882320689429946
0.6833474544803849
0.6950293389032084
0.7016092243785212
0.6254090658660197
0.6657380471102509
0.6618433612978264
0.6720354246554152
0.64179268454396
0.684280540452506
0.6610687437256318
0.6601336434177572
0.6120772862699583
0.6034270209793623
0.7082908741218974
0.6765999580601917
0.662470048270401
0.6924754869335014
0.6503928539393119
0.6772013695625969
0.6718137266349401
0.6945074523613227
0.6958762798136139
0.7138970666146306
0.6945683208390302
0.6563005076551333
0.6065760139980968
0.6661025974836742
0.6798068172558775
0.7431200210850968
0.7405148540701414
0.6896148663603502
0.7601447961742956
0.7695197456437004
0.6811769736947536
0.7169322054174719
0.6863147826390548
0.653683387673139
0.678128293256868
0.6549977329481442
0.667900644678073
0.6849392820490375
0.670038613974584
0.7408029997376855
0.7332324313579748
0.6654706536538052
0.6439294335113124
0.6597296564427741
0.6671342326489923
0.6650889482956824
0.6277786888025203
0.6882385136790308
0.6724504548899781
0.6986594990102035
0.7192630847725043
0.6274130125984534
0.709601533395293
0.6694382481981489
0.6434040699807896
0.6714014724015704
0.654929772238363
0.6235318579983259
0.6837827720412446
0.6041409639089648
0.6512113832602644
0.6986087826837383
0.6889324187385818
0.6868271128535152
0.6677465214226539
0.6673138711889266
0.6909460438376276
0.6169846084328297
0.6231716004844822
0.6118405066811776
0.7429722399682912
0.7301533694280418
0.6265567597450552
0.6793565436747084
0.748731898994664
0.6677419774252658
0.6303123273815913
0.6039040805078627
0.6971570366668454
0.6358611840659295
0.6748076983539936
0.6855737187851154
0.6253978121953064
0.70141635253495
0.6530226013273406
0.6801173035723146
0.6462553749641468
0.6930171107789452
0.6890260158582654
0.6721085499391823
0.6657799171135413
0.6357944492189257
0.6316735860939036
0.6664883573830034
0.7436300308763709
0.7389987036967411
0.6935185098567002
0.6768313406184058
0.7169563192452664
0.6875067013623689
0.7117309985683665
0.7021145132311969
0.7309879500294889
0.6859166803426516
0.6138069325225664
0.6250980413431874
0.5889857251434322
0.6807673604506053
0.6981172336672341
0.6419265034453708
0.7097891528548903
0.7056774748013823
0.6615446315211038
0.6814636621907849
0.6946206627581761
0.7618757124042309
0.7284232307445485
0.6927819949956053
0.6872475073454964
0.7078373230130239
0.6919446789289441
0.796669778301015
0.683318805853227
0.6645598785637619
0.7202378007940098
0.7106548059554083
0.7324039099881305
0.6842837495209655
0.7093169837464316
0.7487278167954152
0.6688478233369802
0.7182271274301302
0.7270903402198011
0.7064351301812809
0.7070774252266793
0.6918163395674285
0.6605454373143046
0.6568740902878298
0.726643479229263
0.6755533335919897
0.715800868819241
0.7053165343784258
0.690418397660887
0.6144513214974656
0.6622413531249909
0.7489459204059191
0.7122580299339245
0.7144899893103615
0.7229846144990248
0.7355112743059107
0.7015563722497474
0.7344573204610494
0.6550993492903399
0.7506433035821609
0.727945926842739
0.7097542930312232
0.6976100670786681
0.7421466846185382
0.7522042399395429
0.7449126567847031
0.7240338804456159
0.7576721765523697
0.7793862727245394
0.8248879006378034
0.7471947755632946
0.7347696739893823
0.7932306797222448
0.7853270514873938
0.813778769310684
0.7536937093880679
0.8416055256711409
0.8471486658463442
0.8503588341084142
0.7849157519256542
0.7756730374615366
0.7580885301086505
0.6919559075646922
0.7009594604734669
0.7645305427034705
0.7140390218604841
0.7790909637939679
0.7497883099652703
0.7202120273406585
0.7770270414876035
0.8296743214671481
0.8434972503584235
0.8014035398962913
0.6725273624760764
0.7039445274166897
0.622117724256607
0.7420601514856587
0.6214253026275454
0.7108225824707655
0.785665530641018
0.7320099941257695
0.7510911354076709
0.6987992140884536
0.6963297357083698
0.7477080533532414
0.7231382225088506
0.7610010637952129
0.7115585657750474
0.8332571610784192
0.7419850321821782
0.6882734109361146
0.708963120566163
0.673677911736981
0.6878768312307162
0.7427452107677239
0.7304737012568236
0.7460544341444948
0.6825711930906379
0.7602803466647964
0.8188569311841493
0.7117172602757909
0.7261881343860435
0.7541785922666583
0.679226788960203
0.7016452811111208
0.7580055177547813
0.7445689643922359
0.7219772568952894
0.7026857359301253
0.6264533883725936
0.7537453704951336
0.7897305558763886
0.7497831673668658
0.6293174767656475
0.6944739881256873
0.7364929272789418
0.6983798410316111
0.707055410519743
0.7380443956373597
0.6133280359470974
0.7541074259045937
0.6951675423353156
0.7141332637322688
0.7073837068684002
0.7164544294828636
0.6380408929273464
0.7498581658312375
0.6968175697772184
0.630194285811624
0.7470395339248426
0.7370881077656186
0.7658800617531242
0.7440405277041864
0.7017892000713642
0.6242369837552865
0.7216111687019792
0.6912533486578482
0.6294188527598189
0.7266405432640899
0.6760967822532682
0.7324880522141283
0.7334517355642599
0.7409815681626231
0.7346543853283952
0.7297810564431054
0.6503634632074626
0.745256051089019
0.6938563905107589
0.6922728741596832
0.7281665471786141
0.6844923423078629
0.7127106061132248
0.6601717415380802
0.6685922008104271
0.6580867023801682
0.6781680605028907
0.6895537648323601
0.6663574256693185
0.6519573118344487
0.6914162055863063
0.6775235190607398
0.7514120485402676
0.6755769270397942
0.6717017431248136
0.706301267257385
0.6924592273390017
0.6772979104449485
0.7106236521103674
0.6849274671714358
0.713123603523966
0.7046557465203594
0.6934006825297836
0.713693778076295
0.7128223315021905
0.6704163401017558
0.7024523238062044
0.6312106121369395
0.6914976759271849
0.6453754388270836
0.65364917630414
0.6919138757618244
0.6524494711471309
0.6183972900070692
0.6761169178546393
0.6581772963350846
0.6645849500114638
0.6978839734439052
0.7224963688652487
0.6913867349629657
0.6344753427644665
0.6203071893893165
0.638907072497415
0.6666321005402605
0.6661489200176216
0.6623168207816656
0.6374478191188518
0.6711687449108134
0.6794646648642776
0.6256534638927989
0.6613095940920365
0.6833874086243017
0.6856119590264559
0.6845045774633227
0.7164739796663844
0.6783110535658725
0.6446834430881869
0.6902179372691132
0.6645964117959803
0.6968340567789346
0.694095744736611
0.7119702693035027
0.6605253892724421
0.6938152731477308
0.6713423765031907
0.7054645023175942
0.6446834430881869
0.6985614070441744
0.6786436266921531
0.7075794826301784
0.6581360729181687
0.6634256137424258
0.6686085743416365
0.6913988090170718
0.656747134390372
0.7111704982302577
0.6537491469448224
0.6428717102923888
0.6327328909736615
0.6145518176269129
0.6594512530424951
0.6735568800948888
0.6629953591069249
0.6570990744854645
0.7514480119383986
0.7560356610008698
0.6789100879819798
0.6381210053451486
0.6525919590690571
0.6862861811318327
0.6838875926948228
0.6483790664893792
0.686309185822283
0.6819133733084937
0.6629276294478159
0.6357151315428986
0.6766636780072455
0.6711199435787463
0.6644744719377104
0.616130984544609
0.6163558788470765
0.6445383911336707
0.6572731007981167
0.6504746790345415
0.6304592858738174
0.6598318565829514
0.6310773770610962
0.6702566637859385
0.6750121532184498
0.666025813265434
0.6512322722671662
0.752081592350062
0.6433060801667472
0.6949819609117931
0.7031050736426604
0.6953960411592398
0.6914839724440716
0.6721544327850328
0.657895819377342
0.687773414499774
0.682089531859788
0.678239634219257
0.6503643939527102
0.6256106701241714
0.6527761977114789
0.6987172902202629
0.6883581895590809
0.7176466480228925
0.6621494440275055
0.6881286601430119
0.7446019284671291
0.7013327182779078
0.7245520826794252
0.6805167728003241
0.6384839086049536
0.6407055541763145
0.6504435823204541
0.6844975126258391
0.695286340392377
0.7131841379733748
0.6380832838976087
0.708671941466781
0.7145506418300936
0.7201858863487621
0.7146870416502421
0.722800946726172
0.684989548862332
0.7072589647367596
0.649155928906251
0.7552571866204464
0.7172400437158802
0.7085685135816062
0.7788778246942071
0.7259975162699723
0.7585808483487698
0.7808414766280862
0.7134281464316923
0.7245775840022465
0.784587158925992
0.763351772750006
0.7067290151086305
0.7357758137610432
0.7421199729373188
0.7435535923377268
0.6724939434603676
0.7758932671110359
0.6870685740191631
0.7075768298527665
0.6955067218440418
0.704684826466002
0.6929021756621723
0.6907350247766365
0.6892968465147246
0.7559372024020904
0.6681964947760048
0.7684510915241166
0.7822056023530097
0.7531550873929131
0.7106007250770101
0.763904176750421
0.7231311253737187
0.772425165724844
0.7149536834184278
0.7481604913901329
0.7512744941291348
0.7462447427986393
0.8233873476199318
0.7499607134157128
0.7274788267849258
0.7991332167174532
0.7860465773286934
0.769480863789003
0.7504424193615304
0.6717017431248136
0.7484763864955365
0.7480149479887054
0.6842810448695126
0.7405771723709774
0.7757272439088647
0.6892906424859602
0.7178974170649195
0.6582902341925457
0.7375327407242911
0.7046472367163461
0.6400642017363615
0.6891049675459641
0.6306159324430878
0.6450083517170402
0.6904401495903913
0.6314679345167208
0.6741858741461272
0.671418714200317
0.6347666651973038
0.748012367985276
0.6635811456073388
0.720670547267041
0.6937364296717532
0.6662936608624789
0.6977716360681043
0.6524402498954216
0.6915159219161408
0.730475120535967
0.6967019569257393
0.7220772065064457
0.6948540775266838
0.6992918080411752
0.6920820025641298
0.7373886384937897
0.659072022977387
0.6662373005923055
0.6755313499319019
0.7251948775121729
0.6453563367906823
0.6222458100765899
0.6142148137052168
0.6305506702723319
0.6397883809756695
0.6555431630805553
0.6557224173052463
0.697311397245332
0.6471481000629653
0.6601909078527066
0.611738224359696
0.6803302708569097
0.6383299278368241
0.6958209895609484
0.6716916821117457
0.6515657625211116
0.6731512750107801
0.6750137403465033
0.6770221118189728
0.6384040322046535
0.6162031479204311
0.656311750289012
0.6722975893504844
0.6783404068192215
0.7006340423598627
0.6912015296050642
0.7238252102345727
0.6644816369080475
0.7052847406353749
0.6750336423657366
0.6546374712693394
0.6818847842183788
0.7216395833781101
0.6499176103038362
0.7035742858698381
0.7531203399555785
0.7070519563587968
0.6349560398630845
0.7705101059142513
0.6943485225416589
0.6931095670502047
0.7137098022170447
0.6906719282721765
0.685641296164313
0.7287330011916998
0.7367365490554334
0.7498646077901481
0.6903762117538569
0.7457040107381588
0.7195237379110646
0.750173255252337
0.7398614334999671
0.7104738752875743
0.7298686747097175
0.646816342747629
0.6547920282186867
0.6598051496605142
0.6468758076176049
0.6792195458812493
0.6884141936732174
0.7220492398380838
0.7100573657018813
0.692266030770087
0.6706537293031944
0.7161933034491605
0.6239302373751376
0.618961102086624
0.6570631336406602
0.7060602832418359
0.6646129657956745
0.7403179421988253
0.620836842534424
0.6863786178146373
0.6582439299721273
0.6430748917914373
0.6507377329160023
0.704542929453888
0.6773840315611157
0.7004045191987207
0.7139650517394058
0.696359172211639
0.7027894758511203
0.6787100985949935
0.5993317811306763
0.70378484602934
0.6867162072933188
0.6787100985949935
0.6264501009621769
0.6846064361716132
0.6603338172790536
0.6466096510362773
0.6622965112486893
0.6570972362481226
0.6103502691201944
0.7012848586936447
0.6893090880321865
0.7085055245897673
0.6627194459934374
0.6815666117373139
0.738141514833404
0.6901419313910241
0.7067752080081766
0.7492101680313906
0.6670278558633879
0.6597465110030464
0.6744761127455728
0.6937431043393186
0.6534006381433844
0.6127006438310733
0.6460790881316435
0.6999229461773996
0.6888868872768927
0.7135255057108757
0.7350943583885
0.7186818452018876
0.7105272740447733
0.6960531384217634
0.7346464371168732
0.6163041044311555
0.7016408276406306
0.7007871984801665
0.6773058524706899
0.719313613118459
0.6742224027778801
0.7628872181933196
0.738051798318892
0.7593637796678989
0.7182377804084522
0.765941856416291
0.7736643875130922
0.709976654871607
0.7293300560421002
0.7301656032752258
0.6969553254547466
0.7112591935888659
0.770964020002487
0.7403125233809138
0.7012829239947412
0.7591454632356527
0.6841034254838937
0.702563044392756
0.7032327653481381
0.6866546749612906
0.6813229965488242
0.7094919981464315
0.7037098258795942
0.7504094630503217
0.7110790047892529
0.7062988771540019
0.7009918003429252
0.7221266048542904
0.7280883788136139
0.744767681078602
0.6943575603133173
0.7425962695691272
0.7200831428935687
0.6292973289531902
0.7095577444196204
0.7384504516087715
0.6729016764310064
0.687076258644676
0.6698586381115891
0.7156977803609358
0.6832359922841342
0.6810535351951031
0.6163674021055809
0.6597519949423406
0.6583493971328861
0.5954681665821385
0.7072841644181087
0.6483065496524528
0.7474053773911348
0.7006772473625296
0.6317491495922872
0.7439743475085511
0.6976624136537398
0.6746854484056911
0.678844593635351
0.7487839242923797
0.6932893500217864
0.6651649641039505
0.7514366476239648
0.6560650931443287
0.7321249746155659
0.7109756515548075
0.7663472936153756
0.7426159884673136
0.7163438703279241
0.640526417360816
0.6323730528791999
0.6912269650260104
0.7065397060746251
0.6342943112788417
0.6785492418959824
0.6089469787824446
0.6740277173738514
0.7153403190242165
0.6639953726876993
0.6419194780777759
0.658009158907144
0.6771293736279747
0.654849048555252
0.6818574949738198
0.7012317940052304
0.6994844932293051
0.6847349995885939
0.6925779060658283
0.6701723566408717
0.6871173912842581
0.6764598815910358
0.6663863661212315
0.6664325134152452
0.6900801560441772
0.7515921672797795
0.6705395936345889
0.6985090217862325
0.6532098123107255
0.6826889991150199
0.7131350439370276
0.643503781018287
0.6636542567491959
0.6864417753678994
0.69350376200782
0.6814089145086446
0.6625689320489347
0.7160276678258739
0.6983625878308309
0.637674684982172
0.6839241668300089
0.6898132985851015
0.6677633733093675
0.6792253070964195
0.7069181732172607
0.6749468094138873
0.728859151242419
0.7067941939302577
0.6439287140049126
0.7134347330173777
0.6977424022734207
0.6890761753242015
0.7167122382520263
0.6990890947378905
0.7017957312638158
0.7152879685646086
0.7020372359573959
0.6942132021260413
0.6790723375060742
0.6490643738540627
0.716176038876191
0.7010153537414003
0.650828759519966
0.7114985972063792
0.6781567015698288
0.6611092100345326
0.6814680391727769
0.6335485714042531
0.6973979487992904
0.6479304166969009
0.6980392393962448
0.7138038115433147
0.6643474283342706
0.7117945217819953
0.7185395082556773
0.7076869559280794
0.6945437766176016
0.6948259551925153
0.6902266805013803
0.684773913914419
0.6454944045480878
0.7280528304801624
0.6615892726502505
0.7223290337452949
0.6810809705292546
0.682399195747318
0.7165230393678451
0.7157210979011294
0.6814742017074099
0.7222204916628956
0.64422014464704
0.6373450720579824
0.6239767617660292
0.652164391901797
0.6024534311605936
0.6403409669840807
0.7064356193004049
0.6090244513009243
0.7105349777645019
0.6685122672215515
0.702066201062107
0.6814471722135279
0.680229989181724
0.6623400492421748
0.6798255653469774
0.6777818644771471
0.6524790413537657
0.7502414832618759
0.664030088800329
0.6486900148227314
0.6712129603215563
0.7272853181808064
0.7085077169504034
0.6831319333949113
0.6613378796634868
0.6564058579827423
0.7083686773370884
0.6206469149684566
0.6764660428544826
0.6453038677065819
0.6836110461706112
0.7074679772988371
0.7116506544494383
0.7048572953836105
0.7532813512199745
0.6220140109531719
0.6183210976683626
0.6225375178169026
0.6597441751798432
0.642899960362922
0.6529660170764264
0.6937880690509295
0.576519342506628
0.6279737419029169
0.6491430410833049
0.6791526839660609
0.6785567791769891
0.6251247511249569
0.6520320803154547
0.6739257890505729
0.6807146874396492
0.6865315742647837
0.6007845543737366
0.6206494427386161
0.6520910929478964
0.6059415494427525
0.6277453311046374
0.6846051120442462
0.5831294117046698
0.669833047276556
0.6323735362959787
0.6135636137306911
0.682656742971257
0.6537154225099979
0.6558276701965586
0.6846301202739977
0.6071000768760779
0.6208307340554654
0.6020631870587918
0.7044144588320684
0.6585414837660306
0.5971508473617706
0.6314662536008555
0.6585856689385601
0.6089689574391957
0.6215053035175147
0.6403292886260922
0.6910906308994279
0.6070154953141665
0.6623022244317843
0.6555297934978703
0.6657166050336536
0.62562143727098
0.6315456438093405
0.6801507142724326
0.6295038641141097
0.6678550801754527
0.648886866503162
0.6761962817488023
0.6504927146890557
0.6559999890885224
0.6134871146205211
0.6385554660172339
0.6707135246594564
0.7006133377625187
0.674082015768506
0.7282910396375905
0.6773761497014289
0.6155780036327794
0.694824401314803
0.7159419327649954
0.6613878103094688
0.681601230564114
0.6652824248611773
0.6789154670367589
0.6723552226682056
0.7167298316943937
0.6767178682846366
0.7171509322158452
0.6814123687645202
0.7186157743296536
0.6608036725921833
0.7089586712593958
0.7220275033170818
0.6942362153156766
0.7093175285503689
0.7057093043337949
0.6650641279596151
0.6358810373198945
0.6848495542167534
0.6689538897165147
0.6949710560577202
0.6434754823469044
0.6409386077055241
0.6726707466108331
0.6934162002820217
0.6624797366780103
0.6352595747169425
0.6460908431196246
0.6882948380456908
0.6953001884898056
0.7047545706144255
0.6887250449732296
0.718284176222983
0.7394388037658817
0.6581872030151957
0.6434558460547073
0.6303584403612734
0.6680209753006514
0.6680729049395893
0.6907154012268915
0.6368706926599988
0.6431002506417994
0.6448348719399835
0.7161806838545209
0.7232096193322011
0.6293025602195861
0.7397046193353133
0.7936211264005082
0.7387053951220931
0.6618025861111048
0.7072804894227486
0.7505633877831817
0.6472111825103101
0.6882622765193934
0.6654330547726243
0.6629414245979915
0.6412182416248381
0.644916895258895
0.7059333133673171
0.6582277829840327
0.6312075838941308
0.6449483997710683
0.6193335355405031
0.6477477445961577
0.6470737851674379
0.6653082784317741
0.6592549854871964
0.6628967273702783
0.683913389819838
0.6078552240513398
0.6366226376336537
0.6307312326504568
0.6426644812761719
0.6842047934065085
0.6706143957257948
0.6386994060610439
0.6560589537909843
0.6607574803214941
0.7273955606395749
0.6553253921014618
0.639063158159921
0.6367836820561482
0.6652467618265324
0.6345749023288995
0.6645191946249162
0.6390574284756029
0.6557737521741424
0.685013581954284
0.6665662174839495
0.6724315824301034
0.6888683646538392
0.6589180386933788
0.6651897517996143
0.7084836686735697
0.7287313186305927
0.7248783066178012
0.7217780634521577
0.7333166076911012
0.7205814420006122
0.6771242750906988
0.6531430155186163
0.7015990946356777
0.6774545859619591
0.665867911997336
0.6836711639149423
0.6984382628426842
0.7043052372346288
0.6945599591992367
0.6387744778042743
0.6601137193844335
0.6440414555618974
0.6269841267014732
0.6372951626530526
0.6597470095128561
0.6343825017379502
0.6305697203153685
0.6305005969680544
0.6407206819456785
0.6732801313725367
0.7186273470850945
0.6583690982644366
0.6655289537668433
0.7434710687740914
0.714376760579993
0.6997786878021814
0.7331630762484435
0.6545278158582337
0.6447073082989745
0.638914279934797
0.6810628102244611
0.6485431984557997
0.7002546562807263
0.6972364258279966
0.7231873160215799
0.6457322309010074
0.7204217645893912
0.7080348797910634
0.661263085675855
0.7019159411698508
0.6725897594910079
0.6416326282644745
0.6312964426290234
0.6341749580730011
0.6705982480028246
0.6759897419013651
0.715071971409721
0.7105098241043823
0.7330351037048319
0.6814562234850137
0.6443037379526055
0.6670325851431956
0.6655164433787668
0.6577655748975039
0.6227195672610567
0.6433276746520534
0.6172471560935351
0.584281534225924
0.6150242806023799
0.6329307732055789
0.5992223162550178
0.6712963948679098
0.6468151310946647
0.5924220962427557
0.5736688952122639
0.6362913042232874
0.5881782844793116
0.5988898772527895
0.6228027368525042
0.6230676090009065
0.665353599311898
0.7185794742639312
0.5898599735622745
0.6126597595597068
0.6515691558493943
0.6958807965880902
0.6427880184133068
0.6288645332246953
0.6596088428515706
0.6469366024720855
0.705992715315001
0.6588986891703251
0.7420067808798742
0.6978222182362744
0.7287046119084796
0.7298488160707517
0.6433952340730166
0.728324348251038
0.6969636517189824
0.7318671655674377
0.7219567298730132
0.7381126246536187
0.622691233639938
0.6096625923816956
0.6163990839036938
0.6207316508717711
0.6519530599835833
0.5988797768540128
0.5886248932351567
0.6299326900161836
0.6751064783707763
0.6890096483063115
0.6242537739296434
0.6760812583453081
0.6611243220359587
0.6160114582865323
0.602023786445609
0.6316228509342857
0.621319798070484
0.7225302727490961
0.6811898822455787
0.716010432239392
0.6907521206034407
0.6985519586130023
0.6885453446581761
0.7142329306604182
0.6720147616353008
0.6663251804581525
0.6597576238849923
0.6159658598764739
0.7167797930667658
0.718541405454749
0.6642061454302276
0.664146169719675
0.6969422688842194
0.6548071824492064
0.6592916814164723
0.6438282887685575
0.7095344718710785
0.6752902467449623
0.7095312150806979
0.6787093773895392
0.6292996824592967
0.6055721607855199
0.5706135737907169
0.7167254884328254
0.693392770394594
0.755674155278619
0.6931842392961093
0.6956507107131592
0.6749547850651694
0.6337209156581826
0.6636167012542673
0.6577022419052038
0.6480505877391898
0.6121363302267513
0.6440028075372135
0.6882467342355993
0.6908651960262034
0.6441524042985146
0.6797078184348421
0.6730708974915364
0.7005166182114076
0.6963224513879945
0.6661295671493294
0.6991145363239437
0.6760683475780918
0.7231266604320573
0.6738906436215205
0.670975632540916
0.7262824943653449
0.651878383254021
0.7003806051114857
0.710917690351809
0.6991218093304022
0.7569216606526662
0.6830931187913469
0.7180717912195472
0.7044385478139998
0.6734817391983549
0.6801347485895627
0.6602964757371688
0.6554087926953944
0.6689612401249143
0.6542963305372191
0.655713686009358
0.6803607822317663
0.6839764265230024
0.6831186026384383
0.6469099621828297
0.7041294939941719
0.6920255365644433
0.6883185214073034
0.6667256265115888
0.7166200807020651
0.7394347534785557
0.6313411545717661
0.6873907566438737
0.6419490821820918
0.6381688561926245
0.6645039677305778
0.671019640588698
0.680683037010165
0.6504232307034448
0.6301733455689024
0.6620423281652066
0.6614643348967387
0.6759888582790226
0.6439451801954587
0.6311931179551492
0.6703666259669983
0.6872024530375315
0.6928858657267354
0.6637639821549529
0.657888312116531
0.7403271168776563
0.7576629792360293
0.6735734076809029
0.729396180657632
0.7057914070698402
0.6756725248933593
0.6716398804313497
0.7196764402221447
0.6991068482263586
0.6668798846448925
0.7038600018777846
0.7174100368225004
0.7340517766603839
0.6814736675909654
0.7314645470464262
0.6647991796720676
0.6536364289942201
0.6543363319205439
0.7042842261159307
0.6668197381789037
0.6313741833418152
0.616051866240815
0.6588352223790653
0.6843895463147264
0.6748881164425791
0.6545772214957104
0.6766869782884195
0.6647370916807659
0.6497013142081396
0.6690511971250963
0.679437355046648
0.6793929425998504
0.6608131901572917
0.729097761768895
0.6584868441574726
0.6585056605003519
0.6569482156319311
0.7013913567704565
0.6992504174368512
0.6787323210141383
0.6736652975054109
0.7314768628944928
0.7718713644158771
0.7450627353834927
0.7042250704247556
0.7046304800798601
0.7157897278608106
0.7107701672003441
0.6670591129473693
0.72620785715309
0.7337974242243903
0.6954707288475437
0.7408789310358221
0.7479337196088117
0.6884928645470586
0.737478089845558
0.6798859511924352
0.7291671229456311
0.7145043089632384
0.7218525949552705
0.6846407103563731
0.660235719765634
0.7167495673598402
0.700061305764003
0.6701885819101133
0.6635454084439968
0.6788397527645972
0.7425391076423714
0.7068800497650892
0.6600708876879431
0.7038003300552365
0.6860972092493183
0.6363882199313846
0.648223331562628
0.6934715358058149
0.7357726939091397
0.7348667930358268
0.6613228858703002
0.6398179068646666
0.6317828233234137
0.6690050957936067
0.6775399599157553
0.7049255451788674
0.6127910961211144
0.6654425833725975
0.7044306461909318
0.7026931012831608
0.6587414898071622
0.6473147086118959
0.6777864961663885
0.7214553239835798
0.7025724610060922
0.7446438070352225
0.6656571093516446
0.729390033216637
0.6985219644589532
0.7033200909116974
0.6993665728977587
0.6909909137692946
0.7040560085140833
0.6610849582265116
0.6712544375299895
0.6803269703783164
0.7096219357624268
0.7196927687895893
0.731181641151603
0.6617360249490287
0.6859100495778133
0.6826537116181216
0.7336022203775963
0.6800045189080607
0.729157334774931
0.685824370171174
0.6992749648500609
0.6616539400598542
0.6999166484221295
0.7026484869335642
0.7213783676692249
0.6582552350803799
0.6737702867612051
0.6952542795881526
0.6471920877074712
0.719081840191482
0.6671004049995233
0.6534437198720197
0.6633436151029631
0.7132091618278518
0.6813322602358213
0.7102933624137754
0.6849954129681097
0.662477387948851
0.7190465874778327
0.7050836035120804
0.6652605010691964
0.6805863983694134
0.648483211281532
0.656719012720874
0.6517147250978372
0.7170817122070566
0.6634581344455377
0.7021536374772812
0.6713547598479127
0.7094798714003728
0.6652370013328928
0.6543178434940686
0.6821189458273057
0.6760409427347394
0.6896590172527091
0.6907334173580179
0.684123049452429
0.74745800383451
0.6765222101845536
0.6786773112302583
0.6660837382615634
0.672534387438507
0.6516345166425274
0.6584180223523975
0.6585458519181502
0.6568885229839448
0.672534387438507
0.6341180926649663
0.6792301473578997
0.710078297933585
0.6683252216950596
0.6578252536381616
0.6410437663109481
0.6851968842291836
0.6934769396460159
0.6591780891767102
0.6948646324720524
0.7176773081155006
0.699236591820533
0.666936945258951
0.6622263800692054
0.6556187024570018
0.671076811765947
0.7570682330697935
0.6754400084031186
0.7052418390394816
0.6361213303513537
0.6410902346428917
0.6778354089935514
0.7246140694580223
0.6552306850331522
0.6644161354990785
0.6913210384902929
0.6885178838664598
0.7250527003616543
0.6437051585692585
0.6492378681149121
0.6577756154740665
0.7213957121320002
0.6829647560763922
0.683990864890073
0.6315943022920795
0.7192907356640953
0.720351991194231
0.6975895599486692
0.666660686291744
0.6830877476034953
0.6802562167876807
0.6495841390423153
0.7305311483770481
0.711567110344496
0.6903038478519138
0.7011192036630793
0.6831076517325051
0.6478083079160689
0.6487775669470954
0.7328103987970639
0.6543229918323163
0.6892518303736803
0.6398358768284462
0.6527851101427041
0.747605799396928
0.710327429901331
0.7224638871349106
0.6823545396892124
0.6631202667697331
0.6785153425981743
0.6949826550198897
0.6998075985773898
0.6905349772050474
0.6842177783606819
0.6922847952793891
0.6807575837043601
0.6649887758999886
0.6355907897292435
0.7066875724269333
0.6306838144158246
0.6454986445448186
0.661554644801156
0.7098023420299904
0.7282785779155763
0.6940578628311038
0.6261055517957659
0.6744431175433866
0.623921971179714
0.6605970994389166
0.7145457086628869
0.6611715376341382
0.60796246968923
0.6874242528292134
0.6567304020347526
0.669226339234846
0.7271649535280243
0.7083713715155091
0.7685815874136211
0.6728971222726294
0.6759433897890723
0.6691145378757274
0.6762503329460505
0.6563250176982791
0.734034924325252
0.671299677537861
0.6489369441126173
0.7018430689337746
0.6430109458853198
0.7291594039511662
0.6593811099136191
0.7202639701432498
0.6959575795145412
0.652670692561387
0.678280310299525
0.6822732214865802
0.6542562317792991
0.644922866455664
0.6471247395236541
0.6635128073695843
0.6984005420864609
0.6723781147286289
0.7224403790020113
0.7346167191874226
0.7013921222606139
0.6755092066570225
0.6613859571373213
0.6836262018732195
0.6374954871271077
0.6714660885123482
0.6738976796671298
0.7063100322733157
0.7005496647997694
0.7405113869967561
0.7311517362677737
0.6772968989231029
0.6921088900806703
0.6524866200488745
0.6958794570188312
0.7491385047937708
0.7039297879494638
0.7151867416351808
0.7365572983010156
0.7120808363351558
0.7171619457288178
0.7048441415070655
0.6968311628868931
0.7288317993496817
0.6599160003877282
0.6684490908360833
0.7167349331522455
0.7302992799388492
0.7219567298730132
0.7381126246536187
0.6380778840605706
0.5935117184646984
0.6326470258557413
0.6541409187249887
0.6538866477126666
0.5988797768540128
0.5896203577471635
0.6753446856796345
0.6890096483063115
0.6215803663353563
0.623492144560028
0.6799682674449589
0.6879050563667585
0.7112252444992821
0.6934839595816957
0.7150318497539148
0.6832883379976296
0.6470427312993834
0.6549726043303211
0.6734579978155245
0.7132505103013953
0.6663045291098308
0.6547704683563734
0.6028772057599409
0.6382409839425703
0.6663045291098308
0.6547704683563734
0.6028772057599409
0.6575647102763738
0.6343531427612136
0.6482437523634258
0.6495380718781066
0.6512713394771973
0.6382222216734628