0.6611628467258563
0.6960030601980569
0.5994776446780683
0.725178772180614
0.7232218197087628
0.6860814609452135
0.7169021433118741
0.7179412305818187
0.7090641795807733
0.7175603484784217
0.7546061356759527
0.7204248231863002
0.7317066397214912
0.7742977533324884
0.7331801524215364
0.7301177081259456
0.7381299468428955
0.7610466513797559
0.6976485665514424
0.7970562362401736
0.7022496102722291
0.7391215851923221
0.7025439939546395
0.7277673599198754
0.7170498085972238
0.7422205528893078
0.736405790090216
0.7197373425421664
0.7401931785047126
0.7089245582378798
0.7299055211047027
0.725670303431925
0.7495559969118777
0.7640734429260959
0.7070346788974565
0.7552924607786098
0.8220265324447397
0.743003818745907
0.7586629711595877
0.72335326824542
0.6905564848865188
0.7314360464656301
0.7443381287521601
0.7342331019553231
0.7222337994836004
0.7472644272865383
0.736797487330719
0.7555396450996295
0.7299157431736355
0.7602582799447483
0.748712220067865
0.7350414108052222
0.736531116660597
0.714993566514859
0.7304692871729079
0.7370720180578871
0.7468966428033952
0.7602008300825209
0.7283761471865908
0.7293894456899777
0.7268210881469985
0.7248845595080826
0.7083418991281027
0.7245127430796003
0.6975920310884011
0.701263487820889
0.6845967932214158
0.7167925698349136
0.7109238084929381
0.7302662053781189
0.7774277597677912
0.7254753889105632
0.6868177644191453
0.7183612630569554
0.7003715432406715
0.6720227733293299
0.6796179845276163
0.6686103332090614
0.6951756953834112
0.6590158879084099
0.6976785096164336
0.7070434810357261
0.7164395316123595
0.7605869271529748
0.6570830790175465
0.6701288994909099
0.6602672685176645
0.6640740290977605
0.697135262170978
0.6676550432659457
0.644096753783765
0.6620163532788929
0.6412950308819538
0.7201548120198983
0.7397985903666227
0.7440794271571303
0.7157923294195424
0.7214423310826588
0.7423494676351268
0.7401344515975212
0.700460642565199
0.711498581437615
0.7192308173978426
0.7605259787074421
0.7215101629747178
0.7934091510706727
0.7142595802994273
0.7560259384610871
0.7505626718135278
0.7055023158016338
0.7324221455253944
0.7099542217605808
0.7985004753687259
0.7231277832715889
0.7141025969446312
0.7583391505638892
0.7146481645537697
0.7864227042799912
0.7187196695118707
0.714759088385676
0.7097080905444163
0.7417337826190479
0.726842123755316
0.7170721185193784
0.7138727581033373
0.719262613180978
0.6869214410156447
0.7076416415498131
0.724209029619577
0.7178071996261586
0.7297092153531995
0.7275185445287582
0.6535074083353166
0.7036261861486476
0.7180134555230189
0.7317147821379508
0.7247276801854038
0.7301363330886047
0.7709190920901704
0.7513726126157032
0.7561749623542594
0.7754113652284413
0.6502334613771886
0.7209912676116874
0.6555536965491277
0.7293052220404774
0.7120127329854457
0.693760464941906
0.6931558935158256
0.7395977161104785
0.7151910137816894
0.7122591702997435
0.6957859459609547
0.7149134563335665
0.7042482337382977
0.7151575536800986
0.7111235852003882
0.7045959604661957
0.681168930447603
0.7242213525672341
0.7378578276739486
0.7416911273412199
0.7310497215343134
0.6420493347093914
0.718263519667412
0.6905723805550581
0.7203255114753827
0.6958493841448516
0.6983018018403638
0.7203961628558241
0.7293776758869365
0.7991780739333512
0.779851216517256
0.757709149709939
0.7394349845727959
0.7251213221110032
0.76118419184282
0.7082757046160751
0.68861405925217
0.7233932725405056
0.7030384013074111
0.7217956532746422
0.717471370062138
0.6922061565861733
0.7265994181899484
0.7148077068133101
0.7247191081130375
0.75774723227377
0.7345286835341388
0.7594580910280284
0.7101018135464314
0.7003556104957518
0.7158011295145663
0.7039995211274171
0.7206909785111358
0.7070500403424278
0.7117388034061405
0.7593981353054056
0.7702983997411357
0.7523941131638155
0.7570159322312164
0.7518010790463744
0.7612896513094372
0.7191299748498827
0.7075867462880238
0.7589549720539985
0.703739574678766
0.7947010165454403
0.7399443038257094
0.7385912393561824
0.7048364158661001
0.7016627196109427
0.6993674797514136
0.7116743129529317
0.6675286941983344
0.7374103956466369
0.7349753391226772
0.7201085670028691
0.6766480807146685
0.7224099106713188
0.7456491176267893
0.7564026775445656
0.7340045671472905
0.716176426785462
0.6949847277745257
0.6817326803158238
0.6839853090082187
0.6681250094730014
0.7256995514057482
0.6714478431679396
0.7470520156305314
0.8003595161809709
0.7943267559454553
0.7976510798348871
0.8248385071796035
0.7720208950641694
0.8062970644616776
0.835047234643166
0.8687837609339911
0.7566181957799641
0.8118887916930015
0.8238783149899042
0.7969262674343467
0.7327722550128836
0.7710149154209737
0.7098352635251196
0.814042052278101
0.7229383294139792
0.8004861712671589
0.717561420484384
0.7311747152951062
0.7355369741718583
0.7231314971040679
0.7012062560426824
0.7284464508817955
0.7318342985065484
0.702670940267284
0.6691050209189375
0.6380858242291872
0.6317322262726727
0.7485553657124532
0.7119308313653289
0.6837586901828501
0.6925083288931243
0.6768248985550565
0.6519633249174093
0.6288617934186284
0.698055830653683
0.6103590412360657
0.6622461349352005
0.6340245832413319
0.6513828600143782
0.6668421733005052
0.6918666980123135
0.6206851704646158
0.6331021726700083
0.7018451422524541
0.7192500592667652
0.7248801271504288
0.734368130932758
0.6925973770348987
0.6539277088242236
0.6736612817409252
0.7243750083232384
0.6771833230544417
0.6651191712842911
0.674983380111478
0.6099756080177604
0.6497225368271747
0.6317197384580585
0.7064688492575772
0.7049077103175793
0.7083179623695812
0.7000313458943714
0.6743606078116237
0.6775744199373085
0.6732079290382719
0.659554321256723
0.6824815971289754
0.652022226780156
0.6772044139208203
0.6876945009536907
0.6314311440323223
0.6858187838964154
0.6227012218543868
0.6299631730786442
0.765299549592971
0.7720995539814669
0.7454343196255083
0.7543823106887579
0.7536732723712861
0.8034490044420628
0.7612986755645136
0.7580537316223039
0.7735188287712065
0.7667831745066622
0.7563530018070334
0.7871173121795213
0.7310332805474421
0.6388707568401019
0.7446590459313894
0.6466874439864799
0.7303775079780424
0.7075995607914213
0.6875071006032912
0.7665349417915928
0.7163973087573375
0.8183550012435924
0.8809209667295523
0.7706002420160406
0.7022496102722291