0.6723241827626902
0.7296291818124322
0.6666200668313478
0.7322663177180431
0.7351700954030758
0.7238044336594747
0.7236854472725397
0.7529769133485416
0.6988968082562298
0.7241907319448663
0.7496837535132023
0.7562095164569385
0.7621389406904024
0.7437828628643799
0.7395832470057265
0.7565975264955273
0.7464978726108171
0.7103409506624214
0.6987953537841705
0.7264468363450721
0.7779662462456685
0.7638803534615058
0.6968944000190401
0.7323349566898547
0.7376191274842091
0.7784802317706392
0.7428304371136275
0.7953228668159188
0.7521507047391967
0.7650804820168876
0.7767985907267554
0.7324939030450203
0.7632484876197168
0.7823431688031451
0.7495531919447577
0.761250804076425
0.750802361827712
0.804812229504036
0.7771261561975578
0.7343176468793765
0.7417604946004537
0.8329015371015078
0.7870692045350097
0.8267714387571845
0.8141576737340583
0.7594859094952254
0.7883101427656191
0.8254176485200083
0.7844358178530799
0.7900039828943156
0.787782449318633
0.7275872923220612
0.7207723447040276
0.7281930207673254
0.7340884739854011
0.7403306407471255
0.8102801346595658
0.7724037014033435
0.8066680216323193
0.7411940086659421
0.7843169664748583
0.804951924986842
0.7247389606910933
0.7313804692263248
0.7455414053067239
0.7850901485553067
0.7419289862993255
0.7411313105556618
0.7472063475108832
0.7353625399163063
0.7479308682894661
0.7612193981399289
0.72828481880448
0.7539217539063706
0.7471115299194154
0.7425606662901335
0.7045069578612992
0.7104934609970954
0.7122886749213954
0.703556982671036
0.7277675487461979
0.7427220814241018
0.719685830650511
0.7443301812715972
0.7142219645903183
0.709859655644968
0.6778798459985266
0.722109496636252
0.7165906880451822
0.6885627739674919
0.7133091681774409
0.6862144983091234
0.7096509073081142
0.7370247642877663
0.7366687857709205
0.7362055121947815
0.7325449246164065
0.7282862267105061
0.7465732915938309
0.7264770278655882
0.7195675408303346
0.7506198536459142
0.8009694992922781
0.735689996708066
0.743295594707221
0.7657443008108161
0.711472929597319
0.7300256345727874
0.739227534953256
0.7486039044412909
0.7539707679824942
0.7212213051174676
0.7643679627114637
0.7367561579650174
0.7540797572910841
0.6966334892262969
0.6829610578872557
0.7395839991509819
0.7415968168655175
0.7121872511571204
0.7413963344069379
0.8194306717057067
0.7828082230023867
0.7821026636428866
0.7604956408001203
0.7718571372083882
0.7642790793856173
0.7837924377606222
0.7561143347566521
0.7816669160016589
0.8000545296680438
0.7854058415420982
0.7381784598050454
0.7735406942993815
0.7733362959341533
0.787824140151249
0.741266422883522
0.7608728388287082
0.7523367577030179
0.7488584174636027
0.7649770541547185
0.7780546936608276
0.646096696362348
0.7562675720989931
0.7483228150790276
0.7612072095935815
0.7494476485988222
0.7317787142652792
0.7357493194581038
0.7566526575242802
0.7946443456699991
0.7200286336250117
0.7498489577493997
0.7417658423365805
0.732349410959603
0.754164733476014
0.7412897844716146
0.7358494846194794
0.7114162051660488
0.7299412913126484
0.7207898177803735
0.741837696969552
0.7356854369836563
0.6802054036301122
0.7414899202041898
0.7390849691146824
0.7796973201115805
0.7524676157541261
0.7318834584579623
0.7361381957427082
0.7405939805908909
0.7798156344836331
0.7717621912915997
0.7362611085971714
0.7851985511005601
0.7740851398686562
0.7585843513285413
0.7443028434979985
0.7657984036479252
0.7418111669822728
0.7431951391850653
0.758867358761801
0.7245723335340315
0.7378389783502237
0.7180196776480199
0.7837857412540051
0.7317046432393459
0.7595913532487599
0.7931507030543562
0.748411114959955
0.7173053711000019
0.7229643874478505
0.764147578382771
0.7414050426185458
0.7680901570930965
0.7619097940759272
0.7869702328581706
0.7263022734182181
0.7589009388204346
0.7305033815887528
0.7408457884021963
0.7565744183131405
0.7442691279200273
0.754213395079607
0.733947148160263
0.7588563196569796
0.7569853952727532
0.750778614808371
0.7445800845246475
0.7524229989716262
0.7108349440871469
0.7163783037459361
0.7385003361004824
0.7510841637252764
0.7100794917315792
0.7412548307013805
0.7081154887377985
0.7426786345748296
0.7271449407058576
0.7224004989517007
0.7179492144360414
0.7449293267738779
0.751513182159647
0.7436033791866092
0.69657501097367
0.7079793853841468
0.7554735661626095
0.7141210786798338
0.7645081345654657
0.7153653232198038
0.738663350440505
0.706757122772107
0.7364258519751982
0.7276867871691864
0.6830585900831173
0.7164671288874265
0.729996314910363
0.7667607374194565
0.7294877797579052
0.7394064679069031
0.7232410006299198
0.7738133397624871
0.7354507693167843
0.72673910838717
0.7281990186310877
0.6908410527166656
0.6907659877604375
0.7005842769508971
0.7336735811546581
0.7132048800026977
0.7386292548842163
0.7905700563465912
0.7297091058694709
0.7007045644528711
0.7280672985061772
0.7610179837561737
0.7484799957441552
0.7344104389572708
0.7501932163470245
0.6932092636444019
0.745132610619092
0.7670248082595564
0.7710203187598226
0.7522484036696152
0.7110086565923754
0.73825257214074
0.7262104992732988
0.764194159969113
0.7250668572618126
0.7026940488932693
0.7415659725825251
0.7419696133351761
0.7652847807138479
0.7492729933637227
0.7152888942779948
0.7350089814690457
0.7658294729910523
0.7516806785795732
0.7506128480622024
0.7452893298493817
0.7312812890319053
0.7258293562229152
0.7268365111786748
0.7544675891966931
0.7555745020431421
0.7382316370127054
0.7404678955582233
0.7120679956868122
0.7260685410424292
0.7078885780487456
0.7607009349465153
0.737981057540499
0.7114704014545908
0.7325180414176535
0.7257802075577573
0.7401766700033696
0.7325140309705332
0.7398765837852526
0.7320619154687775
0.7791727896315109
0.702939000331382
0.7310123282038422
0.7253690692889325
0.7226982126498518
0.7233628611112005
0.7094765017652277
0.7815207791342063
0.762768315413251
0.7719370240739862
0.7298554072949416
0.7738596342200793
0.7724181449242535
0.7889395606558567
0.7486145654175812
0.7995650968860738
0.779510775728525
0.7814293031844055
0.8051068527144865
0.7161884947305461
0.6888492968308287
0.7631749544955833
0.7385382174783034
0.7259164058037747
0.7768617358323208
0.7165569266886992
0.7307217731330575
0.7102855210085616
0.7503093364963752
0.7422960638941236
0.7318155773247265
0.7779662462456685