0.647472571618356
0.6810774629445617
0.530877931888132
0.7032701450586069
0.6978840574630906
0.6676559439943948
0.697379759413572
0.673992222546389
0.6669770019884815
0.682247765967566
0.7308030736001323
0.7041040840997191
0.7363035317417788
0.7913336295676086
0.7364144678923389
0.7257867451951623
0.6913026412970805
0.731239629148663
0.6741095670332333
0.8152421414912498
0.6841015643005778
0.7339552487772741
0.6776341013621231
0.7394126280515637
0.7137611337400839
0.7439926538056222
0.7048560554285268
0.7069571956238685
0.7334999328264565
0.6982327677025028
0.7119072176874162
0.7333651012269479
0.7570339595339798
0.7567246933858487
0.7011026150702772
0.7308552181536816
0.8090310111952502
0.7270859947931344
0.7424780860180806
0.6971304086261263
0.6730828779518604
0.7254848074899655
0.7031913293252738
0.7093953468800315
0.7059804528362976
0.766069109942078
0.7284633095131225
0.7383970025796722
0.7188465331015704
0.7171587063343333
0.6948068251105675
0.7456107239397227
0.7533411819329182
0.7094312489925039
0.7417690403139373
0.7306599397904734
0.7080841925360665
0.7545534604622232
0.7040574564488002
0.7197078290261455
0.7042287719219975
0.6964104889735628
0.7081157244871272
0.6934498608398793
0.7030735027785632
0.6713119109773458
0.6771000363442441
0.6918358963117746
0.6722454569308699
0.6860206585060887
0.7483909698321572
0.6967335077183668
0.6993673651123976
0.7007940843214977
0.6828015706297994
0.6587363747486041
0.672454740850448
0.6656194814952242
0.6864015213630544
0.6426072724788697
0.6879938094601892
0.690131158529232
0.7090052330313142
0.7229461901328256
0.6494569103354613
0.6558980165367424
0.6538887986984342
0.6445792940768744
0.6806958299596123
0.6689278623818041
0.6432989713806511
0.666871017387375
0.629944916891793
0.6785787526429505
0.6959097635966274
0.7198862659971617
0.6682911687796191
0.6705948537118576
0.7015734718240976
0.7059581102003969
0.6809364108543152
0.6928820956097355
0.7138758863156307
0.7319543813834448
0.6999326234183757
0.7447763031702593
0.682015450158959
0.7099798893982342
0.7218945024136602
0.6779104899170338
0.7025441465427037
0.7020975513851305
0.7591361535220371
0.693335948206148
0.7286038160400198
0.7837336826020002
0.7127584079412448
0.8023902300086109
0.7387893682285388
0.7276787558368525
0.7269442036166017
0.7267513992669001
0.7076886314641249
0.7362227494603162
0.7312777866133788
0.712602897007165
0.695674150567997
0.669976696240456
0.7086786720003432
0.6609904203122099
0.7133498794009707
0.7078782039089522
0.648040474893687
0.6846209786145283
0.7054579059995046
0.7018602950658307
0.7228425212554521
0.7206307494083399
0.7288603340369156
0.7171152752243042
0.734749483012943
0.7510975802540054
0.6584611549525435
0.7124058622397812
0.6449696147425232
0.7162269904332175
0.679396723646575
0.6645557848390061
0.6567816768253769
0.7093436705521119
0.6735527785047012
0.673067353630235
0.6303912569184817
0.6985235275739237
0.6959502131563835
0.6966718994375681
0.6903821040289727
0.687175405883657
0.6514045122883454
0.7012257609363096
0.7083722786423373
0.6964628191190293
0.6925711532168066
0.6042255980362364
0.6847106495154395
0.662570598786218
0.6917726707421319
0.6577362572254465
0.6693978983601971
0.6830829624138146
0.7167798605046845
0.7495988581753362
0.7238113393141156
0.7092855456055148
0.6811771908518579
0.6672221951353774
0.7371659865299435
0.6980449884720931
0.6791240595470929
0.7088128072304527
0.6775391306927881
0.6866975766835295
0.6741152220244724
0.6465257570613866
0.6960796109383954
0.6860070165706396
0.6890055761710833
0.7298299747289774
0.7362689257888938
0.7388154078716024
0.6801945386325811
0.6745181604542355
0.7092009229681526
0.6687497151906544
0.6860495093384775
0.6961790804651092
0.6695391254205075
0.7351575513312716
0.7360597346985951
0.7163911276587249
0.7055792647026584
0.7035263407827299
0.7172316353079872
0.6838216192782741
0.6797934057482116
0.7395905029777751
0.6820991122831322
0.7443667291688464
0.7208947426629438
0.6990934164933744
0.6990810304313135
0.6772624046252834
0.6648479150566073
0.6945645243254075
0.6337894835455465
0.697844098090896
0.6752033058315806
0.6826506053140908
0.6423327976994965
0.7065260847867509
0.6877527121916459
0.7002504010966001
0.7051188253839826
0.6807565096558744
0.6856608850329253
0.672204876740526
0.6619201211049455
0.6474976860071869
0.710648829773961
0.652814623541073
0.72807324067999
0.7955191983344436
0.7881270083242187
0.7713697957652403
0.8287776452646253
0.7582849263626463
0.7911800675054973
0.8363247447535546
0.8469421477808883
0.7528849722244221
0.770301253618164
0.8256407239860198
0.7749021334801071
0.6884038783590618
0.7405497147581054
0.6812422395806591
0.7587984878982552
0.7075686347711116
0.7788499038538146
0.7149970295197133
0.7185274344005729
0.7235894458711426
0.7192058022671086
0.6881317548467157
0.719754901947928
0.6990516544297416
0.682317226861565
0.6335194241129626
0.6081158394287669
0.5864672797752069
0.7029788932763847
0.6805232170844521
0.6176523064640039
0.658555372807051
0.6591242113538563
0.6196254811551976
0.5860263871459184
0.643179219531856
0.5570777566547405
0.6711327497169052
0.614815420090156
0.5956092466166796
0.6474999130494544
0.6751074193771773
0.5938783130616206
0.5598128945517736
0.6895866328531087
0.686625303437612
0.7043653972356504
0.714629795501372
0.6683495444471966
0.608191387297946
0.6430595951955002
0.6842114455607804
0.6164204150140077
0.6252198695476938
0.6132301759050542
0.5571823452571555
0.6046431890847167
0.5982403259276384
0.652151124341466
0.6619996602278018
0.7122472239627828
0.6694319377227704
0.6462547785849398
0.6584560381268526
0.6378847314415446
0.6006931162056974
0.6494712857387454
0.6159494183734322
0.659937329254124
0.6559891692584621
0.6149056605545861
0.6622316711986878
0.5980432134628413
0.6134603339244523
0.7545289745687339
0.757695246447919
0.736386338328446
0.7143949895466876
0.7579060683252724
0.7796861691678072
0.7575792162540476
0.7367984162529366
0.7497939261396975
0.7397622107469323
0.737939040623774
0.7564104393748831
0.7337282632093389
0.6253014149904685
0.7217033074345335
0.6541864584342496
0.7205921493007387
0.6851089643141457
0.6804940396865585
0.7220685549192859
0.700707528321649
0.8208354864357384
0.857201310044181
0.739830894672181
0.6841015643005778