0.6436270462311154
0.7109793214139019
0.5575398426060899
0.7241725645864174
0.7211722650570098
0.6797741065145211
0.7178014541523207
0.6974090289837505
0.6493421203321256
0.6677417080536191
0.6935446146382955
0.6609622434808321
0.66320753150355
0.6471422587678184
0.6833114360693262
0.7299505509773833
0.7209587240569681
0.7041935449846688
0.6499330333625959
0.7183703655202966
0.7102635870151973
0.6903993703631796
0.6758820193879626
0.694113852307025
0.701988815388598
0.7234588974680818
0.7326098268035383
0.7023051397771454
0.6647406856942316
0.6838703761927538
0.691233086074068
0.7030222876561043
0.722310667081677
0.727941647483734
0.649337022008371
0.7142239085313739
0.6984673149502723
0.7299750922833965
0.7845881970500813
0.6906993795151262
0.6660754285321013
0.6915531042520091
0.7357792743895883
0.6996837686433451
0.7063539922025093
0.7655710300569795
0.7519959936354887
0.7181319817941981
0.6892129911235597
0.7070458920921878
0.7167680068512697
0.7013199716489863
0.6910831967963235
0.6692093937784521
0.7392617120619503
0.7259210403976142
0.715119900413268
0.6880700604051243
0.7062585366765848
0.740632352715462
0.7331757267233223
0.7167342898521999
0.6406683350318138
0.6765325878044991
0.7242990857849665
0.7306378542242998
0.6824613078066476
0.6917798083794873
0.6603289673812535
0.7029575219603051
0.6918010749753587
0.7404528903037081
0.7234171906890784
0.740681718808688
0.7268965406580593
0.6817647438236438
0.6671344035549913
0.6888356647781257
0.712286775117083
0.6743195554449941
0.7004619654040878
0.7361428088512513
0.7285507526159819
0.7076876021161993
0.7170537293823172
0.7115092475680318
0.7145706796420531
0.6893549226949572
0.7039146817834443
0.7314688800355826
0.7262934282664993
0.7142041769704915
0.7047757887851562
0.7052464217519838
0.7062210299490678
0.7029362306271871
0.6729353909094704
0.6889671917922605
0.6940848862874825
0.6768448150701533
0.6784639835821518
0.6613079750563741
0.6969367243491518
0.7326003706771781
0.7232974342648104
0.6955101134465571
0.6912456061518506
0.6722120803966659
0.7185888016997674
0.6771881823479489
0.7103365541909193
0.7111358036624108
0.6969831896212111
0.7664729766228449
0.6772506734019801
0.7016194439264777
0.6323591389749172
0.6810110883206221
0.6998669594116377
0.6633168535432095
0.6983274048472828
0.7347915052483914
0.7094739009485426
0.7277626960997948
0.7263453343043926
0.7370697186233455
0.7294939034420385
0.7610738788393363
0.7399359326102485
0.7210672459832923
0.7726590713765221
0.7499518988393642
0.7075735543329837
0.7203141504717757
0.7027642512322139
0.7107334698310271
0.689032463735391
0.7054374544406793
0.7246306626505344
0.6844176335449457
0.7043468438722014
0.738542429961429
0.6145944659312726
0.7484280444115009
0.717058839513686
0.7350189531375391
0.7164089018494714
0.7078042931425448
0.7542752657056393
0.7698098436354702
0.7325283849069653
0.7356343132014407
0.7364341157994394
0.7549222378195479
0.750249959045051
0.7699723423738845
0.7623076545310685
0.7602258598071283
0.6754317276694485
0.7249978181917627
0.7099607959282044
0.7498010336874389
0.7692287928871856
0.5638851138213679
0.7711878389829726
0.7038437852806347
0.7405531769330077
0.7130568720374107
0.7296950825214387
0.7127829244981853
0.6908017071212254
0.7089449577316238
0.7134425405969683
0.7101413896557158
0.7319249360632197
0.6621805723960039
0.6828430259761256
0.7120666994022594
0.6937346569271894
0.7138996504495042
0.6857680675598669
0.6680735011650866
0.674233394217322
0.7236034208475157
0.683683456473244
0.6911741295972988
0.7441276106832596
0.7139295003324766
0.7073167182504667
0.6712070032687156
0.6700311171790498
0.6872626401118019
0.6886863904100496
0.6943685982953732
0.7284511372285992
0.6871379303682824
0.6798350110264791
0.6402771923566201
0.6722465823950232
0.6449978129343426
0.6950057892460275
0.7174707951447616
0.7139132493769748
0.6795548236318361
0.6998457799170142
0.7511826162156426
0.7380600446144565
0.7871062141149233
0.8562306045129416
0.8301215082416344
0.8111107602339506
0.7706056278346264
0.7572845404018177
0.7908525881820394
0.7763782800195163
0.7959074669910449
0.7703010902419318
0.7863548963698743
0.7298791552683421
0.7434403087075211
0.7267214725364993
0.7224825775341085
0.6723478442329504
0.6901685667712703
0.6663694814050666
0.6582263896664337
0.6563997890862129
0.6465373037421093
0.6987800360694106
0.6694931907449216
0.6741899101893758
0.6905701202146933
0.6942450400613561
0.7124355862980114
0.7131452144477075
0.6555079234675305
0.7328725393200747
0.7078937685605963
0.693672365851276
0.6203733002251242
0.6715063161378212
0.7191312651442126
0.736274189980794
0.7594730089314699
0.7665004304430607
0.603170323213608
0.7175099976117439
0.6720941954053836
0.7570378233214601
0.661534320031933
0.6988452170178853
0.7085405173985558
0.738823634820942
0.6588187311653477
0.7633786627865746
0.7301991999679674
0.7079007867250959
0.6499159794242053
0.6656951627228855
0.5460373169318364
0.6912092129368056
0.6682958447842058
0.6529501351709948
0.6535755327624472
0.6657327892675691
0.6527794661043137
0.610850974412826
0.7039960479265724
0.6169695491438363
0.6327633744997627
0.6764999077400179
0.6494301377223316
0.6572218431858313
0.7025967677468782
0.6927945355580712
0.6541599424329609
0.7201868160757379
0.6874648146996739
0.7232431906171787
0.7241346561958303
0.6784095198599494
0.6400066771834307
0.6486960905878342
0.6587239411034193
0.6371163023770062
0.6527822834440608
0.6436123844395022
0.6270353346706006
0.7095519980620282
0.6551199685110706
0.6797426736929819
0.6700919427620506
0.6864015787409895
0.6882369971883593
0.7191757993129596
0.6738378220435592
0.7076261219825344
0.6495893035563807
0.7211794779411566
0.6554527528702605
0.6796221121237421
0.7259142619059022
0.6514449449259375
0.6857169102152336
0.6866805424589084
0.6604084724381946
0.7536099211391585
0.7387011829277149
0.7438132290659979
0.7315358018534786
0.6952029699840507
0.6991733001586652
0.7029011816391032
0.7345479873938029
0.7177994482477933
0.7525268129450804
0.6975648086786679
0.7670122397063303
0.7433313111588752
0.6209850334916465
0.6880274777282116
0.6415904615931781
0.6552254536913062
0.7269091574238631
0.6950293521756212
0.6810005349071462
0.7721109320543194
0.6955469267083983
0.6980651599523385
0.7370595693776976
0.7102635870151973