0.6005725465059875
0.6592209252716404
0.6243098810562213
0.6957454720004075
0.6976611507978213
0.6645361049125958
0.6741810411178618
0.647061374823411
0.6407249066390194
0.6529432609060966
0.7133238601445108
0.7012460211323074
0.6474489695159908
0.6743940524353629
0.6972328883042397
0.670216998677519
0.6771427610292557
0.6854410333607678
0.6385565431723446
0.7085621917012539
0.7254064257719955
0.6615776033216572
0.6472458856157457
0.6685152288011428
0.6723042369438599
0.6936491497866049
0.6873947576871561
0.6729541975909429
0.6770995023942497
0.6576818644064738
0.6517228448031128
0.678979383789431
0.653964558859648
0.6505282168257266
0.6234221976271004
0.6430343881949246
0.6721996855827858
0.6686560849462522
0.6782739009737863
0.6830316307527776
0.645994352449625
0.6712384528204475
0.660682535408052
0.6503572545730463
0.6753500937859173
0.7033125645661651
0.6853104714126932
0.6906081050475449
0.6609643103673724
0.6737830736194494
0.6983023868966879
0.6832583041044265
0.6680031120941443
0.654381360051503
0.6696565486805159
0.6911312917851713
0.6921917036020753
0.6905273613465405
0.6697929469711108
0.6827469501335114
0.6710838274907273
0.6720121009320256
0.6919434809663066
0.6741179398539308
0.6763517073760776
0.6800515869898994
0.6352074731581793
0.6666446381158647
0.647185529136999
0.6452711383125114
0.6985409945103049
0.6809165020749812
0.6321453585380671
0.693783057144526
0.6691679485972549
0.670623879730566
0.6511155672496863
0.6397732484846006
0.666645774180393
0.6555107392298396
0.6391980789388514
0.6613884919607106
0.6629735206723963
0.6473741035893286
0.6484663206241515
0.6451361950687953
0.6212552652722196
0.6438667918445772
0.693148629307958
0.6373292125281309
0.6174953847935974
0.6321145998992059
0.6125426230786747
0.6400109448757133
0.6654174784837968
0.6704550408402289
0.6399680503104448
0.6563016948289623
0.670840755952237
0.6531593751323991
0.6475341393809281
0.6620584586812589
0.6703753638772075
0.6823075696630584
0.6691009685341434
0.6785808423943893
0.6774946731098519
0.6769660768834471
0.6718920757492803
0.6632210858736046
0.6575569684195587
0.6459765425574296
0.6627513572532225
0.6530096775944907
0.6642502606285444
0.6817546768338768
0.632546889700253
0.6827276398179362
0.6860452085050563
0.6649572009219923
0.6365670678660554
0.6727625813603539
0.662862525178071
0.6544061299393824
0.6681903592986661
0.6491010822757207
0.6561718728887459
0.6610986495597885
0.6637379787815658
0.667799327667042
0.6662316926571268
0.6812596826281989
0.6321211994918984
0.6650312108719867
0.6830478007053482
0.6648169338178984
0.6447873610784844
0.6419978081760711
0.6788835959762071
0.6768994262178437
0.7145250062311986
0.7104130152691779
0.6334372738391476
0.69093831712102
0.6441727047476915
0.6864078211888064
0.6742145566657258
0.6479664961631307
0.6681507411281461
0.7048044761606892
0.6875123768130214
0.6793638428256678
0.6908672365037309
0.6796539973086684
0.6597636238431938
0.699820006367192
0.6845415039662947
0.6721528382163539
0.6420383124778279
0.6555317383207108
0.6565996395433368
0.672387825713223
0.6911621705492491
0.5839503992690663
0.6724200633658856
0.6560401956792785
0.6897056238681671
0.6615267100671811
0.6988901977276444
0.672134672522068
0.6629423491601156
0.6685453720225112
0.6626493478401337
0.6469346708633195
0.6750957168118071
0.654303396116463
0.6795990501970418
0.6542148115135747
0.6335630762280519
0.6543210025226344
0.7113271490850882
0.6972401748090045
0.7028668562960767
0.6853220644737892
0.6697848388780749
0.6908563385723625
0.6789386627931852
0.6748944460504841
0.7089232609921547
0.7357846898114467
0.6857927603608822
0.720674223199615
0.700503880303681
0.6744245358150884
0.6632668854328807
0.658739164455968
0.6680898362593248
0.6673080125988716
0.6619717076185027
0.6802750844167968
0.6607148421944695
0.6588613608656528
0.646981980205182
0.6622236879016129
0.6568375934907172
0.6812814391469414
0.6759595675739503
0.6774008505240859
0.6927253333694595
0.6897528659801747
0.6622242532123235
0.6730935300378227
0.6752813267713572
0.6721884416215319
0.653425791426203
0.684203698400668
0.6861691199169161
0.6897078749514061
0.6371155856750039
0.665332628564315
0.6226401622764456
0.6551510291399919
0.6415753158985581
0.6931026840855486
0.7350599910014906
0.739367274865946
0.730407243755757
0.7880000591468914
0.7769445083841271
0.732194033512941
0.7601032001106865
0.6858830572326964
0.7117761867515646
0.7158455424614759
0.7189347765680171
0.6454264195686931
0.7207903466329053
0.7376906006305465
0.7222794088703028
0.7076079321269926
0.7230874588581859
0.7316907687338382
0.7203202006233016
0.7003495105680635
0.7035620978667426
0.6640581476368168
0.7258627978240912
0.6983635690733537
0.7135633660463744
0.6643369704502664
0.6702417849711491
0.6759168447804834
0.6791353722613378
0.6562812833553527
0.6937447673413359
0.6707475345194274
0.6813947971428651
0.6425441297751747
0.6151787690425993
0.6338346528051642
0.6826987403249544
0.6816718306105395
0.6715675423000411
0.6765049269717873
0.6632051469664949
0.6800794893829942
0.6574675996653445
0.649995179852061
0.6280620358925095
0.6365140580428815
0.6229402710768206
0.6173793656859706
0.628348861741648
0.6752865009697583
0.6276111247133518
0.6174808723339852
0.636976204950287
0.6072684907039456
0.6534860421474168
0.6531429558703988
0.6197038238480446
0.6118090859786021
0.6386977402461664
0.6706189729137328
0.6299537982809664
0.6300443662607264
0.6245205847534948
0.5938397958892127
0.618237898601391
0.6174140792318212
0.6649332259823807
0.677311190306135
0.7222088464501779
0.6702526038669858
0.6503149374019387
0.6484971522851548
0.6542381723047008
0.6104865750420173
0.6412078795312398
0.629543416493745
0.6259059661351034
0.6604504294031497
0.5878630024939556
0.6236266982913342
0.5897782574434927
0.6048112959444693
0.7113518597436445
0.6908946277423458
0.684905623269838
0.6900731416636198
0.7028447580171199
0.6700937360797604
0.7138720748363667
0.6769386195445751
0.7103334381582609
0.6842736697770615
0.6958014059778451
0.7085423302545099
0.678629750043031
0.6054756016633971
0.6760977002093814
0.6160733008387974
0.6568580237501606
0.6714237500441762
0.6470025333283898
0.6889269295005169
0.6565030196381356
0.7242591130353976
0.7256644180309975
0.6530139555185338
0.7254064257719955