0.6634470624045923
0.6944193975135001
0.6095133328382815
0.7063981851363015
0.7249681436097152
0.6980311525747714
0.7112486895757175
0.7091421514982108
0.6695849678291985
0.6877898742658627
0.7049622642762738
0.6925233386220169
0.675142649531045
0.6648542419282721
0.6889762223990344
0.7049627679055748
0.7312719160332608
0.6727376940192685
0.6851133858712732
0.7301762767063151
0.7346296957940841
0.7098304270817405
0.6814556347052139
0.6668206284282425
0.6826549462158625
0.7286520612052836
0.7398528900704507
0.7140460792971787
0.7003300582597561
0.7017264299366509
0.6801903287193175
0.6656620181579596
0.7057085243942393
0.7248872704407343
0.6838941123440568
0.7003380303045946
0.7048835767452429
0.7078268621854585
0.7414144832011701
0.6640940791492486
0.6592544733028706
0.7171641561111324
0.7150625133917418
0.7332943934121856
0.7248487487601905
0.7600123020788613
0.7848250565744995
0.7417401434379265
0.7313803507716877
0.7548086318785828
0.7538012481442344
0.6958737127026673
0.7176138397359765
0.6791133323940726
0.7363714125179344
0.753765044516616
0.7216167059424692
0.7371418441612134
0.7666707250594332
0.739606500255778
0.7874045915930672
0.7691966804991563
0.6502545019232402
0.6943724771454859
0.720237182688039
0.7072276375662322
0.6846772479683638
0.6963732490945724
0.6619543658782624
0.695182587698725
0.7290536892620112
0.7044999007234497
0.744379797890009
0.7447246045609389
0.7247479791895631
0.7052552288415169
0.6584933866508843
0.6944521110999241
0.7207339407148395
0.6802021755032112
0.6927628990588558
0.6955521760339155
0.6998566169644145
0.7233982418179841
0.6966290036960435
0.6969741465314528
0.6767799644593231
0.6623445417400171
0.7133796951000066
0.6963273412556057
0.6924775410986983
0.6773369514023155
0.6874528365820737
0.7107104561771032
0.7236659037636921
0.732823767101283
0.7125283897769273
0.7246109724463423
0.7386933668887662
0.6910289896363598
0.6845037625585881
0.7002633480670575
0.7185940468001241
0.7011042313107466
0.7255962950819653
0.7248802361366752
0.7155451205979757
0.7013357897223963
0.7195804025478489
0.6875521129522392
0.7182073932853053
0.719301721916273
0.695216016403721
0.7246073008454951
0.6879610825239754
0.7234868855372248
0.6867710329984154
0.7138239361916423
0.7468483596067704
0.7264114572219623
0.7194915358600311
0.7499582975503774
0.7266147606889524
0.7496289307543361
0.7516958262083391
0.7493740624542838
0.7447908921148081
0.750506653151005
0.7513696214153304
0.7619352992505077
0.7759781028558685
0.7640456384223032
0.700088885863542
0.7382891022060328
0.7190125251900318
0.7242497730161991
0.6859268742820671
0.7455608108680404
0.7287942548854385
0.7252971769473586
0.7300301050974761
0.7843378915505314
0.6918816217389337
0.782453330800113
0.7477131810686218
0.7752011201408554
0.7745402397176722
0.7962265749950087
0.7423617995828885
0.8066403656910723
0.7522930134501782
0.7584631356836646
0.7369593734906966
0.7857900783653732
0.7833079242540957
0.7792933541572399
0.8011667681565812
0.790577380319102
0.7909657066501643
0.8070191714541016
0.8068808724521116
0.820720642925014
0.8422409785005688
0.6515808056761617
0.7801844920652404
0.7607955209972047
0.7705307300624485
0.7331533150520589
0.7529347348592861
0.7606869050719801
0.7846357356858057
0.7435275178210342
0.7196452811794312
0.7118777869834041
0.7548671123196601
0.7028110632862945
0.7048752023261246
0.7225388708806008
0.7306667849554748
0.7409604134426991
0.6917003734344127
0.7059685779580913
0.7074763500975301
0.7146236245286308
0.7122603483672328
0.7373967711597107
0.7120322877603324
0.6934554059490202
0.7147819939058632
0.6672719299781773
0.6560647945870692
0.657434184027121
0.6943380149653642
0.6876975876163182
0.7157985166205322
0.6793590820357327
0.6737600447847973
0.6834754474267799
0.7076805880970205
0.6849188672210744
0.74545604092965
0.7367103238337678
0.7226640173865173
0.7111207149818666
0.7172495300205871
0.7199819861085182
0.7176916938082698
0.7545016658020397
0.7889806327119584
0.7734221114390509
0.7757315332825735
0.7442882549713687
0.7269049187856524
0.7873145122510805
0.7659562409416836
0.7578992717496957
0.734127277429267
0.825426238563246
0.7136847523474437
0.7109619956402161
0.7008564910256015
0.7005834738169654
0.6854039979061686
0.6742067347404698
0.644076437766263
0.6813136407392706
0.6794917121236692
0.6522522669123583
0.7132133060588352
0.6867943770992201
0.6742630720290232
0.6915255789914301
0.6783534421772652
0.7189046086602436
0.711074178378387
0.6606932906697337
0.7283224817629952
0.7156934335834162
0.6979658437873983
0.657051689237244
0.6917211138025268
0.7636396547962098
0.7686326197984433
0.7469719056203523
0.769636693021767
0.6454234892108675
0.7208587211292816
0.7161861234806504
0.7234153400113326
0.6552315277971189
0.7019464959284506
0.7366098118991231
0.7842061038796853
0.7052392504220492
0.7136174804955305
0.7251422705267991
0.6885942574061434
0.6652046346063221
0.6906714604513126
0.6036623198696914
0.700117302136595
0.6906091339398314
0.6812001786216603
0.7087531813687903
0.7171520646784404
0.6704132003247671
0.6445188589496241
0.6921388007947717
0.6571387002851886
0.6953722323102499
0.6853991875266906
0.7042259134777041
0.6761885856682864
0.749675312200961
0.6912011109015072
0.6632021127616142
0.7287548665602653
0.7156623552888696
0.737849167055508
0.7222375732074017
0.7065728652935043
0.709575841950912
0.7091832144070017
0.7364066070435016
0.7025708344203925
0.7332036308780729
0.7323759092596946
0.67934937489605
0.7058449936278809
0.7083779195966919
0.7406643714919994
0.7029847634399927
0.6943169330070683
0.7182489153928926
0.702877062238206
0.7364614976710696
0.7421443371262488
0.6872018265419001
0.7298805069495029
0.693905044039371
0.7190362050864872
0.7342240045147169
0.6928375052638731
0.7412257394282001
0.7271077226429447
0.6653215703237091
0.7182874220850413
0.7470687510130474
0.7659627127902157
0.8108505464468432
0.7339558418372824
0.7194342959443152
0.726542216376572
0.7449690649195578
0.7411644579335663
0.7549126370832341
0.7002304156588595
0.7675110867862787
0.7476181747155796
0.6816894995133589
0.7015214835806365
0.6910485625999682
0.6615385761585155
0.7878041804928886
0.7310465634136734
0.7168541225648479
0.7398709316002227
0.7061233853741168
0.6939629308933853
0.6979961244614444
0.7346296957940841