0.6220149428216386
0.7075177188971227
0.6336871612827935
0.7047257973757249
0.7103735299670128
0.6668147797678522
0.703995805888325
0.6854469784859245
0.6660023669101663
0.6857841772093758
0.6916028720511069
0.6888550749588923
0.6751543897353408
0.6455936654141348
0.7080301486744389
0.6956231558919498
0.7375414676269557
0.6290811111127224
0.6434693280123617
0.6790534717185395
0.736413765021964
0.6975674114620091
0.69205587479052
0.6199398749013406
0.6805857088908855
0.6528961409808677
0.7131769955309054
0.6748225815598174
0.662464752882893
0.6872267273709751
0.6446273186477482
0.6520675066075241
0.6690679600594963
0.6856055328275641
0.63644690146917
0.7065543046119832
0.6752835422344583
0.6539757286335689
0.6747526159583812
0.6769517927013587
0.6427482406171908
0.6894541387553872
0.6773094794519328
0.6899265647761037
0.7028442812740544
0.7111173000755456
0.7193956090426367
0.6843369773490774
0.6804632203827603
0.6925562194592089
0.7343784845486938
0.6665298068355009
0.6676652397114424
0.6662532529531693
0.6924440559644292
0.7287844217124579
0.707817264893436
0.6970890756557181
0.7064431341466649
0.6889287580548309
0.7230945613494278
0.7117814000776979
0.6788978229015571
0.6626150655183497
0.6906780339229082
0.7260648319424388
0.6611835362391459
0.6773682280213481
0.6677002816617472
0.7083876071857665
0.7018756516482089
0.7049064447803803
0.7025803146193791
0.7337014980986597
0.7214081529985058
0.6968143767527953
0.6585699069870937
0.6858150137936612
0.6920666602519056
0.6585989041261867
0.6885010107451384
0.6663144187894884
0.6814929944284982
0.7141173262514483
0.6707881057854216
0.6784074217001423
0.6457792117461291
0.6563930057431423
0.6688483704735204
0.697218455195313
0.6507317747038426
0.6354489634683692
0.6398815598006802
0.7063877396480862
0.7120895123959532
0.7108056243598979
0.6954201152014713
0.7007752185110202
0.7196993862048982
0.6842046491549192
0.6719093223810465
0.6893107571886817
0.6972188179881313
0.6827470525470394
0.6962961210397396
0.7145529014255637
0.6854858954700954
0.6574386003390437
0.698890420507427
0.7159748561164468
0.6898717408246011
0.6874635050483014
0.6633902727465689
0.690244428580325
0.6668181473110228
0.6706825617672675
0.6319098957142567
0.6581456016381301
0.6777938991158451
0.6527499940379305
0.675107969856476
0.6952780738148002
0.667804393543743
0.6927459418561009
0.6853711326766415
0.7202867388250972
0.6724922826451434
0.697492292895724
0.7174098951805141
0.8006223704243709
0.7196896857254375
0.7225591952290983
0.7218944750389052
0.70915523218665
0.7177005410785467
0.698129882844459
0.651542051119927
0.6550357926625173
0.7149076267711081
0.7110206814644213
0.706453081348306
0.7147414890792447
0.6476912936230979
0.7126323997135403
0.7314224973079092
0.753967896116174
0.7637475897504707
0.7492474071116193
0.7476316085985117
0.7592922730794432
0.757067947766521
0.7071047761071821
0.7296589509257916
0.6979959292982915
0.7217067183510592
0.7283061503074992
0.7485168351977116
0.7509888070624418
0.7300575624246092
0.7589346634579871
0.7668352097533983
0.7721277267731583
0.7791519037302798
0.6507163298593592
0.7552655698141717
0.71275329602599
0.7549956406695921
0.7746209426824666
0.7267658684506476
0.764393932807162
0.7808252754367285
0.721778368001655
0.7240365282938857
0.7028079014032527
0.7480162461437715
0.7136886991446644
0.6887592069535804
0.6725976166785043
0.6921000597126234
0.6859903503282173
0.7008891644480288
0.7390820085017841
0.7327352902588902
0.7327878879514532
0.7372924135831426
0.7359430494738235
0.7298126653565888
0.668929700753934
0.6955488673768897
0.6487920964195262
0.6559003547230225
0.6777650689075492
0.673229479103887
0.7035063835146677
0.7065193220056245
0.6740125622769265
0.6850136858567284
0.6728687839632177
0.6890026391223247
0.6927529674842791
0.7033757494974673
0.721235271374834
0.6934570326447616
0.7194911471624788
0.7040013049689745
0.6931374581321099
0.7081588825688474
0.7117282802424398
0.7380140505732324
0.7313442299839782
0.7441122148292283
0.7113326446487329
0.7315698361879684
0.7260522962172374
0.7384187167465743
0.7367219461910468
0.7277068834470303
0.7904406377467479
0.7253021302985582
0.67955202723818
0.6763977948740161
0.6680437074522518
0.7077608130136402
0.6917025547107107
0.666690941791947
0.6508402463290333
0.6687785110256651
0.6664934346092997
0.7097980638480929
0.6728661886093008
0.6573556798820439
0.6360052125776788
0.6399275617949259
0.673162663674169
0.645305538226916
0.6305721745361872
0.6865053412212226
0.6986537248853036
0.6664941053266106
0.6657657872906321
0.6578148468544152
0.6898187838131977
0.7460539492244772
0.6998835216772954
0.7179605432560366
0.6182501002725651
0.6991859589716575
0.6792964673770979
0.6949920457499711
0.6397993003145026
0.6837031175758318
0.6648498010761951
0.7160953070476572
0.6655569969516635
0.6977745758746857
0.7334567140450384
0.6975270583716379
0.6774890662147082
0.6929009861779704
0.5988048955439419
0.6777446545768169
0.6838219508620854
0.7034434019985939
0.6765257397716697
0.7231619325029983
0.677229664148446
0.677172073998508
0.7072185412229394
0.6665053707599936
0.6457125620848293
0.6852979683986657
0.7099238123102818
0.7239171208089997
0.7295132425126213
0.6935992076344526
0.6662256488036156
0.710088273020816
0.7035522464240657
0.7328534138375289
0.7024770758347725
0.7106239539417296
0.6959971130971697
0.7220338545072212
0.7413388862995147
0.7164213162867422
0.7452282633888878
0.7217275606532554
0.736937517825004
0.74998121826418
0.7133393233711008
0.7517928790965822
0.7080744664346159
0.671345108992454
0.7079966934988865
0.7027626180163378
0.7109910587485498
0.7179974118043975
0.6605782646843932
0.7189323872217083
0.6961756405817577
0.725801154130106
0.7358343120807296
0.7211276742613582
0.7440769898213875
0.7296499984531862
0.6585848909155725
0.6916235684461367
0.700415521708379
0.7155826322447318
0.7322788344570688
0.7249000756502171
0.6956037373517677
0.7048438850834341
0.7307251605727586
0.7206609011016538
0.6971547584137993
0.7099394816182788
0.7136384561606935
0.729706709271908
0.6666888418868776
0.6924143076632008
0.6844098979901991
0.6508215583500292
0.7448453010906274
0.7198099363169942
0.698522983513263
0.7211475470286901
0.6901158571829747
0.652099286609766
0.6715219594170231
0.736413765021964