0.6351786066810209
0.7211701771794888
0.6165716262941693
0.6927598220610087
0.7060920300923543
0.6890198738401132
0.7353341384265977
0.7279273973164965
0.6855427678654704
0.7083294308689211
0.7148331145458766
0.6788610201068945
0.6940219764891592
0.6786510235919591
0.7105971351065484
0.7668690084738514
0.7285693737093278
0.6923353072819406
0.6681678341038416
0.7637846128023209
0.7613362441973186
0.7494185303436933
0.7116502820992598
0.748579204129322
0.7542502199394481
0.7312649873872726
0.7090678082835727
0.7135909052944746
0.7166910571947098
0.7093762200156243
0.7782519784622279
0.7591493177578419
0.7594030212417362
0.7927166628506672
0.744201456039677
0.767170891959701
0.7198875593108922
0.712139509520264
0.7636087267752143
0.6611327919422157
0.6733299615287328
0.7577572317552964
0.7794573381688717
0.7772422405299274
0.7530805923464935
0.7806219850138101
0.7509932587214507
0.7777361772824272
0.7675939363345425
0.7775410737445705
0.7940341997669607
0.7318080363289725
0.7452470520425084
0.7316868593757127
0.7557677680290422
0.7613492735107695
0.7251483628428764
0.773164676154391
0.7525775432390016
0.7554001021705774
0.801199532029836
0.7418030306296337
0.690092748763372
0.6862084377785238
0.7400900477634638
0.7320194408223837
0.724046118934598
0.7272477897035323
0.7414013516769437
0.7252783235080114
0.7026935752991512
0.7415375833664752
0.7631398245981644
0.7449164991979625
0.7176780777305108
0.7025618007399688
0.7204365464369823
0.6806748593120894
0.7084446560441733
0.7068902467705209
0.7179404630722341
0.6980441276421374
0.6870606732551316
0.7320621158795556
0.7038300785809396
0.7111847057843633
0.6550253971900549
0.6730427157116285
0.6885102240297964
0.6932086050500265
0.6910686703458302
0.662430301915763
0.688426943409114
0.679535300913387
0.7066816006618595
0.6991988879508932
0.7077733051842823
0.708007918059102
0.7205719168042294
0.6830525533827034
0.6782100711213209
0.701298153422485
0.7099381400711764
0.6985838217960938
0.7113832281877273
0.7134162893979362
0.6792068726678097
0.7107151590987858
0.7395113719818028
0.6883319568551595
0.7221736636555877
0.7486225937047221
0.7141020388822578
0.740669954256327
0.737496415584049
0.7268843734864638
0.716522209213499
0.7511987238357
0.7530978051599768
0.6874173462359403
0.7284713722026167
0.770041164660405
0.7497038497358007
0.7879053092396665
0.7348060219066238
0.7621844681778732
0.7594935192744786
0.7957109742299999
0.7519481315471417
0.7325419404516055
0.7743574098162359
0.7878232698968491
0.7362350812031319
0.7419116557608468
0.7475890213015051
0.7780832807837732
0.7279910768361424
0.7231654091962338
0.7268197523465288
0.7015929879736216
0.7250604332576042
0.7435307816959348
0.651779502413755
0.7677560134006136
0.7531502989247781
0.7573972387870218
0.7334641161457736
0.7444404330885916
0.7288568593751605
0.736039903682519
0.7335029572507414
0.7232136891951267
0.7175522859236583
0.7709882464672642
0.7645796637315248
0.7561857482855008
0.7629310052640135
0.7559559061635587
0.746682879965088
0.7321481361227985
0.7341449114013548
0.7472925272324283
0.7468569476793745
0.6106110753068773
0.7330142149041838
0.7060310477497523
0.7462603291388212
0.7138482745925651
0.7023917556857528
0.6925947041644611
0.7342877161472571
0.7139717601249689
0.7351154639728076
0.737636847444281
0.7417082107468365
0.713918282388233
0.7116379860813877
0.781406633433597
0.7830024932444435
0.7692446259744858
0.6853074617542149
0.699628237869421
0.6897715169692182
0.7152105396035796
0.6922894764234219
0.7312306549375472
0.7008356364861527
0.7229836231491278
0.7221968099502205
0.6892837876166314
0.6841464995790353
0.6560422961002425
0.7085081067264211
0.6843827768816897
0.7024568941221486
0.6703170586655752
0.7031614412834083
0.6778135127822664
0.7089529817813517
0.6840108446477445
0.7215590861167599
0.7198383099759289
0.736047885739136
0.7031652772231229
0.7244165072475014
0.7302209587205456
0.7371139135547962
0.7219331472749252
0.7634994080373504
0.7335089945656427
0.7479574729968052
0.7112265755270585
0.6929477607441477
0.7363003975581651
0.7025954623908225
0.6955676515489781
0.6823053831294935
0.7302823898271229
0.6849003010906999
0.7003065918266144
0.6822064193262413
0.6835691855019282
0.6864112849804259
0.6803213231515006
0.6793022947551451
0.6940675453647366
0.7073495327257442
0.6859625160167782
0.727883099867742
0.688385762970691
0.6882012759781294
0.7193077488012504
0.7184652870354274
0.7136158661328817
0.7028494869194831
0.7185661778469133
0.7201843479051774
0.7586060586206336
0.7103897865858692
0.687647854711212
0.6764219831261381
0.7457793659721956
0.7441524832873821
0.7545984249432419
0.7476547546270185
0.687475853992133
0.6931124290992804
0.7114019213879714
0.7198914764722746
0.7458347179987576
0.7459607872380342
0.7710089515477597
0.7643179961905148
0.7074828264561821
0.7413004016036071
0.7379503489191708
0.7222047464762238
0.7387456158987035
0.7498369175192553
0.635657339315468
0.724053245702454
0.7427401148238774
0.709436460467511
0.6951360908606802
0.6845796158017708
0.6833200754902562
0.6600191465204744
0.7237709170480265
0.6695346437332205
0.6913032737082809
0.7139034039789507
0.710868716054526
0.7161057500801697
0.722792654169837
0.6819039014133724
0.6786142574849323
0.7430929885388983
0.7091975231832726
0.7195023088924442
0.7109389919988144
0.6955164930556159
0.701036472580624
0.6866952673650458
0.7034496675763471
0.6886997393794067
0.7137339915463933
0.6835846639627745
0.6774047083107908
0.6902424552084965
0.6692098293409912
0.7046568656772412
0.7032434167407221
0.6664576537409223
0.6988790538034444
0.7018721906137274
0.7288471960762849
0.7066796372737795
0.6717519451585132
0.7109723006641692
0.6873288662091745
0.7049492327843148
0.7052688548459319
0.6943964990779333
0.7120160486214814
0.707385427794894
0.6472385406236577
0.7396019243340604
0.7710684434122611
0.7841066689494024
0.7522930746232526
0.7316332316205636
0.7292288436655932
0.7649437196170502
0.7343284572321621
0.7334784199024282
0.7502702439552348
0.7123958539884204
0.752499689546098
0.7413640454793909
0.6680815462056771
0.7154943388665375
0.7186249644873944
0.7025740605795443
0.7557828229617812
0.7100320628474216
0.7204507314437825
0.7355495821700933
0.7451006453598973
0.7138427718794581
0.7050446535301458
0.7613362441973186