0.6382192190056838
0.7116036054286986
0.678834208005699
0.7257123165511462
0.6931305861920148
0.7149045276734782
0.7055588908799735
0.7202706392485274
0.7336781937617817
0.7401271286730104
0.7142781106291121
0.7128623833054414
0.7105339313506129
0.651875237508917
0.7253859096229529
0.7413661837368408
0.7281585969282869
0.721835295775332
0.6722150100967963
0.7475232519089772
0.758229320063776
0.7418223532400399
0.7494834245616324
0.718718098860804
0.7173627886279641
0.7004597826918236
0.7254271783799676
0.6903137316055601
0.7273891507354014
0.7247311955595529
0.7116632685689577
0.6853186696813969
0.7115579696926191
0.7234837353146314
0.7085138275969837
0.73007825668937
0.7432135900918965
0.7270255526976971
0.7148921547210434
0.6945531953090011
0.6813339643675695
0.727336037046897
0.7224603387828783
0.7132869105394597
0.7141926137243868
0.7454199570854237
0.722788322781388
0.7430096074403442
0.7414570553440671
0.718960893143666
0.7618800056855091
0.7127227705742029
0.6902707943904959
0.6887120583075992
0.7034191309437678
0.7375380027236733
0.7070208940228232
0.7441635884910712
0.7385798780236097
0.7172354259064282
0.7627101570717411
0.7477237871326536
0.7301262148722099
0.7246448368884696
0.7482422542781128
0.7765261895308838
0.7058669414087339
0.7692970209629867
0.7549967938850206
0.7677069573435932
0.734757984428967
0.7718051075582852
0.7308997802847637
0.7697258136829029
0.7705212368551616
0.7342944485543149
0.7290619122800669
0.7445387934863387
0.7097660168283353
0.7127059131208531
0.743611567559249
0.762154467473508
0.751412545649071
0.7363939586630958
0.7375103398630504
0.7867715301064673
0.6870650044391359
0.7739786257137048
0.7378565294806608
0.7895613067870969
0.7315060201011967
0.7238610969478341
0.7182475849013288
0.7153472044152536
0.7584120546531046
0.7854079726727994
0.7774207009725359
0.7522787952638615
0.7644722920685533
0.7440454669904143
0.7268271782262472
0.6930256678392775
0.6650323684222442
0.747714284377548
0.6921853434352248
0.6953133747314023
0.7024898010966678
0.6936006839680939
0.7604456543330361
0.7114471577692398
0.7173580853188671
0.7191658657689917
0.6779830586518171
0.756615220060476
0.7467401487972248
0.7028644999401227
0.658873372802438
0.6885893009576421
0.7277982208586454
0.6991162441174207
0.69707926722864
0.7456490268590505
0.7248455493278733
0.7533483600051721
0.7159589914250263
0.7303908784601811
0.7092509680969822
0.7532870449476364
0.7658444833286931
0.7546521290160868
0.7570359155252059
0.7639991230404608
0.7379703511827705
0.7577206312540246
0.7619196905315723
0.7401008282977115
0.7424392501468404
0.707933753377372
0.7153275844894406
0.6954337575483287
0.7103425633070318
0.7132136140048835
0.6233455040315863
0.73490065811712
0.7238318898201822
0.7335871301691713
0.7374038573865238
0.7248088655839423
0.7096628438609858
0.710611528923858
0.6963367417312565
0.6830585628591754
0.6828694468360239
0.7004406344094859
0.6917199655482434
0.7171797572353891
0.7142478162277069
0.7151420428919222
0.6983331597920434
0.729955530861203
0.7006311244978823
0.722574282671178
0.7395439273946317
0.6017689652421945
0.7223088378135241
0.6899464687541279
0.7398845025947781
0.6925770852659557
0.6963598018116657
0.6773972283862522
0.7438215424425373
0.7447474095322266
0.7436702467038143
0.747236478722251
0.7704399441256211
0.7168384841070794
0.7495441633771763
0.7499060254581317
0.7405221210648016
0.7367637182869841
0.7075719673190285
0.7392973181274823
0.7483124622754296
0.7011149182894114
0.7293280077380017
0.73753653548534
0.7213849112064565
0.7152628405022409
0.7248042304443705
0.7380748987006353
0.6917578589173689
0.6987750476933945
0.7121720266585748
0.6976110935833078
0.702225402478085
0.6915470781542665
0.7033622356693703
0.7054463105387655
0.7352458259096011
0.6892710940956512
0.718898416955767
0.7249887391507189
0.752339277969663
0.7435760904169767
0.7178251437164215
0.7582832993567239
0.7611840324340526
0.7499804553620848
0.7425149920839084
0.707903258293853
0.7268125563793428
0.7100134942300744
0.701562751193522
0.7114075015024109
0.7112335633091132
0.7037568524135309
0.6901119451879595
0.7327778861834399
0.7242564665753923
0.7281480766573929
0.6668636469829253
0.6814986335111339
0.704943086878277
0.7117687067452441
0.6865187710695906
0.6844043445528701
0.7057281340811328
0.6682367962483655
0.6972833394734949
0.7278431055591528
0.7274567732895718
0.6881353294572459
0.6955919894026441
0.7007587329209752
0.6878585881288231
0.6833108043693893
0.7216189090987222
0.7331943271887645
0.6974460169081165
0.7281899412820646
0.7226899546194218
0.7126966350265028
0.7016581167825133
0.6827034268713839
0.7020248724062519
0.6427348382540723
0.6980417626064331
0.7230619603152048
0.7439944943876342
0.6869834484005204
0.7047969266394016
0.7078404895407765
0.7080727186218572
0.7260480375901754
0.7403138668565956
0.7342813564078844
0.7410806524919936
0.6885530113792856
0.6717057597605034
0.6302616565443425
0.7395945721286241
0.7336377445951329
0.7052135646578127
0.6995075478080829
0.7001307033200435
0.6917579778299149
0.6749138726893434
0.7332294753486559
0.6762612602345185
0.6700668826290502
0.718800675484967
0.7168658554151885
0.6851467807631925
0.7173299172012855
0.6978832023357998
0.6920643052457063
0.7507264590638457
0.7235890981115638
0.7371226914687938
0.7265202461217715
0.7127916955053496
0.7258220962977492
0.7345906573372976
0.7457143424759078
0.7255444571692591
0.7455867241925798
0.7356870458624113
0.6957093387430662
0.7057586217104284
0.7277008977328535
0.7399611242688354
0.7381650097172425
0.7307459076437802
0.7230153436855341
0.7290649122571103
0.6980348678720983
0.7004000502651275
0.6860415136631702
0.7249967551936876
0.7106327163133157
0.7124741050981659
0.729118812788504
0.6941712002816839
0.7465102340473926
0.7008549288550925
0.6784936477737878
0.7523644746761516
0.7578900308993659
0.779158497615791
0.7245860538682195
0.7568405992374598
0.749029051301174
0.7337036220979252
0.7185455356619282
0.7328821009372339
0.7058091883626387
0.7605189467658542
0.7363104704019438
0.7301089937315792
0.6561928098285305
0.6933703357756243
0.6821574959878398
0.6885700474923774
0.7267412948061321
0.7263056115014619
0.7617987994111899
0.7232545135604439
0.7217525521131111
0.7207037054220962
0.7133857368474025
0.758229320063776