0.6168624095847915
0.693781929241317
0.5949665729168053
0.72432781118158
0.7127683389254466
0.6757248381297456
0.7286357036328451
0.714685340663157
0.7041540112591266
0.7227834849066158
0.7379152638342226
0.7322128830375224
0.6838691689823382
0.7198790831752422
0.7307775218345741
0.7195820979013502
0.693127125967382
0.7274733803804059
0.6583694311495705
0.7616638746767423
0.737286426926342
0.7109145029083584
0.6778658067806008
0.7079640357256376
0.7042024939347274
0.7105913465981302
0.694787665549171
0.702651234308413
0.6954499254356356
0.7098347230015425
0.7056498595784323
0.6986731127907734
0.7370355700917096
0.7392727058807775
0.6799811252165344
0.7468293991696282
0.7664097016661064
0.7276412474487213
0.7426380277195301
0.696679353830681
0.6569029134558632
0.7073106163761191
0.7271864893739324
0.6946757890936135
0.7155588186299522
0.6891265224189667
0.7085854525161388
0.7248825070159969
0.6922948222064924
0.7162036912042626
0.7333205570208938
0.7178089002831731
0.7155513486296982
0.6848768854022016
0.7190609385804413
0.7267382988862459
0.7309180920548389
0.7387748327112185
0.7187708556603112
0.702414169998623
0.7195420288584989
0.6957922301789479
0.7172934255236103
0.7061745422342556
0.704672553322555
0.6913300193034982
0.6852641057788225
0.7044750425106469
0.708261932318313
0.7082976212270264
0.7562426890690148
0.7240076342310691
0.6848054777916069
0.72111023964349
0.7099167667603946
0.6931379658570099
0.6937481979658549
0.6839040027656819
0.7038501970804301
0.6791711822425968
0.7054526883802461
0.7139949611824523
0.7242139469053879
0.7337912669004018
0.6859691162176338
0.7000932072919497
0.6670166387724158
0.6875177344753773
0.7179620679447302
0.6829427874445548
0.6675610568982409
0.6841478068417631
0.6555091882614588
0.6872271435300766
0.731952550286587
0.7446329725213879
0.700307104873942
0.711344685706882
0.7266629679918644
0.719781833584436
0.7060247375880263
0.7020929712156568
0.6850035108524286
0.753169029620878
0.708648521209745
0.7594686897193735
0.7074097642243927
0.7090170364197557
0.7111481055335616
0.7333224659707699
0.7060233820629521
0.68683688423988
0.7253268327540334
0.7132695586673458
0.7027723403120842
0.7248244422639923
0.662715934041626
0.7492473337891788
0.7003268010124055
0.689943600775097
0.6986241106699591
0.7213028055673454
0.712647138039012
0.6902813261299413
0.693543746655845
0.7059755800894004
0.6976995560952176
0.7027694641538651
0.7049278615191884
0.6959303123768876
0.7169632413138285
0.7163715579694878
0.6597662792976362
0.707585643731525
0.6976096885117802
0.7068033912360554
0.7140736256098331
0.6982309175335524
0.7225066749298837
0.6662255987856829
0.6885099303971041
0.7263194332137882
0.607263404903745
0.6945893365996119
0.6780664941384542
0.7247902353929339
0.6956437166622417
0.6758531347380193
0.6957770142872108
0.6903402529506347
0.7052033592689935
0.6805932467315261
0.6502107200061396
0.6949788863079673
0.6976857390028705
0.6962832298380432
0.7055706061518451
0.6992579065111617
0.6634541926274883
0.6887501406774365
0.682846970137137
0.7076115958863876
0.7084876173543816
0.5860175703564544
0.7064348896591292
0.6595079651111936
0.7205967879513454
0.6733201982344714
0.678636567024303
0.6738665795620259
0.6822011970313492
0.7569829794426345
0.7466486243495533
0.7430091834132801
0.7369197812994287
0.6795409036739491
0.7384155490947606
0.6952946580227222
0.6934650663182504
0.7101277526392831
0.7188675592162601
0.7228291891320181
0.7241468176817856
0.6780855822491095
0.6938157543672732
0.6878485782028313
0.7151197643078293
0.7450979514189067
0.7293889012457672
0.7634515373777477
0.6988706877500382
0.7216888265411292
0.7279239437588936
0.7321541074620797
0.7277469320478318
0.7074449338705608
0.6926622616024284
0.7087598907012458
0.7500172277253895
0.7440690797380011
0.7293896372585186
0.7286389661450741
0.7469718494797235
0.7170770302948329
0.7143808743147511
0.7498240030020787
0.7094678924014265
0.7828850701993355
0.7424924542803694
0.738358086011801
0.6988401502255659
0.6861097613555679
0.6853516674820691
0.7004668389983347
0.6920640042218553
0.7243417511203052
0.71213141190659
0.733199601257696
0.6775816663619494
0.7347587688355651
0.724279705894406
0.7351230348394817
0.7370052138041193
0.6951454265099117
0.7112132726629866
0.6769470037907841
0.6737551251753245
0.6604176756364053
0.7090497685236584
0.6794813902001042
0.7267559385447397
0.774685514897291
0.7818040998146457
0.7925273098245287
0.7822429868239508
0.7233882224033964
0.797097472358195
0.803482210493673
0.8364249469332231
0.7453444241754693
0.7798129583456547
0.7903978063382346
0.7613600898939138
0.7117366448379603
0.7457706013148657
0.6937482764107464
0.7726366613102228
0.7092409320046144
0.7900182353549167
0.7007260234116518
0.7157417885334844
0.7093145676477982
0.7070535916930129
0.6936755423874661
0.7407248637884128
0.7051098504383219
0.6966653096078982
0.6543502886884349
0.6234030474962843
0.6234452850574194
0.7390285150515203
0.7261942601284112
0.6720882055895512
0.6725934237178637
0.6739239109633833
0.6650095855717019
0.6241543333628555
0.6814208314554578
0.6207190069367731
0.6429830706942801
0.6562720488093938
0.636614048378027
0.6685986061080694
0.6861161361801225
0.6158244697569792
0.6203829582067465
0.7001418445236909
0.7156012496795794
0.7124778221302629
0.7311718276292971
0.6930984684799036
0.6254347389750178
0.6609632487125121
0.6994310299555091
0.6617898570490031
0.6737897291107262
0.6472858306440628
0.6232072817253347
0.6536565256700622
0.6199727474749505
0.7017506939902755
0.7046689892274014
0.7279999251905375
0.7075552464285416
0.694905478095202
0.6708967799732954
0.685803095783447
0.6391335333253038
0.6841297181097531
0.649806171961964
0.6719779651631941
0.7091563513667666
0.6555684956958943
0.6882662452243916
0.6318309240549219
0.6325082002847345
0.749660311040119
0.7296379603273285
0.7267164822838401
0.6819721461278819
0.7342551167553735
0.7645791741651811
0.7363457842278407
0.7419400671617625
0.7333094632228502
0.7066155072506851
0.7111382222909748
0.7517404349889067
0.693079434692119
0.6392595253605392
0.7124858549495132
0.6431347124914796
0.6834518177748794
0.6945124072664679
0.6931506371348547
0.751431873447188
0.709354075377523
0.7915177839979175
0.8394069348767096
0.7712613643143029
0.737286426926342