0.6750508958385735
0.7557838572419433
0.5999341841432457
0.7346503347882202
0.7386562435244006
0.6997332009624093
0.7559415789397955
0.7194164466828954
0.6727523795982043
0.7120781953400659
0.7115737942419449
0.6960791069579306
0.6926278914718408
0.6767863566615699
0.7047149358347943
0.7216501851727676
0.7243145263888577
0.7032759553855158
0.6896621437485243
0.7787196974959931
0.7637032404585742
0.7230684366991317
0.7106850331564554
0.7020145397752333
0.7517335414764175
0.7411723303859515
0.7723312859450588
0.7361748983196277
0.7149359050649572
0.7115809546536377
0.7095316823754472
0.7274827330008392
0.7497760400722421
0.739258204757052
0.6797327890313672
0.7163379663361954
0.7504780010696364
0.707750772273264
0.7652761407431846
0.7203663991124687
0.7005915863354774
0.7404019613955058
0.7015564851558624
0.7072570446254671
0.7100453466149763
0.8349331053887417
0.76103788177069
0.7409147551885955
0.6997173655875343
0.717628696226337
0.7219919827715305
0.7075570115551968
0.7127108646075708
0.6884771260592686
0.7217491520124105
0.7366763010471534
0.7270929189384269
0.729225940211076
0.7109077861908845
0.7657590070168795
0.7582217174509577
0.738108202030415
0.672153326012805
0.7070894544868069
0.7453789259477576
0.7239587066733587
0.6798531237544239
0.7143642996609127
0.7009794100075325
0.7062460335151728
0.7185927757480951
0.7389620163051199
0.7239294520232912
0.7447256469854302
0.7098872289101035
0.7012816421067535
0.690553160584887
0.6868131191735173
0.7452305892989408
0.6974740267244107
0.7122197286987866
0.701430550339291
0.7183422354378677
0.7196312075707507
0.6930551505231083
0.7012484637434726
0.6802427037838398
0.6705782645109803
0.7154568599569298
0.7064343589885687
0.6889363273168195
0.671666248842627
0.6789218309798304
0.6937829421624919
0.7151474760078677
0.7159664602447954
0.693443122237782
0.6902643155631745
0.7265935349462546
0.6985662389137918
0.682881937973309
0.7062843586282574
0.7143854517246319
0.7143397953776717
0.7147485555960943
0.7086350105693165
0.6922035089166892
0.668801561000398
0.7248241516629806
0.7115167314774118
0.7061638665326843
0.7035960784131794
0.6898910052947888
0.7323947865554045
0.7541788896922149
0.7722613280370707
0.6900259865662826
0.72406199538736
0.8099972006418428
0.7208508623424634
0.7072391359007675
0.7541859945860516
0.7300837703738541
0.776416679518367
0.7502148558943538
0.717375553573766
0.7260714361664451
0.7306731670264193
0.7454984812381442
0.7310665427260085
0.7399459458253311
0.7484818116357757
0.6924640256831992
0.7287425253794383
0.7565511699706408
0.7413227432780929
0.7392932901784254
0.731982483848786
0.7641449595185906
0.753141364875636
0.7762325382902221
0.7933377562376375
0.7240898795539118
0.7896210294325811
0.7429043726874855
0.7654052438543244
0.7587167273573852
0.7466873083430225
0.7477025413498688
0.8161092704362849
0.7768209663202382
0.784166883952457
0.7622042719317181
0.7824009430098401
0.7783716671359457
0.8076476849812377
0.7882149634656999
0.7746021726655615
0.707860736345931
0.7397932766176276
0.740229770244927
0.7478649024180991
0.7943205887277456
0.6570814450602612
0.7621042373778505
0.7521277390048194
0.7679643198078041
0.7267190296797549
0.7778207607331512
0.7543289078102939
0.7848132102548726
0.7320876305677395
0.7406039735554333
0.7002821575566293
0.7263619861485013
0.7037400695369009
0.7165090962695686
0.708974456201554
0.7117899416508698
0.7454966987441192
0.7034986569034728
0.7332586960306856
0.7174143650037342
0.7561995205336371
0.7314481620803673
0.7593959321708217
0.7372701968575958
0.6997350271359499
0.7293299783786876
0.703762445377561
0.6688262781646067
0.6918959098118016
0.7017637936628017
0.7273806561089788
0.6912916706820007
0.6892358112030407
0.6795599516710166
0.7343495777560974
0.7354272178976801
0.711381874765137
0.7598668167278627
0.73364766128829
0.7344467249496949
0.7386103189105597
0.7217008570827184
0.7480359229730403
0.753567242130204
0.7556419481522737
0.7846244345250565
0.7664671238027917
0.7566405354001825
0.7609554242419705
0.7320120148055839
0.7909462898016062
0.7652742244334702
0.7698499782380538
0.7389691467597427
0.7533842126383478
0.7162763345973707
0.7361741895600303
0.7172572554548207
0.7327257263987603
0.7086467484837664
0.7081508976207053
0.6988684082839439
0.7064671293542126
0.7220934525284299
0.7052924199730085
0.7442918006547997
0.6837669517164873
0.7054191079090871
0.6888029590504091
0.7012039804988436
0.7397077515967376
0.7488416021618707
0.6622400862613999
0.7267989686665125
0.7324193667881878
0.7180569585780313
0.7240775101629322
0.6878185334134314
0.7682935675796563
0.7809845986585874
0.774570441998058
0.7644992231591293
0.6285711084751283
0.7181312330819736
0.7287342072587251
0.7307919167572355
0.6897946796026592
0.7061198594627592
0.714298033009885
0.76237751746597
0.7183752501746644
0.7419856597188675
0.7503341807470236
0.6956117727158981
0.6902376422110256
0.6850428255414206
0.6452738110545096
0.6929555249251114
0.7045181591599263
0.691042796100508
0.6917358131723668
0.6921133449018884
0.6771312609110961
0.6577880507613246
0.6715418386772045
0.6414579328360002
0.6878702297891173
0.6622004411813788
0.668922826722546
0.6912886630125672
0.7191889953341876
0.6625830901336917
0.6551429878530678
0.7029031471914052
0.6818091786909305
0.715056305337645
0.7091572273706183
0.7131929106260224
0.6955606484522148
0.6952231666716086
0.7146029383731202
0.6727288541117735
0.6978647737261636
0.667495094775371
0.657113601468675
0.6940681924869974
0.6777448271611937
0.7026022636423042
0.6923097660567503
0.7144330015800501
0.6955191883028886
0.6946649868763156
0.7039556397911491
0.6960492954481815
0.6590152628198163
0.7059043048902003
0.6589996500151413
0.7133305908667543
0.7029081257976301
0.6595234513810478
0.7090979983995939
0.6741288859916802
0.6527810358556613
0.7354398494567048
0.7668251858351283
0.7625192444617771
0.7641920672304069
0.7526675246904303
0.749736892824824
0.740740762388844
0.7429131442082415
0.7674765258785016
0.7703745619447329
0.7279566138412346
0.7647823871643674
0.7824246549006681
0.6604280847589046
0.6920890606320251
0.6923540494434145
0.6618866663526789
0.7728318859670037
0.7406343399576528
0.7311054539823435
0.7516716005644134
0.7253102026683854
0.7053655413359451
0.710990369574708
0.7637032404585742