0.6136034305498272
0.7416114833001255
0.6784220745151905
0.7424490054012436
0.7275190412022703
0.7397689070000473
0.754370408088934
0.74504631241638
0.7009889975297274
0.7303229155491754
0.7244433496047652
0.7291220451193159
0.7131015623799857
0.6705102598642952
0.7184339220380647
0.7478784238813903
0.7415675476091009
0.6776355124739791
0.6847652757013509
0.7559000414899049
0.7640954662583698
0.7401159367418346
0.7103124365118151
0.6780555510737586
0.7310475416937888
0.7408022543673791
0.7245228506343206
0.7393469327056116
0.7078484443115015
0.7078405703566977
0.7687836668609958
0.696332033773247
0.7325216523006568
0.7621655303832843
0.6830952768921186
0.7318267259306712
0.7168299361729498
0.8010790098011937
0.7648068277298187
0.665089074475144
0.6572148979050714
0.7506545679044131
0.7488628866019313
0.7705777256729209
0.7204430021093169
0.7758905511561991
0.749045533260445
0.7458297461159096
0.7571480151372364
0.7247042816518691
0.7380221358555228
0.7229287982442126
0.7256660821248596
0.7448930337254894
0.7460207175773331
0.7396272485587289
0.7244561034877599
0.761603911425721
0.735990628432543
0.7422789152375237
0.7723940118008007
0.7463895670627463
0.6806923624125308
0.7059514788414715
0.7279925577501963
0.7402997014571664
0.7006415390636883
0.7424101803378798
0.7392447257876904
0.702774861786914
0.735261317735615
0.7599687405498858
0.7381092592736352
0.7526617388772006
0.739758161530555
0.7181410907443742
0.7106045152011228
0.7166361102594514
0.7101714320832101
0.7167694152523046
0.7070776767887037
0.7044103739076192
0.7315265473650221
0.7385797237133807
0.7111739736711984
0.733352843358407
0.652179528066783
0.6923117145165347
0.7116809122929397
0.7033059790141688
0.6848012208824379
0.644965103863898
0.6698620586617585
0.6588355870972742
0.7249448048101987
0.7385253592476813
0.7163077073255298
0.7134567030147922
0.7307455998652397
0.7400912254510448
0.7338457357067312
0.7275765025034422
0.6833375534712725
0.7419662841794542
0.693311044007024
0.6914982911987649
0.6979739328509028
0.6760164569688768
0.7432866266147775
0.7362031072177387
0.7178073538614014
0.716768321112462
0.6864115498478788
0.7589979387754123
0.7579413631794061
0.6901663065779409
0.6561295471386047
0.6920070257411135
0.7356219452264549
0.6943589144757853
0.7027289426739584
0.7793878180549407
0.7870611273713387
0.7582223190314005
0.748028025962181
0.7468627354187454
0.7306422342004235
0.7819533265820267
0.770491771887632
0.7369256886502112
0.7735096584904932
0.7845403698376349
0.7081284458619914
0.762958520996941
0.8037229680134638
0.8259398290060652
0.7825476072096333
0.7392918824076884
0.7270524620103831
0.6695075281439757
0.7044697583499011
0.7357847015486024
0.6535600159743821
0.7574522177436627
0.7285497971311528
0.7885037287365841
0.73214188385289
0.7034586358070881
0.7472576229807626
0.7640790472976994
0.7396510213908453
0.7281076201353763
0.7115484044077021
0.7457696840476224
0.7342276763717696
0.7742548781383896
0.7646862957383719
0.7735952656402856
0.6870384584314755
0.7503923899527347
0.7033530937141091
0.7340659518004369
0.7631253223500515
0.6437689812108682
0.7273484685738153
0.6896650791438728
0.7640505232562493
0.6734850688446677
0.7982823374935664
0.6757575841617188
0.7349949704058163
0.7476518279724617
0.7417519274839545
0.7276408260632538
0.7455643519229983
0.7196295504569014
0.7562506795790586
0.7624469444873329
0.7568012979347343
0.755433584805545
0.7314893061080481
0.7239553973877674
0.7275316686187538
0.7381995659210803
0.7300148551153561
0.7548579551011125
0.7372352658663602
0.7334469578080802
0.7154893414445257
0.731969038425366
0.65082828217666
0.7207229676746504
0.7159953856472865
0.7358533081960986
0.7314901757968324
0.7268989150648835
0.7569326509810398
0.7188096021408708
0.7567842012424993
0.7164475763363651
0.7636724516277816
0.7399042702795576
0.7662125076542483
0.7770442866103008
0.758666079485162
0.7674992455401224
0.7332507889890997
0.7388768972802764
0.7767671888561447
0.751045589249538
0.7489195808685373
0.7336635278279598
0.7294502538247614
0.7466727523057394
0.7331007978671557
0.7515038702809903
0.7229559584006576
0.7392783756597268
0.7302148553867917
0.7074629357280754
0.7279483666119994
0.7136639346852928
0.7343672210454855
0.70347106553079
0.7048907800407193
0.7288498094033146
0.7132814795800084
0.6949895168194834
0.7132050866002171
0.710851099910965
0.7061489572171815
0.6634135426078495
0.6832464320551024
0.715508310069608
0.6559058533897895
0.6406478509111221
0.7204655760779966
0.7235445160893924
0.6918189747021857
0.6804051203047867
0.6616489629393888
0.7458736122206971
0.7412108156025244
0.7382968878321999
0.7219603569101191
0.628731443682606
0.6788312851590945
0.6806270700178157
0.7234046188410941
0.6841631849135473
0.7229661201661705
0.7372750682528735
0.7609385073912289
0.6907362993332914
0.734098272693705
0.7575350846643603
0.7080065541722623
0.7195193871229049
0.6712931564655922
0.6389039737375821
0.7186991506732598
0.7429609309687372
0.706026023740895
0.6855440345217284
0.6665042910033858
0.727347641367593
0.6847168334572626
0.7365003341023281
0.6810084086290765
0.6468521057498777
0.7100865319357926
0.6948105844021779
0.720411666554167
0.7197789793509579
0.6681400143808687
0.7037487729343748
0.736058781765664
0.734372429288316
0.7686403796363755
0.7504157226358539
0.7184543992572945
0.662190200664426
0.6781547562900916
0.6885140705681815
0.6913752629273479
0.6992129754022355
0.6769148469310549
0.6636212387374293
0.7178234967356613
0.6689953037139772
0.7307042547094724
0.728133083420749
0.7334794059305075
0.7543534185866102
0.745508536284375
0.7230999842031743
0.7354276607242642
0.7033892290081949
0.7355081529965455
0.6881544329254838
0.7219215375741825
0.7458427931811358
0.7172890230271683
0.7280298315034197
0.7335028871804331
0.6915366385522089
0.7325143641179843
0.751312739078364
0.7487222981539707
0.7301582482878481
0.7543834949453275
0.7219619838857527
0.7269648139307466
0.7136369070016104
0.7826386820366071
0.7413505266573593
0.7359008806060338
0.7607483062419348
0.7263177321778052
0.6481398779729601
0.7067749849514264
0.7035994643067098
0.674153954426049
0.7546769405139504
0.7197340908001171
0.7541436734291722
0.7190562410958359
0.70796323060368
0.6981511263874411
0.6923811018728719
0.7640954662583698