0.6288365382942902
0.707875735781289
0.6843376484517023
0.7424968552214858
0.6963594331191856
0.7161705166151783
0.7083038203195757
0.7338982593148035
0.714982078499511
0.7316222715213337
0.7071406588986765
0.7196805354231605
0.7009703668885576
0.6375544339504955
0.7158413760539889
0.749211242508296
0.7269179240489794
0.6901695084168882
0.6422507424853346
0.7283469167793434
0.7366118747241371
0.745172474625263
0.7311022855144241
0.683239091401462
0.6891540345982544
0.6915226448931193
0.7187941580676658
0.6706668261358171
0.7188269602228274
0.6925549351607089
0.7023054513810845
0.6552777508854903
0.6867298104492947
0.7131148138538135
0.6899014574123434
0.7021113272124231
0.7231983436396981
0.7186318666193989
0.7145703186482998
0.673390870855677
0.6800024858504383
0.6994901962265826
0.7255344688517017
0.707444903731808
0.6976501341416153
0.7185170881258831
0.720205439430848
0.7179959358567337
0.7346394382279483
0.7085769120413734
0.7559042676016914
0.697007876361184
0.6892249550460239
0.6849828034237437
0.7134112428507633
0.7427443717801481
0.6866075528589555
0.741208431489451
0.7517604067485937
0.7161678609376803
0.7638553624683955
0.7236562975476998
0.7199105269196886
0.7202306279065538
0.7545603131621856
0.7736656964141475
0.7217127212860177
0.7752065231585108
0.7492591230744964
0.7576567655401784
0.7563837319090299
0.7720452282531345
0.7282011512124884
0.7704787522507223
0.7723982954320245
0.7363389373759905
0.7365569519318649
0.7634911901231954
0.7254653710291863
0.741381252649171
0.7605975138054528
0.7712976887478843
0.7744658887826897
0.7408613856552947
0.7585246410893849
0.8249821437645068
0.6992087589667566
0.78855574349841
0.7439468470271002
0.8028116908096234
0.7648106634285832
0.7412078474226269
0.7204573877261773
0.7032249021700354
0.7651405442163364
0.8130457293379425
0.7989819896920576
0.7627662717790489
0.7774366566327832
0.7453374338099049
0.7224270267360637
0.694599273355869
0.6523183703684058
0.7548985124278361
0.7082871468157701
0.6928230963337493
0.7184949745201512
0.7062204012962136
0.7664154173228831
0.6941366531126048
0.7227961096460843
0.7267061560213727
0.6608516813187176
0.764595491073667
0.7346203253961757
0.6855027672859427
0.650086991292002
0.6869378708714823
0.7091329025337444
0.700701442628588
0.6964852093443686
0.7250189811552337
0.7097961983714373
0.7251964661224656
0.6988017684563094
0.7200494580477748
0.7034937701054452
0.7652113629265874
0.7614801024012511
0.761633559623191
0.7564208712468212
0.765807940765683
0.7437810714436719
0.7681620885518751
0.7696406681841894
0.7425384477949541
0.7091929708645954
0.705984301967737
0.7196292800004256
0.6745455249824989
0.6969592733613339
0.7005064646098986
0.6141151102445246
0.7287448585174907
0.7364646756739375
0.7510539610549173
0.740034788632698
0.7396589113341363
0.7210740821154937
0.7132652971513923
0.6713864219048201
0.6688694254853402
0.6501914709701435
0.68827367991808
0.6879263906980498
0.7256586228718671
0.7181954720372654
0.7224583800897703
0.715145878129474
0.7623218838099833
0.7196730232283912
0.7416224138661552
0.7519877151134563
0.6015125586141493
0.7112100482797769
0.6864692821681886
0.7514128544243626
0.6922840817481968
0.7002066042315936
0.6735851241318757
0.7552123054085712
0.7401327641092842
0.7364826844450247
0.7568170254043044
0.7729388435689744
0.7186056628676939
0.7544055548845592
0.7585412969433064
0.7410765962306828
0.7477592986668075
0.7080498526344193
0.728531656144161
0.7442331547192906
0.6876889770573625
0.7267596270710505
0.7461879814084355
0.7348777297769262
0.6996580489300015
0.7131161061199016
0.7283538245469094
0.6747464760090475
0.6780699340235647
0.7042968653122171
0.6899486858497859
0.7024221290447185
0.7028951481540101
0.7034034492593116
0.6775682561500976
0.715525553967374
0.6666344062038067
0.6952833351713854
0.7155199041831047
0.7359647552418516
0.7508509482242343
0.7263677879133723
0.7569003388626339
0.7476687957367921
0.7406690519263883
0.7453182234926712
0.6999218929049771
0.7326574579469814
0.6921334839798466
0.7031227091120832
0.7092446241532835
0.7206296008916051
0.7109469413626038
0.665294432268361
0.73185780933288
0.7309205249330213
0.6974251998733788
0.6572316453000142
0.6662052596665146
0.6829320787029589
0.6916341609440896
0.6788819458593299
0.693478781963274
0.705060082935751
0.6514429605500781
0.6897117743298627
0.7417248651321074
0.7174650581515664
0.6787046237337252
0.6920744391886708
0.700579871556215
0.6790342668863093
0.6759758643879943
0.732534123638498
0.7136475214240696
0.6862101456526386
0.6959039784540595
0.7059138444322632
0.7103183787508208
0.7160297183298537
0.6694100566381386
0.6970285197063281
0.6397823759076884
0.6831925599196012
0.7223043984805494
0.7532176360708823
0.685027762267967
0.7120842599918358
0.7032396502834753
0.7375323029169593
0.7231477708246309
0.7572354988670187
0.7406115391381766
0.7284058950981497
0.6871236486443402
0.6884698852152821
0.6145875852337775
0.7378280258485331
0.7260948785061435
0.6997774261970886
0.7043637069891695
0.7210974259411322
0.7054754680518698
0.6748820315985647
0.7181742790552719
0.6868924793514557
0.6576895977147612
0.7072469787994078
0.7316930262265205
0.6874260872893972
0.7363217364088097
0.7044438784067857
0.7022664936543759
0.7642559722418303
0.7533185826996848
0.7727012947365244
0.7609289905872322
0.7353525436305153
0.7363236974971249
0.7605447133671951
0.7638082470137844
0.7359516184574056
0.7559848122627557
0.7610643590737091
0.682344955444449
0.708556667033239
0.7483046087092377
0.7569423129562917
0.7401626200333827
0.7370877868352991
0.7439555823070274
0.7644187661564972
0.7052457346742163
0.7142051902377713
0.6862759656806777
0.7380438385542615
0.7111026450031074
0.7397377562759958
0.7358701183223538
0.7073528823210571
0.7571170364273918
0.7104457431791353
0.6962322789932821
0.7503143265528678
0.7449903446208032
0.7695950266953531
0.7290659853518843
0.7416572440177965
0.7245898886631355
0.7062833898308886
0.7215021194862871
0.7289543908721923
0.6803415471209114
0.733522631644998
0.7297893635510986
0.7075133688837485
0.6502317506310883
0.6962132419192785
0.691491591822028
0.6848222685124007
0.7277156451978686
0.7445577875180189
0.7580270691575497
0.7400394880039622
0.7139062108418258
0.7056184199593841
0.715848469232659
0.7366118747241371