0.6355165221754489
0.7231671304668406
0.5779460162100494
0.6895886187044922
0.7178626444806054
0.6758036457449715
0.7034188692031471
0.683824310875614
0.6409101477013134
0.6571993140778287
0.6848540467944634
0.6664704200537471
0.6516965742614899
0.6376881425510824
0.6738924228807002
0.6753428034519566
0.6983696842658378
0.6320229561455594
0.6186684394144093
0.6892893025061938
0.707566608514405
0.6749138600698543
0.651274997627226
0.6396984588972624
0.6701989118802274
0.6953023644095457
0.760732423578959
0.6747880399216178
0.6508945222512944
0.6399388953026315
0.662046947742389
0.6526285268537023
0.6794344178237369
0.6737478066885035
0.6118405515750676
0.6312701782258696
0.6727603759979411
0.652194746601243
0.6912448954241471
0.6552779417262962
0.622580938364296
0.653730496296512
0.6396587548793297
0.6480863511846342
0.6468682584652
0.765221589112631
0.7406707637207119
0.6464149795663566
0.6607740764343198
0.696082274308415
0.6822734577669106
0.6358490730178543
0.6487689395306206
0.6256242439611364
0.6687874247577797
0.6973527442118646
0.6371065019584686
0.6659327373176174
0.6512039438110487
0.7266904398633496
0.682065546665202
0.6806685804024257
0.6203354960318956
0.6639861038853176
0.7110978187724669
0.7028474254711482
0.6398060653267869
0.6549825845853828
0.6174198310035584
0.6515554623091891
0.6727074680324567
0.6710802292262599
0.6972695227110188
0.7089894090047925
0.6831362290807921
0.6508394260545832
0.6247343206314043
0.6625321654747443
0.6584678772190352
0.6532066840860161
0.6374623211705915
0.6639690417157018
0.6703920565491913
0.6600442122032714
0.6620495495285607
0.6471325599407924
0.6432710513458537
0.6179354335647795
0.6682522313962892
0.6769046235741927
0.6448735742329863
0.6237826023107247
0.6496487071671742
0.6350796816762824
0.6603275620294066
0.6629339017931457
0.647916960281201
0.634760084412739
0.6631923492000324
0.6562860427424964
0.6547781278481372
0.6568862546154914
0.642862143487892
0.6596806996139037
0.6595321247709679
0.6506441763305193
0.656019135461222
0.6328395790246335
0.6669063298579255
0.6233727141027164
0.6604262233543545
0.6716945517678617
0.6401015557940781
0.6593462747046858
0.6726289084447483
0.7174237793859485
0.6471131108580026
0.6583561981374216
0.6846036660207689
0.6706173942432366
0.6805181209410147
0.6823977470062276
0.642502097055765
0.6853812848321518
0.7050948191353804
0.6713042377496415
0.6831923182039751
0.6965206854793562
0.6956199496967574
0.6600217100623212
0.6882553510864325
0.7001795587068103
0.6383564325507665
0.6598655833222056
0.6715816115773756
0.6639584220829079
0.6558459453109431
0.6660343660309873
0.702764272030545
0.7113386866754686
0.7448239396419764
0.7616222577787444
0.6786932553680537
0.7547836449873007
0.6902581472852483
0.7737105738265734
0.7040503017742225
0.6823293763329403
0.7116637150315919
0.8039820218241055
0.7196537020932575
0.7771238936782505
0.7558543650294529
0.7561003740354264
0.749759770994769
0.7838870655575753
0.7620460154726062
0.7433631823713437
0.6653545938472928
0.716972269283532
0.7256335317655476
0.7067490945678089
0.7444096986770031
0.5917415290121378
0.7648647907715431
0.8005322070037753
0.7327813957013765
0.6983883806911683
0.7482640062655442
0.7147766555143243
0.7367903193700848
0.6737031692206339
0.6652320669982422
0.64548726960631
0.6800653864962849
0.646459993299903
0.6587425617372608
0.673140316802365
0.6596071766651608
0.6690238514532472
0.6950302911861848
0.6770481979665467
0.6823959169610839
0.7166017220828703
0.7032554995956628
0.7150934393216529
0.6932636398857747
0.6565302883156481
0.6574220968112695
0.6261153436760925
0.6428579387168555
0.6497681573405854
0.6714765273602455
0.6724776658521743
0.630217339344535
0.6287395217313464
0.6440560096774584
0.6461415176811317
0.6549910362885994
0.6568668560729394
0.6969195109036456
0.6713588014618771
0.6508631113650416
0.6761750161531809
0.6658984046993135
0.6876662373526009
0.6889256628923601
0.694229960708607
0.7440980951527375
0.7279481804927536
0.7290385454362633
0.7167986572788737
0.7157880008422204
0.7470020971263829
0.7409872356473308
0.7265232454168349
0.7253084781993246
0.7131928324638791
0.6996501772296144
0.6677624877843356
0.6609807936444834
0.6502454994767192
0.6310686642939286
0.6634976755473585
0.6328295318495043
0.6346166867454565
0.6560072362038741
0.6437937533159905
0.6796152144623879
0.6491155497224935
0.65551514007127
0.6376729181311056
0.6345447283798753
0.6841738538634252
0.6790256935844616
0.6183152995726472
0.6930547486390629
0.6930249341512755
0.6552747947592988
0.6339604401339471
0.6304313448086132
0.6875929192142121
0.7250207765918479
0.7610381452705817
0.7599621977036308
0.6509969126587097
0.7000896300241748
0.6664439984419502
0.6788774365293918
0.6234099828415556
0.6683538886440288
0.6502597481788451
0.7277318807141514
0.635820160222926
0.6785356706299693
0.7219350026746473
0.6715065283782756
0.6598053924868907
0.6666544983962696
0.6055087939229155
0.6663641006838289
0.6428984651690581
0.6623866047912463
0.6468670692947878
0.6630975016613827
0.6552580588703741
0.62731353579984
0.6663735073753246
0.6095011152076207
0.6578182727241523
0.6612648464448372
0.6476495390116689
0.6473939298462803
0.6893850841665623
0.6562524499383136
0.6371631867375168
0.6671642890680628
0.6535863018236622
0.6954460830140666
0.6818119060318757
0.6556334841246152
0.6577813728968317
0.6419283539207514
0.684517321077624
0.6497630568384296
0.6771810076173491
0.6559097675192925
0.6214586829518399
0.6529001923146984
0.6522032592961093
0.6605645490280183
0.6616043715938141
0.6611172955001567
0.6829359157478537
0.6704246596916371
0.6982184922896285
0.6889584272408774
0.6665788393713623
0.6802855069061753
0.6556971917211205
0.6776373474836412
0.6734521771393917
0.6423975499296086
0.6749892492955454
0.6680638546885986
0.6479415007862158
0.7007496638600069
0.6962323244867062
0.7192368578069098
0.7170477351990151
0.713216883592698
0.6746282284434347
0.7037187141014801
0.6907444189066322
0.7357248944735904
0.7414262583802383
0.6845295892106579
0.7104128825437284
0.795067818166863
0.6303602507686512
0.6739833748979996
0.6744577806498432
0.6326668097584425
0.7157049942205489
0.6851438793374599
0.6438381014871128
0.6919922665409637
0.672337676578413
0.6504762853328963
0.6390675216728161
0.707566608514405