0.6091936988053867
0.6947485795853521
0.6608124542192276
0.7021661821791451
0.7230517374728669
0.6861925892178449
0.7201713619109206
0.6872168872892707
0.6613992339877197
0.6906079766128514
0.6922113947461112
0.69160369194188
0.6807386743286039
0.6516085618689298
0.6968508607642188
0.7208773984711847
0.7180889578545262
0.6717185424900772
0.6481493400988766
0.6899012778599536
0.7474184220546664
0.6943023315147155
0.6970854405540351
0.655062933122288
0.6878414559584551
0.6877302539961545
0.7323415716834686
0.6768522732237773
0.6605681408298153
0.6532475802577385
0.6806209642844384
0.661456979652389
0.6918567812200715
0.6921734622009319
0.6352855316854873
0.6744529246499691
0.6877839608349154
0.6836818066837582
0.7060870800848114
0.6763184263336652
0.6580448168183534
0.6718758085328986
0.692205609855075
0.6879626636747873
0.6882292793977558
0.7290754036934143
0.7238717152426699
0.6908996236396155
0.7137119097394284
0.7068388714785556
0.7256494900027292
0.671719969600124
0.7026038663767087
0.6667542530048063
0.7140851205820787
0.7419443323553586
0.6882187584424244
0.7241001273018148
0.7373157851272947
0.704757975509662
0.7639395111134407
0.7463677519146042
0.6536401180006784
0.6966176259559378
0.7164955729326835
0.7316116620856413
0.7019815927569839
0.7189256327565725
0.7013493314098597
0.7168064534887885
0.7491292380148942
0.7304167131185234
0.7332410493201318
0.7504652862710819
0.7581498075654735
0.7282248110066333
0.6820356483276313
0.7238195931647768
0.7493195535544014
0.7010718370215199
0.7208935678368574
0.726450864077468
0.7312122016850037
0.7314449699272175
0.7293523593524185
0.7142698360861052
0.6730811265539955
0.7078791511945978
0.7224960726830788
0.7245552112307
0.7232945283942555
0.6713330716810676
0.7205641472288885
0.705545683483209
0.7399955194500756
0.7545162613890871
0.7133062524838907
0.7293474869128143
0.7333945975920688
0.7032794987848807
0.7040924127151322
0.6986379962264853
0.6610010558219154
0.7138072225279001
0.7063563339279715
0.7020364383889521
0.7029912962986408
0.660701237042118
0.7124585846027631
0.6758532879062611
0.7113378225847633
0.7020338924131201
0.689972140072287
0.7215413589229942
0.6596284293409036
0.6961100055254456
0.6489680665598715
0.6781841095609169
0.6840080551582278
0.6784669797431919
0.6729827820182112
0.7065188311441444
0.7027448374402927
0.6987984740513332
0.7074764404335503
0.7000606975768479
0.6888823207791407
0.7142130149946975
0.7426489969284931
0.7591774429165821
0.7309539809454372
0.7531237090218027
0.7159535648660238
0.7211285213668363
0.7211806041890143
0.7069501894869198
0.6496342383963387
0.6916943330730826
0.7007954321984199
0.6699890652736101
0.7028330616858738
0.7098029188815972
0.6202568236836512
0.7180413011027672
0.7232280906378484
0.7436599435001167
0.7402837317790346
0.7508401537241267
0.7319469566846263
0.7650982985430079
0.7272103856951995
0.7271703930295051
0.7070357513422783
0.727081687258466
0.7277582714697539
0.7438561968476275
0.7605668975519908
0.7747160909832363
0.7727662592793836
0.7902072297151208
0.7700137017774008
0.7823709203064378
0.8134694016420015
0.6110861314621793
0.7317549900398792
0.6953977833263999
0.7506807760857479
0.6896707347749601
0.7268920063572611
0.7084858383560629
0.749779735719561
0.724856402315204
0.7351457403246004
0.7005205167146387
0.7381449409575064
0.6870561885249018
0.687446417444412
0.695588460304549
0.708882455186462
0.7116967764521844
0.6706506192933565
0.6955827647905738
0.7266738294849867
0.6976780360943234
0.7170621999495698
0.7407482881287852
0.735445954877637
0.6653333532666627
0.6658082946516608
0.6486242866812216
0.6182068337396858
0.6390336540822703
0.6630553369542886
0.6868713146933839
0.6938173455701888
0.6689268980589687
0.6562040734939284
0.6776845671550586
0.6828460242731853
0.6455600522101657
0.7203458445995026
0.7180243346508028
0.7208748794954567
0.7312367208845768
0.714718560476089
0.7287107586106301
0.7177786750021461
0.7540314297769325
0.781847446729953
0.730580450017402
0.7626220064802848
0.7191485762698401
0.698180848140644
0.7123546768451533
0.7750257675926131
0.7359753468764771
0.7322284697376453
0.8298207296898993
0.6984081625791151
0.7011942150854269
0.6912653171812749
0.6961844801754159
0.6909330065329915
0.6726480699384415
0.639930012487394
0.6696066876973288
0.69021565507018
0.6274541975073503
0.6949762264984296
0.7194249027343136
0.6651088683438467
0.6571388211739114
0.6640970159845033
0.7028512812710659
0.6877592480101431
0.6597246785079137
0.7232505845121557
0.68549761051319
0.6756428666565882
0.6399029933747493
0.6734114810137143
0.7333374778858022
0.7660341780227475
0.7259347412761652
0.7477447366126951
0.6097493431625453
0.7135268647016374
0.7174911638516904
0.7465806885741381
0.6493855337393302
0.714111807888762
0.7012699081888938
0.7594926990950864
0.7105999928661388
0.7455193405230112
0.734828203270422
0.6877538809246342
0.6628224241422321
0.6668125756714451
0.5989761358045728
0.7061859960641819
0.6946711848474151
0.6925772872339786
0.7021985535576956
0.7011697115538584
0.6755571135148825
0.6394800876893275
0.689072482920406
0.6546321898810324
0.6554415290327835
0.710421225270569
0.7062728974003828
0.7073887090629791
0.7422311267069319
0.7163163471772023
0.6872973572721673
0.746069270300389
0.7104818853410889
0.744905744475482
0.7434879770914098
0.7035482243649431
0.7248526951284068
0.743194398611777
0.742498173684481
0.7104061155606048
0.7429330162242256
0.7502762035309728
0.7065159499298682
0.7362605780791546
0.7513976828977471
0.7648917507801135
0.724945610596169
0.7076292379771743
0.7286557882496606
0.74925928547503
0.7102161073918106
0.7358696929408651
0.6724489819589199
0.7391862613439818
0.680326050172697
0.7271681796994391
0.7559612588425497
0.6980107420972521
0.7314553125822322
0.7393603296868321
0.7156598100978345
0.7040598132511544
0.7195821747483465
0.7400911332465284
0.7842601312806025
0.6896378767359563
0.6918630774449259
0.682542993953181
0.7197368416428825
0.735573619836711
0.7179071313750127
0.6796816886513277
0.7256102279230721
0.7038336797010681
0.6702998360782727
0.675995687671397
0.713452526552856
0.6433535464936047
0.7538573488326112
0.7449224265206652
0.7142655095935844
0.7358093521673721
0.6821015302012455
0.6849437305145294
0.713517678169089
0.7474184220546664