0.6329519037794095
0.7017864454247229
0.617626118338699
0.7053241903844714
0.7109917816008926
0.7170592989363814
0.7247779925465997
0.7392864857418113
0.6734734134344568
0.706103971220417
0.7111902544070948
0.7039797524609502
0.7064791135455717
0.7038086247748672
0.7046057049521133
0.7440179726967556
0.7078761727944799
0.6936084804772921
0.7009908703718593
0.8045324447218424
0.7761602250309604
0.7776006359861898
0.7282927780279316
0.674140589925704
0.7049900808069491
0.7152174671969883
0.7056523867741088
0.705485930274605
0.7176070214245721
0.7113526922482956
0.7143873670180745
0.6735578656227097
0.7122697658835312
0.7492453938330704
0.7290117551628273
0.7339097396335199
0.72847930134702
0.716457891352444
0.7301146424147982
0.6424615171584
0.6329635682011798
0.7119304132577877
0.7281483167567695
0.7233074710638239
0.7062757254427666
0.751067173602843
0.7645454400869435
0.7098923426977906
0.7437270064189758
0.7114115782566639
0.7140974116701876
0.7478036769289135
0.7455772175585609
0.7382647202165068
0.7507854066689504
0.7544743778155717
0.6768379052923615
0.7565457724046147
0.7104159911220526
0.6978509292614754
0.7330742967238488
0.7390149258916342
0.692270657730381
0.6947365899901274
0.7261661685507851
0.7284312415579726
0.68348954169349
0.7193931508337044
0.7006692210212083
0.7013811617804092
0.7229535677978152
0.716576199003558
0.778966910162137
0.7410324202532593
0.7154485964042306
0.7144920716781745
0.6949886270777015
0.7362520135394246
0.7031669890529542
0.7076491975762867
0.7131154864003245
0.6931955218410862
0.7104135993650217
0.7104034597417193
0.6976932389026301
0.7067345184720545
0.6741352855507778
0.686573099654354
0.7162939993241645
0.7160203499783873
0.6985661907965854
0.676902919515096
0.6818736492217115
0.6886541437792473
0.722805284124609
0.7198808636073064
0.7090521649615936
0.699210225448289
0.7262395259592511
0.6996705977448304
0.6974477124022621
0.7126891735523935
0.6840063208661783
0.7174196166448518
0.7119830953254678
0.6950421630015979
0.7006609585019739
0.7072065045788072
0.7245074186496843
0.6920311697198611
0.7204225617879633
0.7145137060182203
0.6691805098921214
0.7320206220489349
0.7244369757903307
0.7442927089516145
0.6989077141289675
0.7173557864475696
0.7777118294289785
0.7437041606787493
0.750471230173041
0.7393604736249579
0.742966920363227
0.7762546156336858
0.7528977152856391
0.7445037837426869
0.7581046255097791
0.7573487754655407
0.7518916265155707
0.7167675689567709
0.7673475111736267
0.7531208402913626
0.6958485065466868
0.7320712210332584
0.7632850877755516
0.7821808422497102
0.7588227263373396
0.7647966525172556
0.6884770040917865
0.655472227680633
0.6886913290037225
0.7205757030728581
0.6957375155269082
0.7601781810986147
0.7410881569045493
0.7790318181169766
0.7208157882796312
0.7248551354490285
0.7138940984627002
0.7153774193173178
0.7015015674150555
0.7029321133008511
0.6485447984391648
0.7695562985602327
0.7725290867615198
0.7425481893340063
0.7582068290699787
0.7587867466818891
0.6932653723708894
0.7345123446593398
0.7197313733360264
0.7296240802760583
0.7178148098873138
0.6494028216738491
0.7324647236896558
0.7168308028923088
0.7612505659854032
0.6729107214495432
0.7308922623041832
0.6983224275176064
0.7554161379710203
0.7065083327571055
0.7068156512011147
0.7217077920473333
0.7257750184735103
0.683063941330871
0.7478590506974515
0.7705533069001624
0.7633337653681366
0.7770849848767512
0.7287452754672998
0.7042026409393239
0.697147456832639
0.6811495312900006
0.7107841856125205
0.7078542108593642
0.7230338262855139
0.7060691527874166
0.6979046891315753
0.7169491031887776
0.6604353696275809
0.6558730713291374
0.6943454722787811
0.685304665405772
0.7009080863824221
0.7049445125050778
0.6829506063169746
0.707809309917441
0.7073758650323094
0.7058417975305022
0.7187294098923789
0.7040303040988651
0.7251861596127063
0.707849408346867
0.7114725429595521
0.7173654022099606
0.6973996294367344
0.710653441782198
0.7383395594015613
0.7103118180115537
0.7479567834164824
0.7050117052286327
0.6925189301811632
0.7325576747924669
0.7282899545295038
0.7065758173316162
0.6828585083670388
0.7090468963134454
0.7055145129809546
0.6882092077719105
0.6869167750798743
0.6875416501926378
0.6841740372325239
0.6831500900294565
0.667467717504562
0.6996394149793801
0.6695950265173852
0.6591230307335108
0.6854278499321205
0.6740491527612735
0.6814089664942361
0.7132076775735229
0.7017731766284194
0.7067384768555086
0.7095668188860472
0.6679408980569259
0.7283038533553592
0.7464998763530888
0.7102937860245796
0.6886439686805602
0.674213605945268
0.7487478593093546
0.7308014625429285
0.6906221556077962
0.7153494211106178
0.6512622792842214
0.694065805677597
0.7194164327307776
0.7205664427604178
0.6818061583922321
0.707706419500892
0.7255662737168606
0.7582118961951091
0.7155426796365614
0.7143955006155129
0.7080172780300625
0.6944780628804758
0.6650743772213972
0.6444894568525825
0.5845364741407851
0.6916027296107553
0.6908318095671053
0.6384598364151134
0.6687517489584814
0.6915707774900751
0.6869119672402684
0.6134736137470904
0.6805458868928003
0.6488179405728308
0.6810386533330064
0.6953510246446982
0.6570351291516308
0.6855284538934036
0.6924281858792005
0.6269978147818981
0.649954254044446
0.6993086604405614
0.7053743434275883
0.7167115232196727
0.7129022537657537
0.6886965942991639
0.6649244722386455
0.7029231401019675
0.7128030874681105
0.6722656719275577
0.6772225391179909
0.6678776883597654
0.6291234103530026
0.6727645694891655
0.64785236412985
0.6657502361500061
0.6756224347510715
0.6890508365223467
0.7055214379426344
0.690772343754574
0.7063521776224226
0.6969417543689908
0.6489851641278489
0.6890121648483019
0.6718465615220325
0.6793716788865286
0.6918720860812174
0.6679531702387446
0.7081559058787636
0.660246375263336
0.6528322459321895
0.7276410868652351
0.7430610878622023
0.7218280743172784
0.6922262350118736
0.7580427783429187
0.7218889103259456
0.7324760861855357
0.7152170463051927
0.7331397794973536
0.6949613181933744
0.7171602170419545
0.7146230511873769
0.7293242624860375
0.702879762550792
0.6986196889650509
0.7054615624507555
0.6824186751650526
0.729248148860977
0.7289216387715983
0.7527084632653319
0.7200986710746718
0.7483681856468426
0.70343204835521
0.6862562194516196
0.7761602250309604