0.6105269992963142
0.7102640578986548
0.6151710905364582
0.6939673308375068
0.7173905357333387
0.6805599491929174
0.7289527796510266
0.6865772480367114
0.6601541440925447
0.68878007019525
0.6753876277483026
0.6499369274555695
0.6569634950384243
0.6353192737413881
0.6975952402202111
0.6826453557787643
0.6714715072739392
0.6130958909768199
0.6397740435693438
0.6750884647990041
0.7406580348673539
0.6657295350785277
0.6373383649611908
0.6385873942411875
0.6852234628983797
0.6672480357355737
0.6928638858986295
0.6721386052082647
0.6620268174696378
0.6705417651532325
0.6714022650317504
0.6518550788304526
0.6839084945288828
0.6905225353489777
0.6409334328950077
0.6680467118299328
0.6729695494848669
0.6712515166789361
0.692909346104328
0.6506329459039515
0.6332890342362121
0.6586904305301552
0.6661540526281161
0.663245283579444
0.6573522880079586
0.7212052800847667
0.7091472427614318
0.6758939837118356
0.6710992817129816
0.6749020790577854
0.6963152497663082
0.6571994556766706
0.6780261223912
0.6520318955044179
0.6802370941304047
0.7085315917300995
0.6453884307441545
0.6998800453483943
0.6619476992076165
0.7263319217087907
0.7205876074654934
0.6732754879500877
0.6349296749023995
0.6436809349554077
0.6679038631538985
0.6882237707971878
0.6740306344585372
0.6637310153161007
0.6728502204227911
0.6657137521625222
0.6851578217333096
0.7017259801860671
0.6817188480848042
0.7013090114681864
0.6858570613640145
0.7200008854104647
0.6555212820435402
0.6647426985959295
0.683625756621331
0.6599204397684427
0.6714143222918527
0.6758598316344137
0.6935960546925012
0.6953972425216896
0.6859643559864296
0.6647437285074227
0.6584028494626933
0.6538938700984028
0.6704534157045742
0.6737817552680183
0.6804033877444259
0.6557748058250626
0.6942046766125752
0.645626038125087
0.6976440696747181
0.7005151224258911
0.6604719829437956
0.6664120593129043
0.681516879739543
0.6422458850815655
0.6406447124698214
0.6507416706356551
0.6570203740085485
0.6648143006520378
0.6667136738260055
0.6669676689178493
0.6643795806694623
0.6460806575027039
0.6989183390483548
0.654286801534213
0.6922414297834918
0.6789536461086183
0.6591737675712983
0.7111622365130034
0.6746256281974742
0.6740349528524741
0.6293301990624279
0.6217151989676396
0.6676290254571043
0.647086063098224
0.6569133205662704
0.6964771866585426
0.6896298163270548
0.6939200414312947
0.6969456671874538
0.6731795327152227
0.6692826505103711
0.697110635621451
0.6981179676648169
0.6816483326057153
0.6989061603528114
0.7278048071973251
0.6719727230221939
0.6861498037010634
0.7000634677578381
0.7041883230614924
0.6747510501705515
0.6567508733207389
0.6880245953477133
0.6418613036046789
0.7018537406917312
0.6994866605673012
0.6449052466768734
0.7010442568288661
0.699666325422825
0.7416303505461785
0.7089199081898557
0.6973405662147959
0.7049456507339049
0.7392385167044453
0.729852233935709
0.7161536125167491
0.7347002702544606
0.7226792354099227
0.7123962145069171
0.7251903284935519
0.7408467225884368
0.7247714316935078
0.6761595015895228
0.7113893380520822
0.686400827749926
0.6961188117209725
0.7333343526543991
0.6090060439551667
0.7203216308213445
0.6912073567219603
0.7359259828836681
0.6723248131243148
0.7253930065651149
0.6886630868277608
0.7041543317124264
0.6969859640930214
0.7258569646575037
0.6795588114280782
0.6915904612867732
0.6644207123389856
0.6609808894686132
0.6620911856319425
0.661448087032156
0.6932204150789542
0.6760303107395412
0.6792860229559272
0.692646945024159
0.6955809146542543
0.7016282590211362
0.7229066943975685
0.6914341756447783
0.6534464570013893
0.6596179643430304
0.6526529995692807
0.6207383895484068
0.639011930443569
0.6474457072522928
0.6795409489016335
0.6396737745620208
0.6298859687085496
0.6455383486430342
0.6647423985709799
0.6765471718649728
0.6771729118378683
0.720140301583998
0.6964777325168668
0.7015533586184579
0.6913424668834508
0.6913041472986515
0.707718439469099
0.6851962668988238
0.7000799799073528
0.7326421965428761
0.7111617694417358
0.7243401891067166
0.7032973203285391
0.6777695231847082
0.6910123009797939
0.7365558200687388
0.7272818378906144
0.7490250968466026
0.7424808688604689
0.6829050374198629
0.6802525240072842
0.6949758040708934
0.6759724968088343
0.6474707223115549
0.6623756530832742
0.6419191270675918
0.6693111144942286
0.670675627691368
0.6388712223099458
0.6950706829594182
0.6888708908420509
0.6615691532714086
0.6492607462921084
0.6464120668431852
0.7023930567588064
0.6388867222328019
0.6418911118415618
0.6846780380766755
0.6814486575566879
0.6345789070442633
0.6516244569417107
0.634324499464707
0.6796495855202274
0.7122581855406165
0.7173856798525072
0.7230595186838472
0.6019670516660001
0.67447691180118
0.6580006461502171
0.7032513173213342
0.628053469568489
0.6711666856375339
0.6444891059964012
0.6888893112630253
0.6682821918582085
0.7118982143420292
0.7118590138465998
0.6732074804847251
0.6800026464690357
0.6492095193446517
0.6027747575913184
0.7019556168609827
0.6745127733279284
0.6846613929642967
0.6568898548016762
0.6680450024509812
0.6552598529816174
0.6198380513943852
0.6564441380991533
0.6087335636698266
0.6522927078826736
0.69280273313922
0.6502529549643856
0.6657119657592527
0.7156023288310454
0.6826954257205933
0.6395310675910133
0.7075934038637378
0.6702365178213425
0.6963782488125366
0.7018637558285632
0.6707302525536193
0.68714664598803
0.6737024705569935
0.6773349564585842
0.6470420385471022
0.7008515733727302
0.6652999395196295
0.6833588295886739
0.6914348011276319
0.681709717024222
0.6949727650143894
0.7025406625702271
0.7069608731586678
0.7112677522115882
0.7179154778472966
0.6916628712328768
0.6958037193688535
0.6514809693489834
0.7003300168897758
0.6588817343365495
0.6807903636959131
0.715343583005456
0.6562219920320868
0.7038836133166457
0.7075836600297195
0.6792015087398213
0.6901007083382708
0.6797706523808555
0.7088889564322315
0.7003032063701344
0.6875119126913007
0.6727188983008225
0.6936787874740944
0.6947455794040901
0.7232897411982173
0.6974869596645443
0.6632712347633528
0.7021093985654027
0.6944412003869078
0.6326329182608726
0.6539624611249997
0.6609278349251637
0.6179516191268406
0.7095376248004305
0.6830889471447849
0.6771631914473462
0.6966725280618948
0.6771667787013651
0.6544549010869564
0.658397772508229
0.7406580348673539