0.6395551342551115
0.7147804580658343
0.6226213290026035
0.7203910784509499
0.7300945528965144
0.7246062002761897
0.7322613264834202
0.7088812391430598
0.6838997160182112
0.6878039270299113
0.6951425215830032
0.7114963821117334
0.7522640552291834
0.7124325213396058
0.729619312921619
0.7314130305397423
0.7192990234348867
0.7507687473490419
0.7013920398522306
0.7434677405285539
0.762432467172207
0.7485140995932028
0.7109721757624139
0.733622682801872
0.7370091921997172
0.75109105128062
0.7181247419667047
0.7103012693107161
0.7026822244523862
0.7076411124740658
0.6983529804801182
0.7264530543649331
0.7148161240681129
0.7498810114852777
0.7175454259727637
0.7229020284274257
0.7332411880865554
0.7482027823030573
0.719873567407189
0.6778259318198566
0.6517282851051353
0.7150999260482199
0.7332777418218015
0.7245355690656473
0.7107641202189189
0.7467176305136062
0.7342067377778794
0.7073087113657561
0.733067830160161
0.6834971618999125
0.6910210877439374
0.7295211544158214
0.7095999211408586
0.703230468085349
0.7245797337517736
0.7140145847767976
0.7109052464489442
0.7268290388226625
0.7167361970851948
0.7122108960341491
0.7160617814670018
0.7435394362441355
0.6850408301013678
0.7365404492624779
0.7513628567354085
0.7364358185621916
0.7148842034169292
0.7072446092704416
0.6835938713566166
0.6964175023452753
0.7135430738687195
0.7332815795649782
0.7134252739231063
0.718257479304828
0.7116974003186282
0.6855596436258447
0.7173435919126718
0.7195256645365684
0.6876673460099145
0.6913105339583164
0.7070197173089071
0.6847197616580661
0.7171789312764376
0.7103310311772858
0.6989291178871898
0.6933822141806757
0.6713603955701297
0.6798993470160214
0.6851167958737395
0.6866816975043956
0.6997418919248497
0.6895267119902151
0.6959666043135003
0.7279286115983005
0.7239152210748766
0.7182341581891922
0.6981908451292972
0.6938152574856311
0.7111648602326381
0.7160156536429547
0.7332967495389834
0.7076027690732044
0.690510749115659
0.7106637674924958
0.6712359317376246
0.6921567522255416
0.6981629128207357
0.6917241247573879
0.7274414108059609
0.7006107222435137
0.7153535926671151
0.6920945729774208
0.6817356881751205
0.7302154892194347
0.7216388203316095
0.7185284937485436
0.6802345950532508
0.6870853645469135
0.7388682600956656
0.7124133785882544
0.6947046997403523
0.7309369119277764
0.7377034937251612
0.7316271855378296
0.7082666894088303
0.7165293398230448
0.6911360888901306
0.7213469405059053
0.7584817587611646
0.7083928997579813
0.7356323725376699
0.7355327167179768
0.6763419810664776
0.731667461363516
0.7548269167061866
0.7729783235285831
0.7517854148765583
0.7157688653550379
0.6960157037183407
0.6503446302420635
0.672551430899718
0.6904842159999238
0.6388548517995448
0.6907440494435648
0.6870933052697559
0.7289856622409766
0.6910888805284062
0.653593077875
0.6948310572111481
0.7029155667894821
0.6906590931479978
0.6863584175418613
0.67269122475363
0.7016139178324252
0.6928675646606308
0.7037230224917699
0.6977555855908912
0.7048822919880282
0.6376236656733801
0.7163921136889168
0.6605725980840707
0.6826126002820548
0.6949059696122374
0.6475367030565073
0.7026038272404881
0.6738187649411309
0.7117395439794363
0.6601687840331636
0.7471214687276919
0.6424347787983309
0.6999625533860265
0.7194359850371621
0.6958931165075225
0.6779080699806329
0.7039608755558052
0.6845314239344209
0.73784318322594
0.7250288529632176
0.7019097436383024
0.7182909123016076
0.7034932577108006
0.6836300060814714
0.6894333119437192
0.6978346964371033
0.7008360984560129
0.6978865001507086
0.6917154350824112
0.6916003060011672
0.6889478444488527
0.6979093703355429
0.6432010889936631
0.6999695591385645
0.6857519727937746
0.6756565779239894
0.7126705334515
0.6960249084468417
0.6632801054997445
0.7348923865436561
0.7099231096622137
0.6822516664074116
0.7042606407011237
0.7119580414116019
0.7233624332271715
0.7174267564670599
0.6918188903476568
0.7320630633326621
0.7257306638177508
0.7362429030024253
0.7161095074290011
0.7144041978152789
0.7078544259144971
0.7146805943639044
0.6797455227426333
0.6830557923920517
0.6847157160057348
0.7012995598528798
0.715457307787844
0.6917110120877671
0.6908221249667217
0.7224987391017833
0.6968671143686543
0.7105725241826613
0.6923846929120967
0.6880755544547235
0.6908565299579955
0.6961231646437653
0.6864002230156182
0.6701718055308148
0.6748893199818357
0.6824491087307945
0.690580461042758
0.6875072827800435
0.6979716352063137
0.6992173179179204
0.6662413360396834
0.6865576629188826
0.7119580580900533
0.6983924426929298
0.6857006552639349
0.6762024958240749
0.6603170699091332
0.7095078381389978
0.7027148954951574
0.6842856448399979
0.6792447009416618
0.5993717463304481
0.6649574176370046
0.6901317096071794
0.6940365532975538
0.6719433911032273
0.6874658114680212
0.707709110811531
0.6953706880422619
0.693420673890762
0.69486621424771
0.7319275378037378
0.689965279279675
0.6972348194445978
0.6364607805952424
0.6213103370977752
0.7086801061581933
0.7166364321873093
0.6726162617888244
0.6690936580777416
0.6397199389428101
0.702922805047867
0.6103123428732814
0.6903008058481647
0.6327254968449254
0.589059230103581
0.6445825589144969
0.6338778897283133
0.6608664671362865
0.6589788435897683
0.6174441849340835
0.6474877234889699
0.7123960985961563
0.6937506703529454
0.7105598406114926
0.6916835589776921
0.674498660742204
0.6355248933663545
0.7011070776403209
0.6850861151029414
0.6636528204535249
0.6554987050654734
0.6498564438533236
0.6375285971499454
0.6460667067281222
0.636225872185884
0.6879845117771617
0.6937452171141331
0.7177409684530434
0.7117969290162584
0.6867628244946008
0.6673143612884094
0.6764794251190155
0.6390446124969903
0.6860408743177304
0.6227534319255725
0.6509344134778456
0.684937707278537
0.6589978484645462
0.6697523254636583
0.6593690675775347
0.6378520130318638
0.7187824383985117
0.7411937670769129
0.7327970439780321
0.7100107144557734
0.7114405630785688
0.7143603145865793
0.726004141263609
0.7104615862846054
0.7263225651176693
0.7161993394730787
0.7404766800807523
0.7145007313973405
0.7031910423952464
0.6174322296156768
0.6821564033759229
0.668978452368938
0.6821030693306244
0.6987145855986882
0.6993313133854078
0.7194170113433778
0.6916847639475606
0.6852364960762214
0.6888809626358354
0.6600719864263713
0.762432467172207