0.6017466594690813
0.7166155272706177
0.6554158984319836
0.7014196356138171
0.6895894539788351
0.6708452630840436
0.679654099397956
0.695282096273526
0.694638622617821
0.7076909139858532
0.7072964438485191
0.7045064434036474
0.7147322794735442
0.647851180843864
0.698736914413411
0.7132414640866412
0.716349155689859
0.6481713237142227
0.6207542561516122
0.6842464046480252
0.7360888380288462
0.7062637771080806
0.6626633136884951
0.6497947638486031
0.6833205575651508
0.6661945931427566
0.6890644336064199
0.6556218787150101
0.6530179845714978
0.6641985992010813
0.6553481541480988
0.6389330670193224
0.6505529601839057
0.6811716760473742
0.6204611052774782
0.6915005853943951
0.7281645711699307
0.691330115733249
0.6581552258137069
0.6660814581186105
0.6360938842889177
0.6772888165165984
0.6592817356539693
0.6569609974271863
0.6893453188965117
0.6626513779536917
0.6695600718307192
0.6655425518252976
0.6561108600950016
0.664687497370693
0.7016997611691451
0.6788601985952016
0.6712932835698583
0.670637643862679
0.6781745990902044
0.7061489008655101
0.6264504671316223
0.6826161412716656
0.6805772647687617
0.6670567180384693
0.6717127400198684
0.6784294584533033
0.6947855069254265
0.683975680947703
0.7183194545065114
0.7532019159578597
0.672082992527148
0.7120630388443369
0.6988665284817422
0.7197563843077341
0.7097117128218015
0.7426748096981425
0.6808723298913677
0.7362881594984243
0.7425879207950508
0.7382761395237221
0.6779870530641637
0.7419485867659674
0.7231311235906223
0.6988257053449839
0.7227569938959459
0.7094351065321891
0.728688365903216
0.695305832980295
0.7264923694479766
0.7265953867473685
0.6566038519879809
0.7171383281409353
0.6915831176808156
0.7339996625921676
0.7065293153097494
0.660114709377728
0.66900788483928
0.6900895303090819
0.7465117185186333
0.7555976612444969
0.7090792856671426
0.7103611029595953
0.7190491788817851
0.7345725896180405
0.7028644701643518
0.6970814097484488
0.6491695250065783
0.7156940152494687
0.6743238393218366
0.7225597604598439
0.7126598479255046
0.6754344849990355
0.7000252638535334
0.6612485455316635
0.6720460466949782
0.6559796045950822
0.6399600136832975
0.6714039483126176
0.6714240843686301
0.6887205768707602
0.6235275443435445
0.634799096432113
0.6657747798772943
0.701822236383049
0.6816441148774892
0.6720977837690559
0.674777331633341
0.6709909919292445
0.6819709931099355
0.6493685259409828
0.6519324658159412
0.6885012617414396
0.706917858910676
0.7113482933640425
0.6913636984434849
0.7104591888527538
0.6876994488968539
0.7226554273236742
0.7242413822309677
0.6964908971518454
0.6861080671510585
0.6564682514562087
0.6830158336660549
0.6237438132699756
0.6634497950839967
0.6463483081843012
0.574228767814376
0.6676670368116905
0.684759740555062
0.7153911217503781
0.7035038555850651
0.6849518553428594
0.6896890049670563
0.6559537134773942
0.6818161463531318
0.6369234310147767
0.6304987704826355
0.6507841812064179
0.6638519983956431
0.6620126630157237
0.6824496730236639
0.6948044609797325
0.6716610360632558
0.7305001011194402
0.6609159634341658
0.690105067818961
0.6971364727369292
0.5918461051084004
0.689766922906705
0.6541205799032008
0.7166476691127853
0.7125519176712898
0.6714326034687941
0.654200731102331
0.686882267919165
0.7276216677130466
0.7403951755286146
0.7203129367968851
0.744901390920573
0.6540854498889458
0.7306212016180158
0.6860973217635818
0.688092079357598
0.6806725744002896
0.706098622355183
0.6940040016077516
0.7548215881776873
0.6658920142644579
0.7294161106041884
0.7114803474201351
0.7077415184928111
0.6714619716479417
0.6798935685226433
0.6629698665993221
0.6174673513883269
0.6687678983369949
0.6750028737905667
0.6928954481318658
0.7085249423686854
0.697180375026249
0.6806232170384046
0.6650135869475327
0.7103740430093565
0.6732363104354181
0.6771925555356125
0.6842127591005951
0.6986441518381464
0.7291852768744511
0.6900428070085748
0.7415862081911274
0.7163370146752283
0.7185687928907301
0.698342880171658
0.6575014762622977
0.6966946683259277
0.6518374148391118
0.6404809303253837
0.6514735492303566
0.672921688864763
0.6819927947320246
0.6810723193207752
0.7218729010476703
0.6767652057325863
0.7096483547384989
0.6610372379528059
0.638090019700034
0.6767325194987189
0.6941539614737963
0.6678875361103505
0.6727472071447147
0.6704736542997244
0.6385574208051571
0.670997062134468
0.7105078029485327
0.6798560774520023
0.6539419218258463
0.6482316457579123
0.6610187335998037
0.6278971045440523
0.6308592527644411
0.6699375218416173
0.6862868552875282
0.6775542940502887
0.671718080123655
0.6375823901935218
0.6667761712315705
0.6763238930376859
0.6020543643392228
0.6558582404899688
0.5927730813395216
0.6340663465158152
0.6882066523238081
0.7032589677986774
0.6344470500577274
0.6888550068506111
0.6456638608630366
0.6796114809942756
0.7043252827286144
0.7117127287514904
0.6984208886134632
0.7163205124860011
0.672250014667488
0.6103537309126436
0.5869386452205314
0.7074537161350257
0.6743975246747329
0.6574894218645756
0.6361588304659652
0.6782889696181775
0.6789251441437577
0.6182318190609336
0.6899154562940281
0.6204961785001641
0.6328306033070971
0.7109097625667226
0.6790409358946948
0.6918147796286175
0.7297748541328207
0.6517105024358663
0.6384244896951068
0.7140289691839322
0.6746858583826216
0.7044533084028113
0.7000924285130409
0.6738615593542361
0.6715586942248883
0.7336648674403826
0.7308435361207516
0.7151599158965594
0.7130282492413418
0.7039431133860975
0.6698089014504678
0.6762341859821245
0.6972737428172391
0.7105604424544236
0.70060925845382
0.7183514036384627
0.7146012435159141
0.7346391138562232
0.6677342520886285
0.6900235994590539
0.6668702290030538
0.7081760085324355
0.6625981168182866
0.6880355260831322
0.7255557833098071
0.6662337244374535
0.6941466262716253
0.7117119172830987
0.6828047536067977
0.7373290931992447
0.6935114030652351
0.7052083164212168
0.6555169111766369
0.6940468636519598
0.7224151714289528
0.6785034358366832
0.6945291322167397
0.7159963392373097
0.6624543756473757
0.7294381557064917
0.6897848085238696
0.6793887351843318
0.6188407751942843
0.6788613019515888
0.6669670626766342
0.6239072323905294
0.6949438547342717
0.7037002793931945
0.7293598397767328
0.6896333454087279
0.6760280176783212
0.7033040060618446
0.6716384244682089
0.7360888380288462