0.7193926463184339
0.7596381448114603
0.6106745467479477
0.7555250150789246
0.7584831893749543
0.6955339869792531
0.7558531070495987
0.6972684182966458
0.6547204911643476
0.6895518595271396
0.7312476321947501
0.7126883562108723
0.7156041317289438
0.708244549794473
0.7331054962709564
0.7799426546307507
0.7527960339129476
0.7028220643629222
0.6684789045944647
0.7541895997547349
0.7477414861280886
0.7329689707724445
0.7143809663719883
0.6989573714997652
0.7445838529877539
0.7493447242953075
0.8019866147750784
0.7182293353423604
0.6878998669215226
0.6710101574352342
0.718475984612141
0.724602712554421
0.7370363217489213
0.7550659654940904
0.6627903272213863
0.7114887637537238
0.7397338529869284
0.7084603227556638
0.7778212906116884
0.7410837094960379
0.7070539375069225
0.709567117999038
0.7263277621442986
0.7295044733576127
0.7087550065518744
0.8034606825172992
0.7948663313493227
0.7046238032335693
0.7266161849445053
0.7657662253096715
0.7575326816121456
0.7247955855427168
0.7365270321523383
0.707654979375124
0.7645608016478299
0.778298792804989
0.7254098928920715
0.7279289334933033
0.7139312398853025
0.7844415784940182
0.7603561644938123
0.7322297506736837
0.7136280614444152
0.7127963767052499
0.7525489103277662
0.7380431908391223
0.699975953488484
0.7206248961242516
0.6858331901502682
0.7162091782934196
0.7365145613435643
0.7442277226589422
0.8103866511300392
0.774923641227177
0.7554464263169187
0.7232465977753986
0.6979430743430093
0.7379819822791643
0.7421107857823482
0.7257726746148765
0.7352758017742311
0.7488315712200931
0.767198028117241
0.7459197335753044
0.7557726034524609
0.7321896254167701
0.7725788446470515
0.7129905520281556
0.7528277014318893
0.7596191960383438
0.7208467213267874
0.716962732247452
0.7379375292663725
0.7664551453189322
0.7484366595169384
0.7517716132480234
0.712704467473924
0.7211709808068684
0.7582206782219185
0.7188209082400382
0.6905686015682196
0.7055924882246607
0.7622028616509701
0.7539952737863463
0.7708098438400515
0.7253818690956917
0.697995098271984
0.6808794821178928
0.7285462242227518
0.7043421054621626
0.7464200549924227
0.755005695047761
0.7352139313866143
0.7503949506339695
0.6989882172708474
0.7912425526089206
0.7248662707249641
0.7536337664576324
0.7261402410047806
0.6852596706264121
0.7210120946837292
0.7340101518706075
0.6913218982260209
0.743895344110528
0.7723841634055244
0.7425194907560267
0.778765491285817
0.7559982136200791
0.7400560246454823
0.748011279356601
0.7735253937971045
0.7592686381977329
0.7510434930038085
0.7423421023144061
0.7328322563953239
0.7390787763360597
0.6781803601410824
0.73606504941961
0.7663158774090121
0.7344471639777852
0.77163605368633
0.7858185831761494
0.7171925062486171
0.793299451726602
0.7093932756896134
0.8055080895147549
0.7789080031542899
0.7800578213595887
0.8127993283427821
0.8227416690694119
0.779237509014564
0.7619914934423833
0.7545396368150835
0.7795751780542064
0.8143581029050245
0.7871112580957432
0.7991363506406862
0.8010145648214209
0.7942999923835503
0.8127558108811405
0.8365399989076927
0.8294784714805489
0.7953563492283329
0.6524189704943781
0.7966431001196483
0.774850322884731
0.784900965403183
0.7944482987175893
0.749144063831342
0.7912124147699621
0.782722298575346
0.7380729280193623
0.7430392516655672
0.7215248211444378
0.7486948844798303
0.7207980615588908
0.7062593798862529
0.7400533973911658
0.7178682252459305
0.7452614019044514
0.7265779811349516
0.7405263574821449
0.7420610487645483
0.7357127159764975
0.7473970319912693
0.7540349229648065
0.7805370648108519
0.7030026745666599
0.7236035929193251
0.6724058889983889
0.6698018412640819
0.6800686910621953
0.7125799955252639
0.7374986024429345
0.7021229518292286
0.695236985014905
0.6843276735852826
0.6954872261373996
0.6985267925470517
0.6901586655006362
0.7113776160943346
0.7242907620915796
0.7023372838880233
0.7077080155346199
0.7333024691802785
0.7405723458495961
0.7259694690720786
0.7403207812726184
0.8167000452628713
0.7720205105867687
0.8071065955098586
0.7477854129423521
0.7490537743966401
0.7741588750636147
0.7904099732261307
0.7829471966610473
0.7805880472200931
0.8059698137045238
0.7524714067257612
0.7229935148232386
0.7272981156505717
0.7241520222627427
0.7018039939997572
0.714420857145567
0.6598935513121386
0.657729118826594
0.6740680507274678
0.6452013119451895
0.7444472253153269
0.7015524617554869
0.6864954359244578
0.6902228414402848
0.6977831144029253
0.7291738092266221
0.7572006345107672
0.6946902542524052
0.7597422702239869
0.7647193926062296
0.7289572148440142
0.6536178047245601
0.7052807861806688
0.7653987452160218
0.7890699143769265
0.7842633386822293
0.7822304029031979
0.6739622208258361
0.7397345093128816
0.7531483154447526
0.777776386054366
0.6739099913892412
0.7302936334497753
0.7265522609291528
0.7981024866222215
0.7135602930930125
0.7764838760212625
0.7776294637573838
0.7070870154345231
0.6839067643484037
0.6875914138293507
0.6006780449519339
0.6972399233686315
0.6893158562631095
0.7011687141868073
0.7182199372442523
0.7582747106002992
0.6814306220440326
0.6578947375022776
0.7029001099781941
0.6673175114345627
0.7262220840534049
0.7243346411781039
0.6995330811498014
0.7462064089924183
0.7477414283606857
0.7149615522837673
0.6801517462410989
0.7287126423174859
0.7042303290779939
0.760119708071606
0.7274897598103036
0.7187685983534882
0.6817325975336105
0.7143387371316494
0.7226545723381794
0.681864635713592
0.7282239610665437
0.694410189829918
0.680921933331991
0.7193210741571631
0.7029179094879252
0.7110407272040061
0.6953517297244413
0.6859334958913504
0.7072664710913541
0.7198459562890456
0.7140594889501396
0.7235780700174508
0.6688133435202013
0.7209136893020318
0.7154688676492194
0.7275189379523801
0.7179932070710483
0.655886208386996
0.7178173002011075
0.7116523764884806
0.6803678065588782
0.7619951456224616
0.7718361838758601
0.7930388798812823
0.797153614592691
0.7978432230525897
0.7470058262711721
0.7569574408296367
0.7884317584210802
0.8030775930334362
0.7712737566372853
0.7212902408916557
0.7976929150730323
0.8078590054636787
0.6882262043576064
0.717068282974741
0.6940490476987922
0.6653734122233482
0.7687343475146172
0.7675341412012093
0.7069980169956176
0.8211538246249246
0.7579972775496256
0.7251070397316416
0.7211843160423658
0.7477414861280886