0.6223652046086678
0.7284880539064995
0.676226563594596
0.7377149418303013
0.7072786333576336
0.7099748199175626
0.7362706584645078
0.7211516526862144
0.6901527501962995
0.7249231901388575
0.725056843897039
0.696710072633578
0.7221607494874803
0.677780948298393
0.7306448641710618
0.7703206504264266
0.7200465592165615
0.7188876613090633
0.6596676145920888
0.734625156380101
0.7701680685872418
0.729277002989533
0.7255145862416942
0.7193036234090128
0.7477457495364102
0.737504547386191
0.7296964191886817
0.7300623796856927
0.7282621412622605
0.7124361338595666
0.7773516275316493
0.7251686294743275
0.7742535040462959
0.7752822275792054
0.7163787252976007
0.755878584790551
0.7220573559362425
0.7854914305160564
0.780113467338426
0.6950448574248559
0.6973614133140766
0.7382412093359354
0.771770453542076
0.7540806846974344
0.7263190776086935
0.7771221782543435
0.7586235783803524
0.731298520198452
0.780869751973575
0.7400108763473537
0.7748626388090442
0.7303536872107577
0.735101348257426
0.734053036245498
0.7534750354595456
0.7650172331954794
0.732864119506484
0.7571830633058659
0.7610123816671852
0.7397825388836835
0.7858751710511545
0.7702482676983027
0.7021571708708663
0.6921900603812968
0.7658972907905753
0.7611556322319677
0.7307627798881338
0.750061715039971
0.7356747008594514
0.7446172604396016
0.7371616024077361
0.7844753095757734
0.7959648695364197
0.7808850942095229
0.7724957284643382
0.7466953354932159
0.7180678355075932
0.7569494005742424
0.7370892897300225
0.7487351611777986
0.7633987094962136
0.7389489634357523
0.7488843106497406
0.7462445873772259
0.755924871873081
0.7400810783369288
0.6794742055820756
0.728763599609171
0.7210774601280312
0.7411062966496117
0.7288350328234371
0.7060727797493429
0.7209080779569396
0.7025895915510674
0.7453990426371809
0.7672922548757439
0.7228988787089775
0.7347662728251201
0.7223206180505201
0.721202754110164
0.710090406628225
0.7215778870352452
0.7078905204197073
0.7466878596052614
0.725251747272185
0.702084898376048
0.7158529838013018
0.7076876854789415
0.7560998396852622
0.7240250438559369
0.7424038049765909
0.7299179237892869
0.726967662145163
0.7702714030756075
0.7445332968930134
0.7121826352704901
0.6642604762674202
0.6933776281420976
0.7163904127606997
0.6816337653656361
0.723213503152993
0.7654372041737568
0.7689731226833885
0.7814848016139254
0.7450890734249522
0.7729506226885445
0.7479022424944701
0.7937014649796842
0.8006958773543436
0.770719967271866
0.7882324089745479
0.8025154888843264
0.7899660083785368
0.7770953866020601
0.7788730968329772
0.7860540307108036
0.7517101475456691
0.7381451689990122
0.7345367123544464
0.674463794511284
0.7033027404265216
0.7185334383833659
0.6176288429499067
0.7571662746632187
0.7411588811363673
0.7823356187278376
0.7184660872007577
0.7167939632542734
0.7574160747618094
0.7467534951200218
0.7316168291436903
0.7119085993124088
0.686669117270294
0.7452174746998532
0.7273107323562836
0.7292997858827995
0.7476009402745719
0.7717314345299787
0.7098976589213244
0.7521471393704637
0.71806921638733
0.7484387990177208
0.7382490464476757
0.62323749395152
0.7500934070665158
0.6921849055569995
0.7689710262927342
0.6867424078891065
0.7169516641644061
0.6847589889137217
0.7259232683981757
0.7434768265256136
0.7624197757397511
0.7520745215354847
0.7600423506579722
0.7248141275356347
0.7591943024658644
0.7668796150643207
0.7698516924298981
0.746621428428608
0.6954535639727408
0.6809711123561435
0.7311962596510521
0.710553133867829
0.7222732361293178
0.7483757714251428
0.7495919193452785
0.7148162875394629
0.7110346865519451
0.6849756484994105
0.6522452035767724
0.6633428970582073
0.6971017384518299
0.6902652695120043
0.6939044200225606
0.6999380324083938
0.6802344199284753
0.7015554304545488
0.7277903219391831
0.6788481102950169
0.7159200995241016
0.7286079944860456
0.7468607035476224
0.7630700567043068
0.7501727991888363
0.7447435525129009
0.7497356937808737
0.7376321488830718
0.7691956459523311
0.7297759618391678
0.7662505064727634
0.7098252389437405
0.7012279047208533
0.72048942343077
0.7427617304867945
0.7091422475831367
0.7103490190413562
0.7410684180644422
0.7030238742522011
0.7221299927833832
0.7079275955513472
0.7040467856722652
0.7340683592440247
0.712869725003275
0.6859727276199081
0.6900378153100477
0.7027054297674625
0.6476416591790893
0.6970115013521947
0.7211896245146979
0.683722101561472
0.6763507042417976
0.6912214147074126
0.6873859316592797
0.6790600982176338
0.6717166256671059
0.7307236982270771
0.7300709017690354
0.6859576557327036
0.6834131722997214
0.6647548778134319
0.747767418178617
0.7331493180297233
0.7222007213656528
0.7265469691433792
0.6058295876678882
0.6715468664574158
0.6951786987390205
0.7422995928073473
0.7035531675784366
0.7485256238163275
0.7485582981763345
0.7424084395829526
0.7007799262108746
0.752373020689913
0.7454223021456073
0.7209757226452659
0.691151860614112
0.6713607045495001
0.6352851964869594
0.7036600355428132
0.7303435505189018
0.7207334944699675
0.6805662203553046
0.6902851570717443
0.6952340187250792
0.6483123024456604
0.7129398070922025
0.6562550319299295
0.6703700435874581
0.7643753832909971
0.7351963124632345
0.7480349036282294
0.719540060961496
0.679546751818197
0.7104167842853845
0.7334534237916794
0.7284371572395605
0.7763710127216786
0.7516433125613687
0.7072152137152219
0.6794989624040515
0.718166547130131
0.6967845460015992
0.695569689993712
0.706654449327712
0.6931931224557351
0.6820749084741319
0.7313038046149173
0.6930475359356822
0.7136162631278747
0.7134951508011613
0.6821657997062915
0.7252413668594013
0.7267025875732123
0.6956195830584253
0.7006375704440417
0.6915093800800316
0.7115949857344701
0.7135865825853139
0.7015281535823259
0.7199883980867756
0.7039662556239252
0.7138025688109907
0.7285942221065889
0.6923659811568803
0.7496060093132523
0.7637199633523197
0.788636268587534
0.7421038693132711
0.75884493843644
0.744436764676602
0.7600975639678367
0.7550464403833187
0.7836392053019818
0.7431143899990463
0.7364343933957866
0.7620588510818227
0.7381297426075564
0.6745022862976587
0.7028947890852266
0.7042485138830136
0.6820109447653162
0.753363763815416
0.7386488289366036
0.7370995136289735
0.7655313880323836
0.7229079801467309
0.6977985025079022
0.715176066758698
0.7701680685872418