0.5930114529766217
0.6753068884492115
0.630443136760418
0.6811154874226567
0.6658084672280272
0.6501355981361486
0.6981169414630858
0.6861426944033412
0.638368660832321
0.6564463439727731
0.7430984570844221
0.6639978072240905
0.6909427596332145
0.6577861958120352
0.6995490466097726
0.7430718373421771
0.7494431541377428
0.6400619788811089
0.6221257329749593
0.6548296747167632
0.7489275074934957
0.6668416918185907
0.6510173031810432
0.6562501292135566
0.773488469153009
0.656566837410682
0.6531785383082616
0.7092924331279447
0.6289414261684984
0.6914686004034066
0.626758012609869
0.6635492129672428
0.6343457989006114
0.6487181081718933
0.5772177267951709
0.7021208327002971
0.6542074940507466
0.6465639600247195
0.6483513474042828
0.6430443059084744
0.6112297591311601
0.6917933340686206
0.7207824391612008
0.7164434284273228
0.7396906485515068
0.6664718257023291
0.6368054842779282
0.6870312311964415
0.6686329980990932
0.654619220953202
0.7457874019167082
0.6578476968056912
0.6489829788819613
0.6307236698822589
0.6930911648735666
0.7014425418161935
0.6398586294284161
0.6866408079409667
0.6623316826061468
0.6652169256900713
0.6531979901359418
0.7198770389221236
0.667355414582025
0.6381459167285598
0.7273533878201617
0.7933183774349647
0.654523912566978
0.7016968682695262
0.6439621048221825
0.6816660029104202
0.6768613461678246
0.7089281235499918
0.7347636723651769
0.7517057903023081
0.7390970291434592
0.7175161929760993
0.6444900317258256
0.6840053617546689
0.7086931091173992
0.6703058425220014
0.6617969060216619
0.6980836666879549
0.6613064583184569
0.6744788001957007
0.708549780737995
0.6814266736730522
0.5975097741874547
0.6673327776411555
0.6505711991593722
0.7134381153178866
0.6399780621522204
0.6195046846017918
0.6310980150584288
0.6222973021339179
0.6973677303992979
0.6893013154185346
0.6560660641642048
0.7008390226828152
0.6963958395213532
0.6423438425807778
0.6880251279297895
0.6980887883150229
0.6529237168847949
0.6517504695123352
0.6953429251894291
0.6698834757312825
0.6527946709221637
0.6288997717964208
0.665306889287939
0.6373711573222864
0.666629864664717
0.6779596116286178
0.626654827368483
0.6575855206729817
0.6706656774321441
0.6519635694881251
0.6116455509261758
0.6232572303502858
0.6347433960429401
0.6100986123002041
0.6559643743185765
0.6639132683209455
0.7070066289278971
0.7078541843356048
0.7065242900403522
0.7106277215786928
0.6954637006923223
0.676801763995682
0.7281915304676893
0.7102945446269967
0.7154599727206188
0.718729138709228
0.6923270580610582
0.7304866643450101
0.7141858274453875
0.6750490938310084
0.6516309087715515
0.6303028893656853
0.6449607066659828
0.6106197311411397
0.6433882209119228
0.6565190889092025
0.5522591069836567
0.6942142604650928
0.7206223498887626
0.6845139734537321
0.6745639441977614
0.6727403987321252
0.6974111866241568
0.6740785787470216
0.7050715346980011
0.661185020869167
0.6517553695742492
0.6938278912060187
0.7236125300146141
0.6519411587436326
0.7285312325705574
0.7776822333924402
0.6474592657488014
0.6911750639625649
0.6628929339326535
0.7404074507170839
0.6837354957125025
0.5619736714831588
0.7465562063239917
0.6375293751472837
0.7587614153816716
0.6642299474836627
0.6708158189581593
0.7003835454108591
0.6877224389035499
0.6995135807106634
0.7151853972550477
0.6837516021141252
0.6930822320395741
0.6409921803029424
0.6572380383946254
0.6598151848522014
0.6936508286899178
0.6612898932891332
0.6656351046197128
0.686104879386543
0.694475837100001
0.6762926444628848
0.672202799584554
0.6819111946624132
0.6906525119299335
0.6618507784817644
0.7106237793640416
0.642003419697347
0.6211424327908802
0.6452035579163643
0.6495026027533832
0.663589083721168
0.739241932987275
0.7029317054603563
0.6818708157415828
0.6390949209010051
0.6588379929441057
0.6102626121897283
0.6542145405603662
0.7200605737285707
0.6614567050607237
0.6791525642364254
0.6552493655382814
0.6544129730632168
0.6709745294361475
0.656701579779674
0.6865523505242077
0.6576682945930843
0.7499649652796904
0.6385783252042021
0.6486611759037525
0.7180813087508602
0.6688593931241004
0.6618723141718437
0.6724710421470741
0.7211044681252421
0.6529293700832822
0.651387081639026
0.6190374065312534
0.6249467654641137
0.6626812328157339
0.7011722696518224
0.5946259749043084
0.618560226437691
0.6293589298372628
0.5948381559773059
0.6868316294036457
0.633524383431589
0.6263312526484177
0.6461219193993187
0.6433767030442193
0.6623428334874295
0.6324687008648948
0.6376889179155065
0.6818151509585371
0.6711008973073146
0.6411258005253369
0.6201629488319915
0.6012094250394819
0.660505821661136
0.67381377146617
0.6650461975057002
0.7078566697750707
0.583015435576622
0.6396575128898832
0.6534214281053291
0.7028900026165467
0.6410516571137448
0.6894197084181111
0.6561541194830957
0.6707570380440256
0.6423447247096066
0.7102409196489896
0.6818673636304553
0.727148267400964
0.6245888115753219
0.6079528757958376
0.5799675349132789
0.6684618786260372
0.6622043770398565
0.6970417471099785
0.655193934789592
0.6649739294410436
0.6410545537858153
0.6239682940951448
0.7388223900486413
0.6555861109093076
0.6198673798070403
0.6989153177287444
0.678664437612273
0.6834357534022893
0.6962610499520399
0.6372044014945415
0.6578274119019208
0.7063839782533402
0.6531495699760249
0.6734763661193993
0.676990246016109
0.6880003051415844
0.6520159154161671
0.6578905879301095
0.6930845642255228
0.7157705876386852
0.6810209948163772
0.6706711770303864
0.6727863961982513
0.6799954240174253
0.6601325341055639
0.6809202453171261
0.6606212923243053
0.6502077875516596
0.6807212180947371
0.7260782104200366
0.6877290431794414
0.6685789573189955
0.6578085299417529
0.6760532147736733
0.67351770394537
0.6526253546761561
0.6751580147956777
0.6636766757650477
0.6620110896423945
0.654209232499865
0.6452487634803152
0.7224999707101066
0.6701644209273605
0.6664573012311793
0.6668087868101714
0.6689462488124165
0.6755519383738089
0.6511061828953147
0.6827059714304192
0.6892070627300143
0.6944558435167598
0.6801945413403999
0.7052765173200483
0.6859523899885719
0.6582040635835734
0.7007592495099676
0.6727511596056545
0.6215866875522668
0.6938330572646453
0.6825861778160698
0.686900768744567
0.6673651086558391
0.6628667415186507
0.6511462818542416
0.6608255209399269
0.7489275074934957