0.5942743417732629
0.6757524796303772
0.6358845421618369
0.6839123829519708
0.6920661531945326
0.6671062580550152
0.6936710348369374
0.6650111273538174
0.6497852811597388
0.6728746670481237
0.6642802319834759
0.6488916403858315
0.6483444705693747
0.6172825072807369
0.6701469021702211
0.7007868372568028
0.7108634385454924
0.6446668667293896
0.6310377176399626
0.6868694248276997
0.7296374879824632
0.6529125777602541
0.6693749244437533
0.6193155602731267
0.666218572090094
0.6654058676465445
0.7098607316396482
0.6601838067694915
0.6395933050652165
0.6442642275189318
0.6450724359155654
0.6280518826576563
0.6684409054618888
0.6697750726892496
0.6071679080314801
0.6658405423622502
0.6778035509702675
0.6772885823875741
0.6843193359379224
0.651679665091026
0.6292077639477657
0.6530822749016094
0.6652286043801562
0.6617483191831056
0.6583377502282921
0.7122406208059854
0.7157876002524639
0.6681397890508116
0.6880496799483774
0.6827164706956523
0.7142298696462553
0.6536331411630165
0.6702395069802154
0.6454606099136132
0.6850039733470689
0.7205585418579225
0.6597088814788403
0.6964582875646297
0.7218473733468321
0.6819569484760476
0.7509959227822995
0.7367760768046332
0.6510056371295809
0.6571312103705784
0.6862537806930207
0.7237707900481904
0.6619561692494391
0.6781521203180468
0.6735075279699604
0.6896839083204539
0.71773707887514
0.7179800066026629
0.7259145745748806
0.740034817637461
0.7438387981509406
0.7363839061247357
0.6487047459505099
0.7080186048562718
0.7122376653236571
0.6743456625729596
0.6954940952371793
0.6891789167318517
0.6983859233241925
0.7147633441407794
0.7012765649328669
0.7072648548037018
0.6459797343904309
0.66579385049783
0.6835710848004758
0.7304254283299978
0.6739300215999156
0.647844232008588
0.6808155970720489
0.6987020773657013
0.7419513989677811
0.7521359709589576
0.7102569959563588
0.7290220336066926
0.7421149899662547
0.6906375704603952
0.6935269246578641
0.6645023470029601
0.6442929423234152
0.7036736273151594
0.6705984316165031
0.6920687526998294
0.689006742363851
0.6483796512644748
0.6854515530609614
0.6523912210253202
0.676188021938863
0.6753362748146767
0.6459518913436688
0.7014222152055246
0.6457675315011778
0.6793917672546598
0.6178376968364985
0.6555526514778677
0.6667412342551939
0.6442876444290281
0.6478626116092235
0.6917977632159512
0.6816859338352362
0.6854172990088104
0.7000863432809755
0.6855743009429667
0.6795586593913345
0.7103389500633546
0.7461307623470249
0.7646397184540109
0.7168574623156336
0.7274091085032546
0.6998597034999072
0.7089393840437315
0.6901653572809385
0.6899473858177392
0.6581849464437914
0.6761832067052685
0.6773546987762089
0.6444500481733831
0.672966260975498
0.6886939005068384
0.6127024001447339
0.7109854307525119
0.6922997548589219
0.7262826466895653
0.7247554456397509
0.7561928679355082
0.7200066306620253
0.7504848294189157
0.7166055513431041
0.6909240529311639
0.6946407084016158
0.7043382546809153
0.706525952908216
0.7081845876226962
0.736222804569746
0.7551950304099714
0.7580875206564921
0.7738986125620355
0.7533680615120936
0.7817191264826705
0.8002314957321369
0.5973810732394308
0.7268418941063998
0.6876319872942959
0.727911735058987
0.6845640042446935
0.6941038517394864
0.6968601494013483
0.7328175280220133
0.7196865980339796
0.7225648768656835
0.6997404037380881
0.741188785314754
0.6583187363188822
0.6883915798572873
0.6818815804681388
0.6914546959616984
0.6970400140119396
0.6618133671588741
0.6827719193641754
0.7161020355346641
0.6815244633915065
0.6861835307073505
0.7143224383244345
0.7134191994713673
0.6447200251898634
0.6522334783649172
0.6363488227082624
0.595326603164107
0.6235795747499281
0.644957981760947
0.6721360646379989
0.6745557904148983
0.6415821693600293
0.6442540158374703
0.6511988724297563
0.6868099747072804
0.6403439098166835
0.7141442829505951
0.7027976472256992
0.7027252433064675
0.710725323918596
0.6971000816399747
0.7023338001157453
0.6949249742856688
0.7375791059400859
0.7494003878324478
0.7054367635008861
0.7457260166436956
0.6903608735206423
0.677612279215359
0.6964825543006681
0.7455774761051063
0.7193764897072901
0.7226919325443704
0.8104268902753953
0.6870374503138097
0.6794727937510376
0.6800803985783094
0.6632038732321464
0.6792044259780022
0.668399084797214
0.6296067136098
0.6450923973224246
0.6550181244602451
0.6179663815478914
0.659222801834263
0.7078371105152115
0.6680366278014788
0.6295160718405821
0.6464811716690573
0.683291257204901
0.6572810093083572
0.6209622954193537
0.7088837615541351
0.68607388738577
0.6654529257816675
0.6381281791618021
0.6995567450752439
0.7278532610694134
0.7426551741079019
0.6898086379440646
0.7200180870505244
0.5780354338210025
0.6842810068752003
0.6820258754922315
0.7249486265080105
0.6101310712197844
0.6794870156513562
0.6853043231325583
0.7333130812826983
0.6730549492323732
0.7177609114295908
0.7102039348536932
0.6762306182064011
0.6246309868818484
0.6317730650242922
0.5556830429802723
0.6706814886863057
0.644990024282207
0.6499887907848949
0.6545719259513805
0.6763066151811651
0.6455254912176912
0.6162545188920728
0.6580823033083024
0.6226168411415973
0.6306081679154998
0.6906522015796756
0.6767641602255594
0.6758036738683101
0.7285330540034023
0.6801625572618439
0.6558841108259825
0.7066347572987348
0.6806779108953391
0.7253247056060979
0.7177275272446242
0.6830330504978376
0.688343487762306
0.7070164952940702
0.7206038316079793
0.6909821811095583
0.7252154061226395
0.7286946480368517
0.6782631582350088
0.7055293505626792
0.710160037326476
0.7348696228239258
0.6952754492722324
0.6843747204028852
0.7089946479211858
0.7159391757224786
0.6807114664103403
0.7093050627687587
0.6319473354784106
0.707576779715406
0.6360750635095076
0.7027301577278443
0.7238140944515234
0.6698746464774382
0.7518801461220828
0.7148156150929048
0.6724264823340597
0.6784842381038221
0.7053620103736477
0.7372129787181608
0.7625679082111475
0.6805291031447974
0.6913125549123303
0.6670003084850569
0.7003806059680362
0.7087270663717131
0.6766617200264443
0.6652784859192586
0.7078047763495108
0.6865804285159304
0.6339541154938463
0.6528576800619885
0.6388066243532318
0.5985822741949599
0.73585195984388
0.7148173336318601
0.7341280092206822
0.7102598145229343
0.6751112084080461
0.6816009366581649
0.6740105987032166
0.7296374879824632