0.6634977196052003
0.7135758242898221
0.6317966087006855
0.7151841562030757
0.7461316208818983
0.7199622812064594
0.7535755393827254
0.7433734856185062
0.7036158568735216
0.740362774307817
0.7273700616567295
0.7144980106500216
0.683735206474746
0.6755355496818461
0.7173153942423314
0.7369272327335155
0.7413166647099221
0.6587735177660503
0.6633796163558517
0.7402423022499522
0.7294202510504826
0.7109985190655765
0.6871082891412315
0.6576526582996591
0.6961418705844125
0.7100078229703611
0.7516374547156996
0.6905708302934228
0.6967564057089343
0.7055601186712809
0.7129368130365614
0.6719404954874914
0.7187037904912866
0.7346051067621969
0.6776962583433553
0.7083417714877294
0.7178526356341386
0.6989953647512724
0.731907957463044
0.6725544004858125
0.667055616824876
0.7193376113574497
0.7272046509174089
0.7394095883946172
0.7175140997467782
0.7383261201553429
0.7856137398201367
0.7216786399296885
0.7379900341679319
0.7402551491422843
0.7480420328634729
0.6927578419354491
0.7159143891689481
0.6919047941816404
0.7216176482245585
0.7648031833911332
0.7038178008921776
0.7647502475232846
0.7696681491828488
0.7450707947387359
0.7953824407899416
0.7475041280909627
0.6781421713697505
0.7050898191503221
0.7442459943859285
0.7242058959219547
0.6933086813166807
0.7248975137536109
0.7197348715418707
0.7246101775773995
0.7445578697074465
0.7329091555649896
0.7694766250222825
0.765851557219311
0.7455576291250648
0.7582630309303531
0.6907081096628844
0.7077884508221262
0.7272835821370067
0.7084810634051649
0.7038526645927284
0.704157616445519
0.7167877236180906
0.7527213601491538
0.7100203316183642
0.7161510674476312
0.6697013537656215
0.6854908763365338
0.7240765847266293
0.7208976948112699
0.7015356547209367
0.6543280999502988
0.6844668333512371
0.7303622588816827
0.7555019359496958
0.7624028454229831
0.7319316244615398
0.7445267294154193
0.7653066571416282
0.7284597074675038
0.7075100120760642
0.7177681792356455
0.7068404628889229
0.7320833255320438
0.7300516200668554
0.7360634509063357
0.7088361423387927
0.7050410957593054
0.7356375077693449
0.7155310311985184
0.7269027522672892
0.7401986477961954
0.7004026538279818
0.7456226948267107
0.7324210008547755
0.7363284649738154
0.6943057798326586
0.719101167924033
0.7378074218376313
0.7213807983559758
0.7180942092333518
0.7437155173359254
0.7479216958624781
0.7524532950489885
0.7539937483695052
0.7421480714153575
0.7364187240147391
0.7573894580998688
0.7541284892118064
0.7520740646151871
0.7660812998391954
0.7709100714812062
0.6928962489718733
0.7228051228990671
0.728950627793884
0.7419926595138036
0.6945222297741781
0.7282487139373816
0.756806234317606
0.7072356176841144
0.7349519090133195
0.7776441188453201
0.7023228612408668
0.791439903011122
0.7523747965459436
0.805273264809614
0.7799488024385597
0.7978863392411935
0.7527441944013286
0.7806929720690536
0.7421553361428805
0.7362049605350601
0.7212515179364243
0.7616971914392741
0.776198759613786
0.7673551911059743
0.7943954797706619
0.7692715776668713
0.8139417655872077
0.8167193524107079
0.8067822746534721
0.8163165243269973
0.8173804411616854
0.6460173998823009
0.7722265722385161
0.7579268774172768
0.7852914152449547
0.7221662568029011
0.7471558656562461
0.7509995105360054
0.8106593299320582
0.7471746742023994
0.741233560933274
0.7243029743101634
0.7640198244555269
0.7160888838743036
0.7170870479343471
0.7409248425476703
0.7407721741520487
0.7641126495889078
0.7149078603323482
0.7497716388404049
0.731069123958795
0.7279406503687142
0.7371760815255923
0.7607514119122243
0.7172452469866303
0.6969080252262932
0.7132148415648243
0.699720688998644
0.6909807720655818
0.6757467882710032
0.7229199196655232
0.7124986307429544
0.7078351323787334
0.6807419611900103
0.6933712516843544
0.7002412444464873
0.7269901267491695
0.7233835972430511
0.7614898171862777
0.7450325296260694
0.7433166717307594
0.7486836385381737
0.7440106863903183
0.7449498391596766
0.7324942526394248
0.7520230500501184
0.7888112034332049
0.7558841963656865
0.7682991851824947
0.7603623776126945
0.7389557202787362
0.762844199310691
0.7392269402274997
0.739207132812597
0.7219237334681384
0.8092334476441525
0.7182490369936539
0.719072474889331
0.7006637601683519
0.6831708308565162
0.7117022180885781
0.676776029591571
0.6818809749714427
0.6917654877058799
0.6922487807679145
0.6697356546145293
0.7135260310846295
0.7175417843214421
0.6993109822386144
0.6851823856927413
0.6955784495708248
0.7399055744239958
0.7038689013519341
0.6622190255004932
0.7317811719552186
0.7375218247213539
0.7201593498563138
0.6911164043496032
0.7138807218572142
0.7488385187990299
0.763408932548365
0.737940929481826
0.7626623674783851
0.6733841392547452
0.7054759115004559
0.7332399604133959
0.7348903882594904
0.6681082482709223
0.7203010012229089
0.7204562485871842
0.7830115871620968
0.7179714638528193
0.7281565153833465
0.7478947041119156
0.7132224315307347
0.6827759800748213
0.6955417274285806
0.6349664293082617
0.7340516727962477
0.7205356541583324
0.7016849980537299
0.7256273253526765
0.7436478538940249
0.6890246430677509
0.6579897850126366
0.7048988361445634
0.6617437099545431
0.7046470426920738
0.712397851084883
0.7361837547279757
0.7274555367815319
0.7658691107613752
0.6891766172969953
0.6737505971352085
0.7506277386359418
0.744425857409413
0.7750508546736488
0.7410721902017892
0.714144687848509
0.7160718265651286
0.7290809091076252
0.756201003424616
0.7178019934496271
0.7674663154436083
0.7450441946613228
0.6902033164719434
0.7200863469019082
0.7152059538292854
0.7641072116915161
0.7337434182112349
0.7202490350832152
0.7242860352592777
0.7261049287289844
0.7499307790055972
0.7389086885238845
0.6864396396710772
0.7265149646704463
0.7056672293768026
0.7298960969540872
0.7426121599308003
0.7030330809356976
0.7644813931116764
0.736326636038888
0.6722216112173495
0.7219927755377274
0.739718482667436
0.781671412056207
0.7777327905825422
0.7697350665612414
0.7301815145341439
0.7347401801512929
0.7457542935152842
0.7487950975794607
0.7348356172617994
0.7168478058148671
0.7576386105987529
0.7574639526770526
0.691936428472142
0.7203984142072033
0.7184683421300705
0.705707759458218
0.795538952458047
0.7600879655452109
0.7477826925841319
0.7507794931294915
0.7347661593295656
0.7205821793615115
0.7088758841754297
0.7294202510504826