0.5850242668452452
0.6979002843858286
0.667742147089429
0.6530644708095512
0.6605973539286277
0.6526162752948071
0.6556242371036952
0.6645192085586966
0.6255785990400672
0.6303957487801398
0.6650652079898042
0.6406050592304402
0.624895355077937
0.6099036797624844
0.6490928476374026
0.6702135780417104
0.6717475877228749
0.6260872170186631
0.6430595529043712
0.6346764443602882
0.7411840038014421
0.6496145950186372
0.6201988658449176
0.6480083099055127
0.6876693636902225
0.6506817801890374
0.6745785380623978
0.683303606432196
0.6554300581705559
0.6951262766625353
0.6681179127292132
0.6399474121954948
0.6337930238748566
0.6555899876305661
0.6357445301233083
0.6719752317224038
0.6661322330192697
0.6795581464338419
0.6643560700376555
0.644692404092473
0.6283412562337664
0.6246927954782528
0.6771453389384058
0.6123286129741029
0.6581274552098207
0.6699937286074593
0.6850183759402133
0.641885944304488
0.6577452587247057
0.6579601003942099
0.6903281480756809
0.6524892207803914
0.6603242685634358
0.6487867637181971
0.6504863389442649
0.6652442681736459
0.6663726516951277
0.6968072081092299
0.6406498780593478
0.6689890505274518
0.6660163796546456
0.6796303757312461
0.6063950620958546
0.6387971184747422
0.642947387634787
0.689577282953361
0.6525371297478493
0.6427479477925898
0.6378473026337704
0.6193534498136001
0.6687027180828774
0.6765166151847369
0.6634885293692274
0.6566756988954607
0.6600968926053752
0.673058359749343
0.6169854415467926
0.6157364783713078
0.6062713690348657
0.6110620619154783
0.5974633386232797
0.6255164806185618
0.6450816851966569
0.6657621922884328
0.6341946193199856
0.6276898847741396
0.5874618933554089
0.625940477601799
0.6286014274628446
0.6348339919697038
0.6195098832624576
0.6232116730618188
0.6364484293539053
0.6260556022216872
0.6620331002289314
0.671281739968123
0.649842549659671
0.6562568414192076
0.6543587798631546
0.6237863223005685
0.6259570945591398
0.6166983791051324
0.6196712840302043
0.6432145528449768
0.6141449035375226
0.6349259901552186
0.6410674201887921
0.6490387256468717
0.6772825913273385
0.6410278188166861
0.6833291434493431
0.65438332260245
0.6545543586149559
0.6858224073338711
0.6065884029025465
0.6326493805937035
0.6346949525553749
0.6391574711912295
0.6328645286113784
0.6266406837963623
0.6457013143959619
0.6694754950685131
0.6867193247417245
0.6569292309437185
0.6544581193260279
0.6454414332607482
0.6361495037343108
0.6712359827006218
0.6759951394366002
0.6519647410346843
0.6702638903442945
0.697270271952523
0.6394086646008107
0.6475210038873267
0.6483578110396649
0.653823677027791
0.6278963075388673
0.6361546301819563
0.6671955675637848
0.620846224866178
0.6592625436027727
0.6587646871618981
0.6007578998667834
0.6548821949551272
0.6728747020829107
0.6912113369694666
0.682434584339254
0.6578055779591488
0.6626990676697341
0.6737506284125063
0.6796141390919003
0.6627649259743271
0.6770286211417585
0.6693208383533878
0.6589561813888765
0.6721033613759192
0.6815146318861063
0.6604253848895636
0.641020264616346
0.6762091478024936
0.6381838005524679
0.6683366480289419
0.6807034316056979
0.5853109853278314
0.6864617334929453
0.6674095055805734
0.6860086565583039
0.6265727176246184
0.6883553731975904
0.6423355543899861
0.6450255473758236
0.6906170402946239
0.6855139685014486
0.629411945835116
0.6796872690046375
0.6337042107296954
0.6642232577664133
0.6527439872385821
0.6473090463969355
0.6444256038404315
0.6683887085642901
0.6393770291159356
0.6518736089164353
0.6620235289761703
0.6553587613388444
0.6826123377915744
0.6678784718646642
0.645449493433477
0.6553165653865168
0.6495502134121324
0.5981124822658488
0.6408620147803518
0.6081212416360381
0.6566784800186986
0.654373172297382
0.6419531560651563
0.6690209998122428
0.6575248896342918
0.6534479879168452
0.6662868322466116
0.6790850677107532
0.6798993459967004
0.6554153598875173
0.6686798731614738
0.6551410605972614
0.6616996050540607
0.6490811706103168
0.6667008578289019
0.6584985126462453
0.6623310662864921
0.6702076558053662
0.6534876589756281
0.6305993926193555
0.6550590822703857
0.677469746100946
0.6819256908441211
0.7207164259213299
0.701908833469958
0.6606496230549735
0.6608121065797933
0.6866780895751922
0.6951713541230589
0.6362582244926985
0.6534930787140352
0.6199861231376501
0.6230102172648567
0.6403463302991551
0.6291790828047168
0.6600543464112101
0.6253799346160867
0.6326693751743494
0.6461245133255423
0.6358714783842482
0.6515125947631271
0.6106003724614575
0.6476543528688496
0.6574020111734712
0.6373246015462924
0.6252913493357464
0.6208896346214301
0.6247941802213286
0.6551830074675643
0.6546253417326552
0.6704065771703384
0.6787828744534489
0.5927585201674839
0.6097852801524858
0.5923809033865303
0.6282343504848273
0.6355408499553277
0.6436749149073392
0.6544312108486977
0.6486896221654811
0.5963092009528452
0.6304964574709901
0.6862029297726353
0.6580118320997655
0.6756217245780403
0.6759449454852956
0.6260785003602072
0.6647268821966098
0.6590391150786491
0.6731235705306139
0.6429978996273771
0.605990910015143
0.6558770717973682
0.6507962753949063
0.6694594812034982
0.6480962798231026
0.6060447714810414
0.6859908951487096
0.6354221908459962
0.6306952138427312
0.669440673107858
0.6237213297045623
0.652608275811846
0.6707298702057365
0.66470148621008
0.6854403181681109
0.6797606081907468
0.6455366574928814
0.6436723131001644
0.6227926094354569
0.6407397541168179
0.6196963595398316
0.6508233357452057
0.6348005000877789
0.6674462671717524
0.6477530778867736
0.6567430857561178
0.6786103186768554
0.6578034434701309
0.6411432135717429
0.682249939980355
0.6655457527023847
0.645415631077969
0.670198891419632
0.6693778498317043
0.643389478904196
0.6548274228112888
0.6485761165334053
0.7025944746457059
0.6851758239601333
0.6647390488788265
0.6829542415812082
0.665031243184008
0.6793434096562737
0.6472847335283836
0.6688489201738825
0.6512113857478764
0.6368343233183691
0.6477273023545052
0.6557125711141019
0.6740977388805067
0.6970098269257383
0.6465687726028967
0.636320216820448
0.6553473080182424
0.6347031172112655
0.6213771151175573
0.6320088559362146
0.6668590689035243
0.6239571304632033
0.648642169353328
0.6282841895144962
0.6320566358364113
0.6288419444990653
0.6193252176184785
0.6294513423861988
0.6128358252109055
0.7411840038014421