0.5965787879393875
0.7037413530677187
0.5825053898472553
0.6553757788837604
0.6582508710545482
0.6207831976095842
0.6436644649103043
0.6399616013858106
0.6391103353151752
0.6494106261569997
0.6432766034787432
0.644671425421132
0.67681252536962
0.6096865068353099
0.62827594570445
0.6589438711827993
0.6908340773911663
0.6756181697586526
0.6421565665073509
0.6800690048978787
0.7202775133071555
0.6782465941488939
0.6564318883806332
0.662514947742637
0.6573904096448738
0.6588886710708686
0.6814527271643864
0.7077010941254672
0.6410175010781564
0.6315089508703551
0.6270602242131954
0.6579938472459411
0.6566610874146307
0.6611763083806559
0.6236604590009883
0.6466134014014874
0.6841555410131003
0.6353019024897864
0.65532537024762
0.6346007041464876
0.6072446966277031
0.6456566194217979
0.6370696655010377
0.6194823876194175
0.6175118607333626
0.6613820660911469
0.6472179707705593
0.6353058164283005
0.6040111762297904
0.6088862583942669
0.6345832930575896
0.6666962565692747
0.6548460524277919
0.6533642113436853
0.6612329084783671
0.6702724807025839
0.6370710694326955
0.6455983069235178
0.6465129170909695
0.6523122664709211
0.6335929925952477
0.6348164343390732
0.6430824690134158
0.657414670022887
0.6683550156355736
0.656651126858216
0.6656063551948102
0.6608100826675527
0.6261976020674798
0.6510020279939176
0.6740723158799614
0.6716158906189437
0.6486409264457055
0.6481868682118859
0.6516370372978193
0.6302669014988935
0.646189825957224
0.6517099723069852
0.6023165426404842
0.6006411482087519
0.6302644264919526
0.6511284266953893
0.7033135369540959
0.6591831533204437
0.635049387304516
0.6380909306912826
0.636515955194861
0.6676288259957613
0.645516053866731
0.6450182535924978
0.6378316474915519
0.6326308827675164
0.6262995069964583
0.6617102989085044
0.6634541954025928
0.6718507540029289
0.6282462882792484
0.6372534898196962
0.6503781644941652
0.6746078132662509
0.655123274734164
0.6249555709007556
0.6100994822388406
0.6438677141804647
0.6172581983745569
0.6360292960618774
0.6414221182804065
0.629827866723404
0.6712864711348803
0.6594413166422383
0.6880832647393677
0.6589251176098628
0.6303363633280313
0.6866110615800952
0.6293043883918973
0.6865830387100504
0.6280925983248523
0.6318813129692519
0.6445710631564366
0.6324952279361077
0.6283548844365557
0.6580432204713812
0.6653361118341203
0.6392582788300288
0.6415252855908355
0.6359943033448162
0.6085501173102846
0.6068656601499856
0.6269989778445346
0.6373183632537094
0.6443059756635282
0.6483337729092712
0.6024093318548711
0.6344279471730015
0.6429399608763428
0.6488369339205552
0.6466353147523015
0.648786578688993
0.6768678873604324
0.629256296988456
0.6437789444569668
0.6331033831522055
0.6036737838661715
0.6500759099472262
0.618787674939923
0.6691154357350737
0.6698260191198172
0.6539473417788305
0.6438602553941816
0.6384647467643758
0.6276484780006844
0.6323015806703751
0.6226619469668255
0.6304327197130599
0.6287303223147656
0.6435465361908341
0.6315316052922011
0.6413571831053712
0.598366741233733
0.6669432424458996
0.6353105812278133
0.6342109898296063
0.6621769275739465
0.6092821095403179
0.6447625992546177
0.6233922737764658
0.6316828556385494
0.6388071726779123
0.6602708006266357
0.6232301065851548
0.648865827571938
0.7034443674778741
0.6890029129368155
0.6330475723868476
0.6650709062005881
0.6153844760972175
0.6410587417214053
0.6382074519887923
0.6263661628947628
0.6324434188748445
0.6345045761324912
0.6411035482357464
0.647903077706047
0.6443702706529871
0.6499101009529118
0.6170549780677297
0.6352344006395276
0.6266172412575891
0.651313366718843
0.6592680081688368
0.5824960556847603
0.6367236886670297
0.6350859539091052
0.6523763236998589
0.6648199956191722
0.6404747946539302
0.6260132482912648
0.6501724953054516
0.6671220806795817
0.6477351099779715
0.6432924317935359
0.6369714750946797
0.6634954116919142
0.6703791643026495
0.6613810182634468
0.6887135578139081
0.6559042739776451
0.6672002820971138
0.6852574915845396
0.6779978309409774
0.6786313201158183
0.6643033663373478
0.625898154175317
0.6379586228182176
0.6402490757543547
0.6654974117352324
0.7137388719875939
0.6792583247831036
0.652221076966508
0.6717358146355111
0.6316700700307591
0.627242080241391
0.6553337319809754
0.610016416148553
0.6361301621130325
0.6249524432248545
0.641811434120436
0.5950221207123431
0.6527458473521323
0.6409794786696277
0.6509294950548694
0.6526719023280811
0.644990927344057
0.6342292914619315
0.6532765741503747
0.6412752690545438
0.6651516967830488
0.6738427149285218
0.6404771320873542
0.6193195939591083
0.6275070981971582
0.6473852597627356
0.6643178667304523
0.6323442890069711
0.6330696332166346
0.5564393233762338
0.6111838632603378
0.6099797512733593
0.655743231590683
0.6089328024631452
0.6534494562894945
0.6234811841097088
0.6252051175206667
0.6078326562805344
0.6396384130906437
0.6425804545262467
0.6344302637740153
0.6402716418211699
0.5969872807016514
0.5748595032077136
0.6439768618767668
0.6537043752072343
0.6176212901013958
0.6168232748235515
0.6104515552333729
0.6281475868777131
0.5693813421302907
0.6478169252712535
0.5912241071043676
0.5567658848377605
0.6168211523453214
0.6027857917501865
0.596624523014979
0.6200751417909728
0.5803599556433847
0.6061247125183018
0.6581783781162616
0.6323964761331146
0.6395192238953185
0.6331284448029172
0.6588336390189643
0.6126294134200074
0.647959921682014
0.6697680887556469
0.6303551320476817
0.6654795427303002
0.6321679466685977
0.6292011129701339
0.6322483077856752
0.6313079598888727
0.6530487916738661
0.6641861956782527
0.6389577291466686
0.6642308770068339
0.6252004723157816
0.6155328779764719
0.6379483697577044
0.6163305616785224
0.6462933710184281
0.6137680128979415
0.6315478214595388
0.6498322774789024
0.62642200683036
0.6508328552838809
0.638188017776996
0.6020942572360602
0.673605595705685
0.6563549264492259
0.6661531839837718
0.6508934323297044
0.661722843550808
0.6658356936865795
0.6520909640468567
0.6582052389767666
0.6588428560429536
0.6597428082667406
0.6855643765387484
0.6479656081967804
0.679830579792862
0.5856869952294805
0.6159252933738951
0.6212266247540001
0.6076494349317094
0.6464475260348551
0.6337584568437588
0.6438053511130134
0.6508718585155193
0.6456129405710918
0.6582220606987684
0.6303219620368361
0.7202775133071555