0.5564344949195938
0.653900849760726
0.5520600877756175
0.6573135425547243
0.6359895994747513
0.6329002571013318
0.6704764546392443
0.653016439156464
0.5927704832464286
0.6311970444131951
0.6428883649078806
0.6505073654406163
0.6214343783252004
0.6275128662840066
0.6573445429829107
0.6615355269615297
0.6252304801539673
0.615900664940174
0.6331108076176308
0.6677730757293233
0.7403828986486375
0.6387388789067461
0.6268292480536461
0.6190533053013214
0.6443359085526683
0.6498084675255693
0.6389932288532186
0.6654619507045032
0.6328641358125398
0.6557788737758333
0.6414316302492192
0.6261304579218625
0.6400829817393939
0.6514099456982411
0.6156886947782617
0.6331064452079599
0.6404412170052235
0.6576586534456906
0.6554767661564791
0.6240925744084557
0.5959198320845237
0.6529518569326047
0.6468670330110788
0.637827289155112
0.6241907427945592
0.6606342698636238
0.6544216483507759
0.646663774964649
0.6167868343347677
0.613972615473321
0.6556637724669852
0.642608528388352
0.6434704930809505
0.631263561117673
0.6320486547017193
0.6602243022911854
0.64575228397615
0.6559243848610429
0.6756298356668359
0.664223332635083
0.652735083056752
0.6525551452304519
0.6569225703877459
0.6092584786270183
0.6539018680453154
0.6716145664210206
0.6026045592401004
0.6228347823188278
0.62929593771737
0.6127333704385245
0.6459739742064289
0.6394730669566825
0.6524088209669356
0.6669987358856809
0.6658364368452963
0.6442604017382482
0.6606703104513486
0.6673387806014847
0.6625300836285966
0.6550474434059799
0.6473809268505482
0.6409579275744971
0.6733562608357408
0.6249943726947653
0.6585965650672877
0.6544033975693629
0.6131645625877072
0.6470387532125179
0.6641251115968015
0.6682229543317297
0.6466793300641268
0.6444344012015569
0.6264070997281876
0.6185678182423017
0.649828802501979
0.6558443663539851
0.6244754465822338
0.6209443275911
0.6322243781812593
0.6093225134423471
0.6150298533725517
0.6233621042964683
0.6039370085087146
0.6245916013730155
0.6157512302608212
0.6180930088386315
0.5989887141272661
0.6100520520083274
0.6212860569350325
0.6209838221554361
0.613066779999212
0.6071770469071595
0.6030118313549511
0.6421049128842562
0.688502943421007
0.6682204596279612
0.582893462520167
0.636079499566157
0.6923885638020689
0.6415374331646823
0.6449201048038531
0.6790085444331035
0.6666024605918511
0.6817113346445803
0.6725735786771072
0.6502789967377749
0.6269257754299449
0.640856834682337
0.6429982082799028
0.6743102526855183
0.6441954541906881
0.6661485914278086
0.610513919109876
0.6565464829407727
0.6915660204765224
0.7090766895465656
0.679745552764027
0.6648144557529109
0.6511539904385021
0.6046900520330714
0.6416165453029633
0.637136960380375
0.6235492582630723
0.6571410902906732
0.6547963314473555
0.7003940846412854
0.6461264665554669
0.6328173825770682
0.654098194455725
0.654454498404068
0.6436798306474908
0.6441767071237844
0.6233762449259562
0.6460684839288953
0.6487159784709772
0.652390065338311
0.6678479348012922
0.6567410013415174
0.6148890816650908
0.6539468434770274
0.6236755562615002
0.6443410035219876
0.6636286346936722
0.5739463547059238
0.6621527807155702
0.649543229619676
0.6805099554221358
0.6393022873061701
0.6704415949039236
0.6217115415029322
0.6442676308790832
0.6424151511034999
0.6336061733070545
0.6114935993154121
0.6471689374310065
0.5828461739663334
0.6170336470592489
0.6382755736222909
0.6401669124997326
0.6412953108944399
0.6417372190516796
0.6421637597412547
0.6592641804834014
0.6407061991127706
0.6496144610459468
0.6573395551453598
0.6311111187396287
0.6332658049041182
0.6560116716426743
0.6739696533663798
0.6079410924096532
0.6567340817653402
0.6443239872266653
0.6486826307309113
0.6241203766999662
0.637012207478263
0.6450158536324078
0.6184006155559078
0.6482380256849223
0.647350196779075
0.6424268500389407
0.6332138853708414
0.644381143070137
0.6587388055187978
0.6466013575532082
0.6559762904733736
0.6400580356893394
0.6458339440053152
0.6694759224952587
0.6494509366400583
0.654258687739779
0.6654179704459916
0.6346827185095142
0.6417102638544082
0.6491909486655574
0.6578815950857148
0.6700304991995996
0.6726711088814479
0.6429133356747775
0.6453636237563424
0.63852846842267
0.6114072435033878
0.6213893253515651
0.6095696267213941
0.6492455797398178
0.6227551010524509
0.6361666531547117
0.6626263816261542
0.6396146576281941
0.6634158241019702
0.651425262187408
0.6266044673144521
0.6445753718314952
0.65790005993217
0.6248303548682942
0.5932395595853047
0.6470235846580021
0.6748222098206654
0.6251479513376285
0.6363618674006501
0.6417391234364052
0.6590909423968384
0.6654230029859465
0.6348394209122551
0.641594415711562
0.5645113816252393
0.6281375031962925
0.6638766492132383
0.6602254727279054
0.6190508769727786
0.6525289766924222
0.6681616450022275
0.6602865811405714
0.6614615652949424
0.6728077628680125
0.6449794480146701
0.6234083167993698
0.6270451843004008
0.6036879189382498
0.5653959247070639
0.6152012401591249
0.6376436422805135
0.6145238953638342
0.6082429703857978
0.6068868234435336
0.6130229428797378
0.5817506050614989
0.6124580246881484
0.5949946719721135
0.5787376457129503
0.633729967476056
0.5943202206108684
0.5949581050042766
0.6252350205828835
0.5854579985871518
0.5864853888696139
0.6268012198439095
0.6348028870629832
0.662442640241253
0.6549652651705073
0.651144156669895
0.5855285823971478
0.6201335831019733
0.6533720520135007
0.6086713899397218
0.6218509263485812
0.612886105120634
0.6094470343331996
0.6246515225322913
0.6158106650332308
0.6536710952309526
0.6580074697056263
0.6695583385934305
0.6720407789870868
0.6686465287058829
0.6376612916711856
0.6561449061328167
0.6152221913292119
0.6541602988427386
0.6387501452021908
0.6511366040909256
0.6524321764394996
0.6237968220330877
0.6394127777470998
0.656097925775739
0.6313075295468158
0.6512277706500751
0.6537989878942347
0.6740336407566955
0.6256802071087559
0.6765968737023785
0.6508296152063002
0.6593646533602386
0.6474578614701617
0.6566579117704274
0.6126674031973309
0.6566128656567632
0.6372351121921919
0.6426527847198417
0.5905715345577531
0.616824609226652
0.6042860286221776
0.5959740028387639
0.6441663084389794
0.6580571736284294
0.6546065932811049
0.6190437707018676
0.6575760196189445
0.6416361046241376
0.6125838144500596
0.7403828986486375