0.5688142425814225
0.6705181842855816
0.6230878372035344
0.68526460232819
0.7008677307814634
0.7077731570876605
0.6961081493814794
0.7072679897385157
0.6645130864363554
0.6652650718759437
0.6741975565832448
0.7190358765819509
0.6536769747980763
0.682489371909097
0.6962999451241928
0.6726454913600065
0.6568760148797198
0.6312368591104933
0.5969138655218661
0.6855953399026947
0.7473216036576529
0.7076743568575116
0.6558697229362646
0.6455391001426029
0.654140602540009
0.6244901712273105
0.625073582414956
0.6452442454261835
0.6672376363332689
0.6583278125601593
0.6427901292088344
0.6530610253412282
0.6321593538268697
0.6643445874310157
0.6413998414082703
0.6696130262654775
0.6316530622041798
0.6432679568438354
0.6467183154564119
0.6231965114777772
0.5926147307427785
0.6390378249950108
0.689187360283566
0.6513936297539873
0.648952832696644
0.6270963049298424
0.6468246455888339
0.6386530193488914
0.645471208317738
0.6150424707750836
0.6892430307910121
0.6898020888150523
0.6912292962544226
0.6755737076757923
0.6911602357935797
0.7176149368726246
0.6421856735363898
0.7197392240031466
0.6471196983252224
0.6348873261108054
0.6349188810708575
0.6475729890225036
0.6882705871143555
0.6996732470199764
0.6718443295126525
0.6770274271271554
0.6668826343752187
0.6571470792614604
0.6419514654640659
0.6411230770774852
0.6827864543961963
0.687303638233874
0.6567702961249099
0.6725785516318287
0.6561557225931508
0.6447770330288509
0.6768512678051369
0.6453424408226472
0.6533318667071758
0.653855482792869
0.6408244584906524
0.6484120161755852
0.6582437971911718
0.6455568602307004
0.6497249365482674
0.6722482522883623
0.6254483903241811
0.6226810867156531
0.6416201634426758
0.640839499821614
0.6523988346891574
0.6377130262427211
0.643288011226003
0.6283207180680285
0.6635115933361835
0.6674325153978276
0.6556427835576761
0.6684622965686886
0.6804275483305069
0.6722694418422491
0.6870758646013643
0.7072712029773838
0.6161562671287868
0.6591174103777562
0.6419556604476447
0.663282227142323
0.6646265658558745
0.6536529079987677
0.6996476122079772
0.6321846310356326
0.6862788105703672
0.6796792483368559
0.6064617263741795
0.6820350993917255
0.6676480833141262
0.6692278297594175
0.6200201692559666
0.6974481971353638
0.6603545488966733
0.7237966927061562
0.6826307378068787
0.6718276716485687
0.6639269158577702
0.6573722485709129
0.6453503254806496
0.6801871719076217
0.642032473435202
0.6713654958906656
0.663687953933853
0.6518892925731123
0.6616087162812716
0.6736462468139612
0.6222178790706304
0.6464042737912323
0.6823812288215688
0.6547625577270002
0.6296050064306831
0.6223561462541499
0.6480267911906324
0.6051396144468572
0.636002626733877
0.637189432813898
0.6024767213331553
0.6486334419811253
0.6988051965810438
0.681760903314131
0.681771164485629
0.6508105221690514
0.6559274585133266
0.6508290897402917
0.6528584580331684
0.6388294602698915
0.6260832157321684
0.6542415487748489
0.6628281519621257
0.6710960993346872
0.6713752061265795
0.6594473566407038
0.6121048452983102
0.6491632221751976
0.6244845499696247
0.64773036529051
0.6623993715781618
0.5665921417990413
0.6509700532715196
0.6551425145986547
0.6852476204389335
0.6030348445386843
0.6861337169107854
0.6380983286522118
0.6755917950396091
0.6497448818447282
0.6520363638172274
0.6463455503698742
0.6615502359661732
0.6344019485842757
0.6670830408826255
0.697454795851557
0.6710274101754207
0.6841382160710251
0.6709749379590562
0.6788457419395093
0.6673296516346593
0.6615960099969271
0.6636547155142132
0.6683322535525812
0.6395536252370035
0.645094279398233
0.6712035060103477
0.7199714986813782
0.6435895745337865
0.7049126460958028
0.6831767345576185
0.6641848195705693
0.665432482734427
0.6706843352992135
0.6404456888304987
0.6136806283663676
0.6257955063276918
0.6524110856645993
0.6318704447913607
0.6539827516045228
0.6403089199218285
0.651467677648857
0.6297422751085189
0.6606228775953816
0.683256756284728
0.6600552369918022
0.6768641058376551
0.6871933950059463
0.6945482253515832
0.7352232208401991
0.6994465578407465
0.6883744273072524
0.6460646914702957
0.6863704168202442
0.6568667766261648
0.6843248043073664
0.6933650187157621
0.6562054239158756
0.6283407891585315
0.6358516855206466
0.6440266071408879
0.6240138299916634
0.6705212337059763
0.6828483453336003
0.7032115992483499
0.6638142372941959
0.706333278299879
0.6918757842015145
0.6839448099664274
0.677430870458535
0.6861850195246307
0.708856712837972
0.6501324017872563
0.6528505880621757
0.6894641470488184
0.7025006672802792
0.6624325804535455
0.6847118426378879
0.6357115241105771
0.6727524517621872
0.6855480441264589
0.6475834227201366
0.677681176736033
0.6513613211545773
0.6598914967019126
0.6643622930240041
0.6846911795363808
0.6735591308925638
0.6878221167406238
0.6747883256604092
0.6774033941598157
0.6461882384971698
0.6695595876808097
0.6704821007796217
0.6614507766809784
0.6741001817351588
0.6423317399049182
0.6192083822383248
0.6961994282926417
0.6957215009622149
0.6673995863926336
0.6935397405346718
0.6505206909529861
0.690064234857253
0.6482282426361077
0.6711902591229608
0.6718879714089192
0.5960377079457648
0.6535952133369523
0.6513277344703446
0.6354412899780766
0.6417390519932507
0.6369659567423198
0.6562267566235643
0.6910362161913206
0.6788041217475632
0.6934983098182166
0.6865447043559485
0.6588671231748398
0.6227075249889987
0.6490183333009099
0.6879659806996327
0.6568877465654072
0.6635359545442734
0.6771018240621091
0.6197109262200738
0.6601716987424923
0.6428801164948107
0.6847074296035026
0.70654059781902
0.722995191632438
0.720973228638886
0.6960160607083032
0.697841806547728
0.7002361101588467
0.6530375807397524
0.6876469411709182
0.6288506884897879
0.6513338089156493
0.7020165593602928
0.6657458802375267
0.6602333796839828
0.6569854368050415
0.6480766640033724
0.6701899011293343
0.6663522433978186
0.6385568066080243
0.6211716914366266
0.6559680117142048
0.6237260585343295
0.654227656557837
0.6583319370991655
0.6636112194642113
0.6322132419398263
0.6643429033095254
0.6304186826671762
0.654582794213548
0.6050609424450196
0.6679179138490585
0.6868426762473252
0.6486997758394203
0.6443501013677917
0.6636466495360566
0.6494743374602543
0.6399251393173685
0.6910416977263525
0.6762738009541516
0.647119963720381
0.7473216036576529