0.5632244920532311
0.6625745011632854
0.6339050899243583
0.6698363223539101
0.7133159020495093
0.7445121198794064
0.7142706814397186
0.7256180679606042
0.6923759056072417
0.7039691380660256
0.6889228514902389
0.7174118522647409
0.7074448466789647
0.6761866879150314
0.6962679708819473
0.6829989958088477
0.6921843370957929
0.6668798513091525
0.6666406897722644
0.6855147253803031
0.7589644739504595
0.7432179299344817
0.678302768258131
0.6491770011130802
0.6727579174104229
0.6662850022500352
0.6647104719760901
0.627609192855675
0.670608001359903
0.6941511244863545
0.6543429713987384
0.643054238292506
0.6371818785081759
0.671670260715072
0.6470644216948713
0.679389381513945
0.6871871071901293
0.6578055633843011
0.6426756232198237
0.6294928298871975
0.6277103675561813
0.6769768347641517
0.6825601691718051
0.6841181604443164
0.6849815202712185
0.6572137170381814
0.6753185452180976
0.6613702755921576
0.6882107372148272
0.6381060958967324
0.6675453760195004
0.6809622000948892
0.6746065459748904
0.6819408909457375
0.6671323186800505
0.6965981035776901
0.6450129582698022
0.7046260039420467
0.6693281213352513
0.6444185692588232
0.6714127103597108
0.6815686615159651
0.6678431053814569
0.6895734572540594
0.7061369053704832
0.7071794072415885
0.6845378224175034
0.6792420477205571
0.653552622367932
0.6816503867491817
0.685417043175418
0.7001953889445807
0.6671039412253752
0.7028181534575171
0.7043169366449721
0.673079199732837
0.696096419075984
0.722334988791077
0.6774259589413093
0.6799522993016431
0.6598679452843673
0.6730191172654363
0.6918254573841488
0.6881277591739882
0.693215813601621
0.7026596413240873
0.6284311311879279
0.6670105680343845
0.690316274078627
0.6916296069177978
0.6773183144495691
0.6684635912572319
0.630999046221934
0.6714600749420272
0.6908441981893209
0.6934822226646413
0.6737134044592996
0.6904514185832543
0.6804071237218215
0.6663472194147178
0.6954990561153968
0.6936638964763785
0.625916512597265
0.670522259153077
0.6527785812628115
0.6735134215427305
0.6637652300744888
0.6557513234653968
0.6960152770233554
0.6744974787492283
0.6824957117453987
0.6809681509916605
0.6364909893014211
0.6811067257707941
0.6991384126485586
0.66022882199638
0.619084522083152
0.6366037726260192
0.7038018267759293
0.7246615150398719
0.6968574541146721
0.6909776091533222
0.6967075256593304
0.6956622779069701
0.6417333386663008
0.6676657477882858
0.637015394915486
0.6658448271761788
0.703793555849244
0.681904705681306
0.6766994477073057
0.6936356964101472
0.6387558646886632
0.7005077005336985
0.7395515775422156
0.7366329884533341
0.719147512770887
0.6580734732018212
0.6809668580801258
0.6226222250048306
0.6574470285228845
0.6419942059419397
0.6392673527654688
0.670663115521077
0.6928415114944525
0.7054276973267748
0.709943845805063
0.6718905158714614
0.6703820494550841
0.6445640126882725
0.6375480730898506
0.6306258337003947
0.6271503955753708
0.6519552723624099
0.6554781822207737
0.6887745930024656
0.6792399811066392
0.6800606778853667
0.626991946639034
0.6934052886380611
0.6450736391486613
0.6545389717277079
0.6618220206208759
0.6372728409929114
0.6555598604709468
0.6478322519251374
0.6976099842213833
0.6395133965073624
0.7474366267584054
0.656320118460687
0.6988787958038278
0.6665408538803768
0.6670945088388411
0.6494302596625138
0.6829576359003439
0.6726704596158288
0.7016599265772527
0.6663818575570682
0.6680011710243456
0.6864884926570054
0.7034686460233999
0.688007383783147
0.7049794784689282
0.682197365032429
0.7279821812378253
0.7036306057770204
0.6594751183592141
0.676760222394032
0.6794401680755873
0.693124887116846
0.6591552862875835
0.6843257356211927
0.6902598097599518
0.6656954582650507
0.7029400686949873
0.7074846147920558
0.6846205910351666
0.7003051121811545
0.6771695701287614
0.668054834617526
0.6797968919742434
0.7000232324680322
0.696093528948113
0.7178810396009603
0.6812661185828657
0.6925124267999959
0.6902228635024309
0.6802440146099341
0.6667256104644926
0.6627477089235566
0.6853031206282745
0.6729159579824479
0.6537975224375586
0.6721675990415261
0.6384821589484014
0.6690794863245508
0.6410429655526327
0.6550088310594319
0.6530867012180374
0.6928575389536148
0.6373105052257582
0.6337886192301794
0.6604430948694068
0.6676568670968466
0.7088665124841941
0.7251384579276596
0.7140387647662326
0.7006002311781182
0.6947956183540707
0.7124028295166676
0.7013243513378997
0.6691578641157643
0.6617905470188787
0.6750230038770433
0.6158122501395551
0.6597729667226964
0.6590833129627568
0.6717423946511627
0.6493651685862089
0.6775957769519271
0.6312360057863172
0.6425906033905869
0.6646879275283057
0.6374009895807274
0.6427592936061587
0.6460973900171071
0.6585265274882108
0.6959401212685992
0.6726847314774466
0.6515333072039527
0.6739134206787979
0.6468615472153079
0.6650619953646949
0.7021570190017087
0.6746089245471232
0.7192493871039596
0.728018823599939
0.6989696957978412
0.6408563810749252
0.6199371539258397
0.696654254204355
0.6938663436656495
0.6846186242298387
0.6872989515544271
0.6763270736181054
0.7343924983450655
0.6368111576856159
0.7324193164248946
0.7029653843708067
0.6047239444803784
0.6323815482286135
0.6540426032427133
0.6536859023574552
0.666506365320851
0.6275716619900044
0.7008345622694226
0.7285919080528914
0.7050886892334395
0.7076321160354971
0.670531813645604
0.6971868432940184
0.6867315307838108
0.7273443336509869
0.7297075606895163
0.7066988619683272
0.6911855687218228
0.7005537582297658
0.6393054322555097
0.6601240033811077
0.6618622068812664
0.7189968834871844
0.7304067909746813
0.7302629642639109
0.7320036822886896
0.7205795909880605
0.7222184561000521
0.7254180709210055
0.6714865372552372
0.7387539543272589
0.6647828852080059
0.714256649980074
0.7311731864749499
0.6873435779878255
0.694256505685221
0.6774073161595182
0.6645590940514877
0.6771837248702922
0.6828925407020848
0.6752913659389272
0.6519451571789581
0.6791042729248891
0.6715459367519284
0.687360082431171
0.6604471830288978
0.6758255303628927
0.6655774377458133
0.7123127769492247
0.6509730811262869
0.6701023269347824
0.6060557162060095
0.6960714567954761
0.6996657674124083
0.6918857386964968
0.6687454982410794
0.6932258564260595
0.6993349142118873
0.6564393547284264
0.663897565557553
0.6561953356271112
0.6439840158039961
0.7589644739504595