0.6578498148113101
0.6987481991707579
0.5758471223442494
0.6954156696507724
0.6785120042338925
0.6605934608363533
0.6992048700781985
0.70716299922378
0.6955527219527557
0.7270377595061495
0.7406561240056324
0.7121877604890875
0.6984222929738432
0.695745166573096
0.7203964406468013
0.712483378457167
0.7133154231561137
0.6961568286121694
0.7107426456265415
0.7294235797442362
0.7419628925562683
0.6881917744617119
0.6555648546222954
0.6870886672528363
0.7220978826434048
0.7533604353064299
0.7256862843188255
0.7590114109548577
0.7288775367049111
0.7244735997425485
0.7082871993817068
0.6590670286810997
0.7344193704324908
0.7699962199547494
0.698081997604341
0.7696646265664794
0.7865892564078891
0.7790359727064118
0.7657522712747847
0.6971470635127245
0.6724781055799497
0.7340511083383503
0.7357942190882788
0.7332723553101468
0.7678367863770102
0.7475200906273294
0.7473773491618281
0.7646785952840315
0.7264949922731755
0.7643613711924006
0.7549044189237148
0.7124726058429228
0.7307614165510791
0.7064880937281433
0.721644770331238
0.7174506775073394
0.7468193164229237
0.7650185444595625
0.741327712563224
0.7372322015332947
0.7461365190554685
0.7795997766267707
0.6685632649852769
0.691261422708494
0.709181616380554
0.7048389188410814
0.673570907805616
0.714426681267764
0.7467702350973326
0.7250709309791604
0.7191695069516836
0.7034443290036422
0.7219399536573995
0.7158843532043833
0.7153018236996641
0.7047975809793114
0.6650541941595569
0.6722209212006912
0.709259025542768
0.6653480621650244
0.7077904157461891
0.6989176503011755
0.6914490321830258
0.7665101021843781
0.6762375711931299
0.6564611891715709
0.64727504506303
0.6619160297751059
0.6993438452033389
0.6871593923933099
0.6381257422475125
0.6402980751618322
0.6546276107608258
0.7048550936782081
0.7461012540187322
0.7288700306153256
0.6891649845846397
0.7083588503142674
0.7261715538037445
0.7207008542426256
0.6885875504089044
0.696724167804735
0.7258745416460866
0.7229442630358153
0.713542180714301
0.7643491549905046
0.7116493046386666
0.7376075853384423
0.7220335864058024
0.7020958952277602
0.710970115437134
0.679819825926589
0.7560943011909254
0.6889759321987425
0.708057705690103
0.7107547551992137
0.6723722182418688
0.6817535742962223
0.7064911609136652
0.6774631334184565
0.7080535563367157
0.7651157966295524
0.773582822993735
0.7449203103251644
0.7553545876972634
0.7313032028224883
0.7297601356948359
0.7423073614208083
0.7532890124766566
0.7403038223069166
0.7657014267134911
0.7572189781851738
0.6570836208298799
0.7308578336901116
0.7108832344442371
0.7453805972635676
0.7505920823295519
0.7342050022534217
0.7410376666283961
0.7140866432751964
0.7192913980739695
0.7662801306489359
0.6287673441608926
0.7300230612971299
0.6760463921753728
0.7387226414315475
0.6950614657594542
0.7060402488891223
0.6938478870238429
0.736199595882468
0.7285247635010832
0.7023306381347366
0.6740804903137858
0.7287256618571694
0.7232538676585748
0.6953029604810421
0.7186822730171196
0.7340266291409991
0.6920025580746798
0.730699301072338
0.7191185263902715
0.7527283406673696
0.7172037501591921
0.6430156022537163
0.730642554476624
0.6897287475213754
0.7635780526182386
0.6913782321522693
0.6726943553270732
0.6939276394173679
0.7087103978370529
0.7966591498639747
0.7796782688017916
0.7423240388187602
0.7756364825771533
0.70986404420261
0.7679439849698577
0.713791317714969
0.7206020980139509
0.728500988782341
0.6930967709186402
0.6666967824432274
0.7011424944561294
0.6414196391770304
0.7054217729554979
0.7021532626948115
0.7116531860034522
0.696085633308829
0.7052872986772651
0.6725152974040733
0.6301808486484837
0.6492351654849108
0.6648285369878136
0.6646471510967896
0.6892721420324787
0.6417570821048291
0.6687713496842272
0.775590036676645
0.7795106718970657
0.7304321072354353
0.7906470072799983
0.7545666868757382
0.7792897266013825
0.7201474006613081
0.7294746755919679
0.7229690583217915
0.6713967627721217
0.7342780244933627
0.7076255509095377
0.7019301060847999
0.697971632680332
0.6558220967334365
0.6431320249330219
0.6876031708640133
0.6669060554992435
0.691352465135646
0.7252847043775226
0.7049900212603611
0.659028450883872
0.6785147998807123
0.7485177727435024
0.723794119912173
0.6956890368195789
0.6902056420497306
0.630801707188209
0.6292190115592184
0.6467084872097535
0.6229823704169055
0.6881093613713126
0.6242758962696807
0.6422191039943329
0.6845838312872451
0.6708337350254043
0.6719396389795018
0.6867779403213543
0.6625261683895698
0.6862860137417423
0.7321527444687679
0.7531197312203722
0.6636781863549873
0.6681535258837503
0.7306735859807504
0.7065535805526153
0.6715066975163315
0.6771685532074326
0.5834081018828797
0.6578492718370194
0.6711350860087225
0.7006563980681689
0.6665323792252852
0.7135988245517123
0.7232919037010136
0.7067541320547364
0.7107761139955314
0.6946679591104875
0.7054897431252772
0.6904866410941278
0.6395568767241848
0.5990795939116969
0.633101887489107
0.7265499468144333
0.6846288584799611
0.6627298767321297
0.6428779820651246
0.6661382428473664
0.6275521258551089
0.5945082711631895
0.6782568590457073
0.5607271281208632
0.6939589463192476
0.6798532605268337
0.6542564767580057
0.6732449679940461
0.7070588216049424
0.6001602993834072
0.5670175524168938
0.674735242387497
0.6815111846290033
0.7093513806306886
0.7118876673570974
0.6903527089197313
0.6520670848579448
0.6784282574938533
0.667815437031994
0.6719359891408234
0.6706560548617172
0.6328304248954455
0.6270021633448828
0.6523913630176975
0.6041163557469543
0.6919976583933414
0.6990336933523059
0.6881509640386753
0.7001395499984033
0.6855572515168216
0.6813232875468299
0.6787620226735126
0.6516871679510814
0.6792931194159293
0.6464921113704528
0.6792553333421788
0.6729866215563678
0.662488616544415
0.7067425267745889
0.6654266614637773
0.6710812715272085
0.742012389195992
0.7525799081516452
0.7445157035506971
0.7268869658574683
0.7670116384916112
0.8039506088111505
0.7338238062208883
0.7667334806731249
0.7760740643371549
0.7582408802812087
0.7280176597560918
0.7830337146508205
0.7186794035313487
0.6946506568527594
0.7043148560410505
0.637146790937529
0.6586068084656581
0.745594530541088
0.696489917894783
0.7945458762269566
0.6853612985794559
0.7152581919297597
0.7513836764186139
0.7017063197177458
0.7419628925562683