0.6479247817038624
0.6994142809539321
0.6015664880644304
0.680786870203277
0.708473619183647
0.6772300702463132
0.6962437353062376
0.6670611431101032
0.6450342875614663
0.6500744267727027
0.6798026157567942
0.6483184523762775
0.6553222660874926
0.635430450243147
0.6489296539345027
0.6929984560451558
0.7383797232213477
0.6480607653232454
0.6751471980464298
0.7036670888061173
0.7392602742081174
0.7069601357348624
0.671820268359711
0.6502244504448903
0.6980822814170751
0.6835867422678026
0.7322209780584521
0.6707472014993986
0.639107802000576
0.67210377847312
0.6641838463672797
0.6730573057461186
0.6736574501996323
0.682781373789764
0.6332069065010397
0.6682338613094659
0.6737769935990091
0.6521129289477956
0.6996560092318007
0.6554193074571737
0.6130079139845794
0.6837697040523436
0.6685091500850819
0.6748479629110128
0.6765346184542752
0.7585404081922632
0.7178569710210659
0.6899747428341366
0.673785384519387
0.6877900495310092
0.6744749543859829
0.6353920422466964
0.6580524629456717
0.6415801878197579
0.6594052273080662
0.6711252392048223
0.6601256356103283
0.658368109543497
0.6411073509403482
0.7163074232582008
0.6827659304485291
0.6918342276321742
0.6260671421481616
0.6849473725049687
0.6747440988198583
0.7072756853819111
0.6555004209342381
0.6619981183791057
0.6326016514984811
0.6668790287540908
0.6668350811550864
0.6896597982169019
0.664851860843512
0.6984194514770727
0.6773435024439867
0.644117521223315
0.6276820316619476
0.6376205448708592
0.6514420834246598
0.6241536652094698
0.6234143395582756
0.6471363800330798
0.6618094054288198
0.6650484839939557
0.642793864334857
0.6420002195298037
0.6253223617933797
0.6281682971100031
0.6549716091176296
0.6457983482544176
0.6296178556837131
0.6037291191544423
0.6288917446822101
0.6457029226959308
0.6548895767948687
0.6481104170434936
0.6453410331958229
0.6498311801931497
0.6627031388771213
0.6502683368608677
0.6418059235678097
0.6572364588204737
0.6513460224411114
0.6405258246255804
0.6587677615692331
0.6801878084092101
0.6610680661165564
0.6381121918779789
0.6642131878344488
0.6632549766760222
0.6661705617035222
0.6670007593826518
0.6674609911212234
0.6656995897146405
0.6489758046867644
0.6835087439903814
0.6696845189305233
0.6499090087665412
0.7048460785242348
0.6460557315414472
0.6618143714480506
0.6931559698705038
0.6726340666643504
0.6949399791291905
0.6847037206757132
0.6597986223537656
0.6829361691655715
0.7069255392825867
0.6861480471608776
0.6586718112294774
0.6878159496028484
0.71071287897824
0.6627687319783075
0.6842279216188332
0.7101697166690518
0.7133956633429283
0.6782266307456821
0.6729198230277148
0.6987123112538699
0.703675617621592
0.7448065875751883
0.7281095623182404
0.6823290081720474
0.7317240245180023
0.6870490279281252
0.7176412498821916
0.7190506171971355
0.6900546860644813
0.7096595843717298
0.7661425554194882
0.7571760867916035
0.7658909102518757
0.8189472731527182
0.7576762449083029
0.7520354352792221
0.7801566543822298
0.7617154743321518
0.7418743795360777
0.6847846054433463
0.7075684733737223
0.7162416045758383
0.7156163869547356
0.7630897130177613
0.6420422270140326
0.7289803357695236
0.7291284191612489
0.7122597345748302
0.7199309882501997
0.807604281364235
0.725506528470352
0.7231348572665975
0.6884187192525948
0.6852129349875753
0.6460144878755714
0.6712861449787898
0.6669719984248988
0.6677728891409322
0.6789552951682335
0.6829342630803367
0.6940568734846349
0.6978900395565646
0.7096131987366567
0.6819912061214775
0.7683783433846301
0.6993635759906618
0.7212957486515194
0.7008073242091378
0.6933469986106099
0.6831264544899919
0.6320219437659259
0.6407336964269095
0.6618099916903017
0.6590933932654213
0.6961962050688928
0.6878695553726567
0.6670368083904801
0.6997779521316071
0.6908500153302544
0.6832616504318197
0.6768696262216446
0.7419974532688343
0.7035078706817595
0.6912565879524148
0.7064626103302296
0.6838275062615086
0.702599353489608
0.6983843846686154
0.704167213713591
0.7426457374565183
0.7352613725359756
0.7207493091325228
0.7243970177522389
0.7007112287467309
0.7411644261316228
0.7304422305064944
0.7157559370291943
0.7294167356049948
0.7362863963646671
0.6895933308734472
0.7056511072814845
0.674400889677435
0.6749743016715369
0.6704922458544977
0.6886529522975068
0.6387098610148675
0.656542916264858
0.6753712981650565
0.654156992732068
0.6910143862222092
0.6265026344051217
0.6647709852028489
0.6663977170016468
0.6294708915837747
0.682770027892889
0.6610074758467009
0.6427086583095917
0.6742374285229268
0.6856877685229367
0.6419819612787786
0.6249388611470736
0.6273085525212906
0.7025655310388842
0.7149052465168995
0.7857997739159138
0.7513585364310618
0.6222285017909878
0.680606695466028
0.6323412647618097
0.6520565958871091
0.6460165781153746
0.6715490469707228
0.6687869696022398
0.7123661676849363
0.6243742172826295
0.6630815532628804
0.7321560004294382
0.7087152315866628
0.683099644466291
0.686863426747408
0.6102711064854828
0.654218379906861
0.6561233217092762
0.6655047290708982
0.6771465734113878
0.6585462998008502
0.6986884692606925
0.694459305330649
0.7368929448385115
0.6825077456597519
0.6419336180428906
0.6700947221437036
0.6687895345131052
0.6567273098416323
0.699240796919355
0.662454221986888
0.6901322916563898
0.6986760156967371
0.6594276531891891
0.6900049370700942
0.684130435848603
0.6820936584669273
0.6820379383870739
0.618402206521653
0.6656725357702832
0.6468250451612664
0.6841357277309653
0.6440598202721775
0.6463251408454019
0.6729019714236522
0.6647755411006406
0.6681121916554217
0.6652373876059797
0.6715845864415704
0.6747198198087695
0.6677622858150766
0.6884735630934081
0.6971838767456319
0.6679748574092564
0.6806900486269043
0.6802929351484024
0.6727204928459519
0.6877083992961944
0.6451732669100854
0.667207068764231
0.6636452394615119
0.6354401705792189
0.6979051879723053
0.7080022551047406
0.7160535617916111
0.7275582661857879
0.701264501951309
0.6730701915189765
0.7140209827375875
0.6866735693788603
0.7329874872717972
0.7381588953240807
0.7001426257699142
0.7098688557207623
0.749244913010917
0.6317474230448198
0.6714505093073909
0.6652148932481717
0.6416195534080069
0.7152291311400859
0.6459042391524555
0.6604359634398959
0.6813917237418223
0.6624321080886564
0.6456417361620879
0.6482235732976505
0.7392602742081174