0.5828242684623715
0.6718452753129761
0.6457220866418014
0.6646682360420879
0.6961066580624135
0.6966060347235941
0.7227974346640146
0.7068473640888732
0.6754534111165618
0.6684652829276334
0.7696057622733773
0.6920721548380091
0.716090165170293
0.7135457783130644
0.7235708492772523
0.7572953669724513
0.7781136417072094
0.6770918773011233
0.6427718184255197
0.6825136127001855
0.7681386986518794
0.6925660582272032
0.6715096797034483
0.6782486850679524
0.7936367798449252
0.6783734113392171
0.6576883151840467
0.6956699389332119
0.6579450925107937
0.7405644054266627
0.6490416017798271
0.6846682145287237
0.6483938420426462
0.6616100605740852
0.6351942260043333
0.7514624913604051
0.6826696407562477
0.663324251432987
0.6575577639454501
0.6541784702574499
0.6247637017343388
0.7018736892462012
0.7559504748155255
0.738046776524494
0.7630102800142222
0.6790891467143567
0.6515646483538913
0.7071111862987985
0.7054513436156512
0.6671138397586078
0.7452394331294337
0.6861610876257397
0.6690441872260214
0.6532538258532165
0.7104605698201406
0.7138161449213999
0.6602936128011093
0.7099940243140149
0.6746050495395258
0.6691194010437558
0.659483259431362
0.7300769330430412
0.6816746616973337
0.6886339049367728
0.7522754510732748
0.7817335371368478
0.6974319425911155
0.7149902941656773
0.6568125251274148
0.709298743963892
0.68166416695682
0.7346585481621107
0.7651649895791648
0.7807930160261952
0.7584453864211927
0.7134505799929531
0.6710363170334591
0.7008456395583859
0.7206304598583761
0.6941464427109999
0.6687919912502377
0.7177417782140184
0.6768302027612182
0.69438399695347
0.7291616747369492
0.6968520151522257
0.6135674325170617
0.6673152335323173
0.6718885300898655
0.7110016515927046
0.6445849915625101
0.647961903663071
0.638320156917539
0.6729186456490343
0.7173101805930927
0.7141160650016567
0.6834004824599682
0.7220933861351031
0.7298919671198942
0.6689018512875564
0.7390607699321722
0.7402268554732994
0.6806529560670779
0.6806529426475192
0.7214112156618842
0.703571649256312
0.681522201599814
0.6569309366577135
0.6911526154245563
0.6568037164715418
0.7122985665623989
0.708702588174623
0.6570049368256923
0.6866352741541922
0.6811547427674173
0.6737088512604787
0.6362985643067431
0.6572774130598515
0.6518440122200021
0.6426959794964481
0.6896137813020058
0.6734009704012853
0.7345112249990079
0.7311980488574016
0.725434426231746
0.734571292300913
0.7336297588581352
0.6938476731519078
0.7608080082361421
0.7006507076535324
0.7400372300387084
0.7289786435841655
0.6734962648953118
0.7508523752397722
0.7168814311501529
0.6967239495305612
0.6646592909918182
0.6615297388227093
0.673247665950553
0.654270999510081
0.6634574193660858
0.679248075090288
0.5891449420420367
0.7057479599509949
0.7158298911578022
0.6807829714233027
0.6984016107760866
0.6662657591193744
0.693027705082499
0.6862195000982421
0.7176222724994665
0.6705712211443552
0.6590113218600444
0.7012214822231451
0.7375743709774943
0.6755538161933097
0.7396726992204763
0.7981231170436601
0.6333258575243097
0.6828452241442109
0.6688363365794678
0.7366782616518889
0.6716862414773174
0.6344883589497018
0.7741187512132406
0.649523339485562
0.7703693577693527
0.6624241731569988
0.7068754016628491
0.7285981008750293
0.690638138991802
0.7090460380558031
0.7144469342678959
0.6828413663816238
0.6762538726850102
0.6620390015117673
0.6984689712747894
0.6880716789304889
0.7314737311870912
0.685864337941831
0.6657228044304608
0.6876841168819019
0.6750888376991958
0.7085136474893633
0.6886890677786138
0.6995544262141291
0.6727189191992323
0.6590843170692269
0.7225566023697835
0.6794890003661325
0.6282807844587436
0.6835645996551237
0.6612716424009627
0.6620659818709252
0.7559144291685232
0.7034812614060775
0.6821582205839026
0.6811222675489913
0.6622503642377127
0.643011575742489
0.6551289383136649
0.7599073900755959
0.6744881155974555
0.6816771878580093
0.6566522786644168
0.6762130542370905
0.6883120178963513
0.6759400205660745
0.6825954621582987
0.6573766658413783
0.7685217378977044
0.6654680150374643
0.6628260827293692
0.7361060868706228
0.6508341856847367
0.6713817197419117
0.6708881693083856
0.7005529622470836
0.6616503352727084
0.657636122096308
0.6211588289787205
0.6337398888212237
0.667078740949928
0.7597572293167849
0.6479343313204424
0.6522996848362901
0.6663098722583197
0.6478753773716381
0.737881227095945
0.6505388809842407
0.6624735767404923
0.661326927948735
0.6694047422960916
0.6751581908791036
0.660948512688591
0.6733696478592761
0.7091632828453373
0.698179168130312
0.660346218815527
0.6273325805810562
0.6164350248476896
0.6858978297811221
0.6727933628206997
0.6737662527315598
0.706435393689768
0.6096045909780592
0.6646457546350852
0.670154248737118
0.7217553557149733
0.6647835328841241
0.7108209085247688
0.6716957884181755
0.6794543055587794
0.6586497780434355
0.7249428311839718
0.695911395577999
0.7656960424491439
0.6381619063590317
0.6206736174060191
0.5981032080153379
0.7020336148691285
0.6780828588079957
0.7164920901534502
0.6876618456542984
0.6568799246265787
0.6659889987731296
0.6456377867555292
0.7627311390510966
0.66911043294539
0.6241209365513855
0.6712221994605899
0.682895073183295
0.6693739243081294
0.6887310221569247
0.6285678674204391
0.6588413479340405
0.7184961554389339
0.6732195304395081
0.6745450079642265
0.672847345393792
0.705999299412421
0.6563646937976446
0.6658464465096366
0.6869591496127327
0.722316777204186
0.6808700947755403
0.6574565659361755
0.6326217336300325
0.6497324634484611
0.6454923709226926
0.6812418127514807
0.673897427626466
0.67947626728239
0.7010671066571852
0.7242979268166133
0.7163685624033787
0.6809864016583433
0.6512473056418869
0.6846248788798677
0.6691800593884215
0.6527792439141962
0.6707882918956029
0.6658274426902264
0.6551025434521048
0.6425227402634449
0.6370804465162025
0.7411661767086863
0.682649233768211
0.6862200769579804
0.6697652653190451
0.683749240505728
0.6942231180642476
0.668666855033472
0.7029475223363392
0.7158079073516599
0.7277875769970196
0.7036984180230855
0.7330459032852247
0.7173829317941162
0.669080800875815
0.7272750919251505
0.6730619815110516
0.6735853819844222
0.687265498955264
0.6753096266149211
0.6953794907979814
0.6661763228124872
0.6859621157780965
0.6773826008669427
0.6910657630642063
0.7681386986518794