0.6038352394915091
0.7384490402733974
0.6475672072697983
0.6982402354180711
0.7056940931239969
0.6974086645582671
0.7168046883285161
0.7061203530869938
0.6667683894484933
0.694224468195213
0.7169326439141986
0.6914627113962917
0.7039712578572681
0.6742846792321749
0.7289653066261985
0.7474982295276049
0.7221720767220233
0.6883981358774793
0.6883399053845708
0.7410086695682576
0.7563794178698255
0.7275410771132855
0.7047718861254006
0.7149369018792162
0.7509418402437983
0.6872749040784948
0.7161611176174214
0.7275789669480621
0.6845151307947547
0.6805480145551388
0.72097699616531
0.721966939131151
0.7179540547406378
0.7140267261736195
0.6496706192555525
0.7203802723313867
0.7190987656599653
0.6920881337801286
0.7369582041120194
0.6735065470436755
0.6582691649765178
0.7083020205962781
0.7463368176165363
0.703670686629883
0.7076720207410491
0.7301508750537518
0.7025590988278316
0.7022072159489243
0.7483928967353152
0.7492926604768423
0.7528237843412019
0.6998991604098118
0.7086571384002271
0.6743658043914055
0.6904532651797411
0.7144048889273849
0.7045737459122255
0.7243093342469468
0.7062600855257057
0.7185924493295197
0.7438621317842321
0.7198997890372472
0.7148966867943422
0.6787238849879276
0.7131308805644158
0.7437392375716235
0.7242045706204191
0.7299517649213411
0.6928966041184885
0.7150731306126857
0.7565030147940407
0.7863798741013883
0.8159803503828816
0.7645785563231984
0.7484953326166021
0.732883100527581
0.696912306438047
0.7112358318989294
0.7089565754300625
0.713422131700904
0.6915438266385651
0.7012669585349163
0.7264289690139986
0.7264479739009241
0.7062894177976026
0.70054192910581
0.6517758797373058
0.700147120789764
0.7068543254860191
0.725132941600699
0.688302465031572
0.6680848154256046
0.695808757773631
0.6985501035044985
0.7327813470221738
0.731465101606674
0.7122824536850125
0.7245654843224281
0.7333483522114305
0.6969676875023426
0.6900698077476617
0.7088865239349209
0.6797028449052133
0.7331715933372955
0.7587133467376588
0.6803095775909662
0.7131154724565423
0.6631528414430099
0.7184507453148897
0.6894545059829158
0.7554194132254376
0.7364596619699079
0.686681072489264
0.7459644714448415
0.6748919171700757
0.7467179556784395
0.663381484811005
0.6937369456510439
0.697751813147203
0.6810793510102046
0.7009459587787896
0.7338834169192628
0.7232929767552156
0.7452946683240654
0.7336404874385508
0.7477452473139291
0.7660197712185547
0.7539998676060993
0.7409383638012088
0.7337702693748831
0.7679937898500547
0.7838208140633831
0.7483730952143406
0.7336631013426607
0.7183221170333618
0.7339916051545161
0.6868149245007783
0.713353489079373
0.7021757463580531
0.6671531210970807
0.7026792830152551
0.7155544632235269
0.6499845661652797
0.7217540107066293
0.696606721061421
0.741828027383571
0.7520956208232791
0.724967623451442
0.7305031196980872
0.7204071321927952
0.695672162864652
0.6922959876231736
0.6721562745259654
0.7296791071207166
0.7411552871817566
0.7144704563705676
0.7279391882287236
0.7477747904959283
0.696824296189356
0.7238242708414107
0.7024645339224322
0.7199523876921775
0.7186694234401665
0.6147133767063938
0.740715003540235
0.6704632039870262
0.7644020717968766
0.7051381621709828
0.6987717313051343
0.687968591339256
0.7142191302375062
0.7147213093307251
0.7263845132579214
0.7120842774052182
0.723417368825118
0.6861989108562004
0.7094333125154122
0.7284037303169251
0.7389226593372547
0.7430115964696301
0.6632205906423858
0.6958100341189873
0.7066094801697984
0.6946971178268089
0.6862558628220186
0.6992959080153273
0.717572310756834
0.6904525073014444
0.7194235081546522
0.703390488432887
0.647416318272011
0.6730072164006936
0.6860253244697222
0.7103900970974112
0.6957790426683341
0.7155631854602457
0.6759232619740847
0.669338523905052
0.7009290864645944
0.6825929577693411
0.7034094828703893
0.6990354738871618
0.7054763729259143
0.7054776559536063
0.7233808976684446
0.727164575088049
0.7222768955454415
0.7053066750987267
0.7407734228898291
0.7075274685524411
0.7515498130787553
0.7134517461835491
0.6853196065269519
0.7190954342466569
0.7329570811680249
0.7122657291883824
0.6868490960174111
0.7502375132776032
0.7377901776283491
0.7354961573882421
0.6687534117134111
0.6755211149130322
0.7212049647171861
0.6978080224409823
0.6797489047395516
0.7121635448630167
0.738333078993791
0.6754855464144789
0.7476240701684963
0.6959886703543544
0.6874713561912696
0.6959316351167874
0.6850362069437927
0.6903345604706085
0.7336690209077004
0.6819543411318335
0.7489489338370445
0.7455198957524726
0.6985625155308566
0.6473804480795379
0.6614932291273895
0.7671387311196364
0.7379154828703479
0.7065758508344231
0.7211933080662278
0.6157083227523518
0.6656670500235796
0.6896275438540335
0.7109959171136954
0.6780683912169408
0.7271329940842319
0.7190336290291761
0.7082636618082958
0.6605627588609811
0.7127067357921529
0.7115085302094438
0.7264399129073522
0.7163228695471787
0.6848263811700003
0.6096475238346069
0.6892852923875522
0.7123499424665
0.6844719325028796
0.7202009042307072
0.7095116162344023
0.7091130570249683
0.6648083091730316
0.7001812242193969
0.6672136362718171
0.68725671357184
0.740353575669204
0.7045202653096151
0.7382694018491903
0.7269044632582431
0.6636402631711344
0.7089668832188857
0.7127157176586166
0.6996144167852174
0.737199079388079
0.7378995875814136
0.7470522487939462
0.6737522381817008
0.6912171570726943
0.71446405917128
0.6622112321159418
0.7115624673955464
0.6740639157188023
0.6941092658774537
0.7335878093384981
0.7115975287164856
0.6962040676943837
0.6860091456941244
0.6866847198499717
0.6934144297045395
0.6884700055410704
0.6851309262255668
0.688244068448691
0.6831367023963694
0.6686671990143371
0.7038786841178842
0.713199185360057
0.6971986347378943
0.6917764997051956
0.714491766198341
0.701953644107669
0.6781714516089946
0.7562196780413059
0.7422520692211412
0.7774434640641944
0.717045806781074
0.759231037300965
0.7260300361201538
0.7179585550104673
0.7387698574235473
0.7560678758215285
0.7013628125781028
0.7220534332451163
0.7264631651251987
0.7478870042342688
0.6687993017826914
0.6837236920436884
0.6873193550933862
0.6637127505716759
0.7154921186800424
0.7015820890528474
0.7114230320967713
0.7528664643437725
0.734784710737854
0.6919907693453254
0.7071313060291006
0.7563794178698255