0.6371517531641798
0.731514614671574
0.6087798627396842
0.7255190739547572
0.6941354232350329
0.6789605162335923
0.7104600765731441
0.710504749495416
0.7164424953681258
0.7490394412440333
0.7485185306411667
0.7146930752466322
0.7267147589753477
0.6880146569375537
0.7271277832196887
0.7256774699889502
0.7228181126238011
0.7337543444183818
0.7831704212869737
0.7778313195292399
0.7470961642317462
0.7321333696666971
0.7178799955587816
0.7084859979363703
0.7615894146179558
0.7381423030209904
0.7316856134674428
0.7423308758133103
0.7455056447598103
0.7562106341224512
0.7292994896283422
0.7182290153692894
0.7704643475399767
0.7649932963340362
0.7139443397782389
0.7758534066871445
0.8048377295467704
0.7634867672707102
0.7703772354118896
0.7446034516706435
0.6996441451660328
0.7772704886716741
0.7398638139164703
0.7341846962311445
0.7346143769036336
0.7503385322527537
0.7686628844002136
0.7602158197061565
0.7301281715554041
0.7406734611376554
0.7309188975952952
0.741966903779349
0.7357502121929246
0.7320426388447767
0.7204670704693392
0.7225431658772641
0.7605141482170465
0.7571772743486332
0.7491991153612785
0.7220619382205223
0.7611497350195187
0.7732045304651878
0.6831334427853314
0.7077909370967866
0.721550805103163
0.7002349581766297
0.7030084676817906
0.7363116063783235
0.7458957493579405
0.7461264104346244
0.7513561315350811
0.7516461966171025
0.7159221448403482
0.7342052817800884
0.7253442927503954
0.7153010533770189
0.684949843079832
0.6902095875874976
0.7072768844055775
0.7039141813187284
0.7213013410770941
0.6985120159356507
0.7237181803123044
0.7714367787635236
0.6760527523548691
0.6899287418289705
0.657919155153725
0.6854854495302207
0.7141978339486866
0.6866364973402025
0.6572819542665336
0.6620749129525423
0.6605376704758887
0.7221702233140108
0.7598282271745453
0.7592603677433937
0.7219052192715344
0.7364937209008178
0.7417627003102729
0.7639840934846791
0.7342643363796486
0.7228155790203478
0.7291164508490233
0.7567624992968222
0.6925019895552874
0.7502199825742499
0.7374999531296249
0.733422199522449
0.7413615141129919
0.7829412175859006
0.7118039474032778
0.691553497707093
0.7486772994911564
0.7278360512023228
0.7403396612524468
0.7327530135545209
0.7002279490230873
0.7092860570225225
0.7678050749095547
0.7173170356291251
0.7293006584110745
0.7549318169951046
0.7582907796284528
0.7479588979197688
0.7472124002388096
0.7355563730190566
0.704712526684147
0.7418446899818179
0.7719820964863532
0.7644468985347689
0.7490437780094978
0.7591757404629385
0.6782922016162959
0.738113523858792
0.7548546227856243
0.7709133802012289
0.8215182398481155
0.7265582212396874
0.7497997378470661
0.7299048179651079
0.7331868044887178
0.7494069907315293
0.6713585040600009
0.7284400371476274
0.6657545912042612
0.7449556939149425
0.7055893120178104
0.7079471602742945
0.7141399772090136
0.7303276273547381
0.7457922765853088
0.7096933545955647
0.7047604648309567
0.7190708705506839
0.7089657426321009
0.7096648754579366
0.7246385613623069
0.7162095289120152
0.6870169615759003
0.7276347189597311
0.7072223051703121
0.7381941133615075
0.736042392811222
0.6342171722182415
0.7369856903556932
0.6897659609418763
0.7438208549783585
0.701933717630617
0.7083188788737426
0.6948595887431424
0.7285925187042348
0.8049441684462276
0.7932678239612397
0.7783012041118256
0.7686975954562821
0.7403723980271663
0.774772171867093
0.7332675571416244
0.7398046441917102
0.746216675585858
0.7338456584982562
0.7456398310205584
0.7389279282400207
0.7030374258636023
0.7221632824569963
0.7120532465364293
0.7253007831854797
0.740575099295474
0.7367766681784182
0.7345053195040977
0.6751011096133105
0.6786476278505459
0.694814764213224
0.7191821439190604
0.7030688975899386
0.6822305144337482
0.7088185256900253
0.8279741060775269
0.8470071242523279
0.8056284871391535
0.8368262387475577
0.8016493476891966
0.8389104263270185
0.7955070020792716
0.7884388239758156
0.7876409508274544
0.735486995682236
0.7893458400545911
0.7356772178834894
0.7450498277336437
0.7005057690114246
0.6815200977329908
0.6629111586405553
0.7061871128043641
0.7124810649981757
0.7285177756916966
0.7240886595320951
0.7193382676399082
0.6679397019662383
0.7547455156594259
0.7307831194489791
0.735428719944
0.7849271673962412
0.7260601844952156
0.7174677075113566
0.6954960683385155
0.6862723802101601
0.6955967075255214
0.7103724683116962
0.6630258555152668
0.710814746218239
0.7127287907201101
0.704748157266173
0.7006796103154038
0.7114130230741558
0.6821345736031307
0.721264820898134
0.7684107016220659
0.7698961702093183
0.7369588401353695
0.7172839228068785
0.7533465483834826
0.7231093118197933
0.7133648904001343
0.7046720380360177
0.608044576868809
0.7104197359931762
0.7051829802218517
0.7287885962609123
0.6935445246652173
0.7082856658045357
0.7230448010032458
0.716640959170707
0.7109960823959678
0.7123855994136857
0.7177551805538317
0.7052977817469364
0.6936133389028023
0.6349472786600944
0.6431500973357693
0.7222560012656115
0.7293621193879102
0.6756325402538487
0.6670131920951059
0.6619781685996144
0.6628160325909548
0.6309262559934592
0.6837310906170222
0.6264132001134283
0.6482795690793668
0.6495374720411659
0.6566727643400452
0.6863139616019979
0.6957813886401326
0.6139951201789307
0.6154170128584292
0.7146985460994237
0.7145252965393483
0.7474869259213047
0.7291601019589689
0.7048019587050396
0.6763834161968835
0.6990283933884505
0.7050263212479352
0.6872335955392911
0.6883862597083109
0.6765004738968906
0.6675540735017321
0.6807610863036587
0.6327306520239259
0.7248464626970579
0.6949719879944106
0.6984273919228174
0.6888727749436502
0.6617979692174161
0.6633492513580904
0.6670347100005111
0.6286538722572227
0.6706674365124098
0.6402929055787461
0.6683420668069953
0.6890146073115119
0.6697790778542414
0.7083988246343281
0.6607817442561709
0.6369939076906935
0.761144678089841
0.7698845056862463
0.7620381448746275
0.7392210301600294
0.7709843390313906
0.8035817054842115
0.7704370547496475
0.7580788211513713
0.7670710935552721
0.7379393828368946
0.7656933317066531
0.7787448862064602
0.72708416161391
0.6771075414063666
0.712122520406935
0.6635945378109913
0.6899108760564686
0.750071896432131
0.7237598238244708
0.821029685140988
0.7281567946161626
0.7492643711068186
0.7682598301764014
0.7260849924176511
0.7470961642317462