0.6806153439615285
0.7310182446488938
0.5859697485306143
0.7478824272029857
0.7318721019820672
0.6947972213831548
0.7105659284457825
0.6984472383900249
0.7020974719490688
0.71480144347052
0.7490812501290789
0.7040891769961629
0.7391853194139175
0.6994402623108569
0.7420257285279579
0.7372721588974898
0.7344587488415019
0.7430677748673712
0.7077771719154548
0.7381208375167672
0.7438719914570147
0.7244913069746461
0.6935510713475304
0.7342475401992192
0.7337807142955074
0.7358629125633077
0.7840891430214904
0.7458682952242965
0.7538938984054738
0.7512969237761167
0.7189640341815641
0.7329587817321065
0.758058833918311
0.757277119935507
0.6957170326395653
0.7545422356321039
0.7957305124477252
0.7410875446721292
0.7496918012753836
0.766973646705223
0.7398474836651044
0.7436080772953841
0.7364994558325006
0.721752653788549
0.7653531377317595
0.7459547542986138
0.7414289563979881
0.7541012204584157
0.7216500597688346
0.7627373894088727
0.7544867953699427
0.7507354251831148
0.7470919224089966
0.7166367499827033
0.7386073719969752
0.7400256330713758
0.7705934025012833
0.7504739822127481
0.7314800792645983
0.7721194982920745
0.7519430150161476
0.7299911442032269
0.7097683628622647
0.6832569046274442
0.7087892907525254
0.7161257163710221
0.7225625874236664
0.7175237278097942
0.688383785525792
0.7311630843558007
0.7429382438878706
0.7689291817633553
0.707922831409154
0.7442355657515347
0.7271585546769772
0.7315956374605359
0.6675739621212265
0.7085086363202271
0.6991757976106618
0.6737485042390743
0.7221161004400156
0.7360370390794919
0.7505061015570319
0.7484892435947901
0.710461109689302
0.6967395984610751
0.7059880033356133
0.6992412851371427
0.7086365879045281
0.7134196082249893
0.6980086849140913
0.7001138964055534
0.7007006867242441
0.7734353397161523
0.78094000004345
0.757290153013518
0.7280349230257067
0.7384765706768829
0.744871804203072
0.7055197532626002
0.6692815894766986
0.6837192860214982
0.7735221620290331
0.7402062353641103
0.7455425418508069
0.7888125201675621
0.7324046204694216
0.7282712130500694
0.7660337492810215
0.7629903369758597
0.7676227918993496
0.7118861895555032
0.7842662718179922
0.7323111500807049
0.7199615570569701
0.7469414711437761
0.6784929625104021
0.7070076264726919
0.6830491080546075
0.6879658256445144
0.6968291112287173
0.7695845731948862
0.7394874555059404
0.7392455947384334
0.7353811200989756
0.7356992467902123
0.7302776417627185
0.7262800581439482
0.746769885520727
0.7770808115652039
0.767649219680527
0.7555093650910525
0.6922007521997489
0.7514695419249237
0.7211683773638908
0.7309879557799972
0.7292046743860894
0.7395078895730043
0.7655204347389396
0.7536964283107838
0.7700699721903788
0.7653826042082403
0.674269537178977
0.7295874490834457
0.687157255634112
0.7775701260919997
0.7522577828044059
0.7631938916240721
0.7504495062603562
0.7748288250674572
0.7717707099123639
0.7483705051120245
0.7648639276005482
0.7469499262782745
0.7455037921046551
0.7235615500525578
0.7322339913735634
0.7366098756718303
0.6902827333585559
0.7556044017671159
0.7450210960367456
0.7638010323247635
0.7659300639052591
0.6960233116883096
0.7919540409293737
0.7446129585990645
0.7793562612765257
0.7587037275062346
0.7249400429294551
0.7771885742956354
0.7404319794991546
0.804580414988538
0.7988603180422933
0.7423457887262195
0.7570418841929354
0.753908703436929
0.7507531204385367
0.720806686737275
0.7207598391256615
0.7311270520939052
0.7287186448102553
0.7202548601544863
0.7329740243533056
0.7081648905306476
0.7243159213719835
0.7244068047299995
0.765088916990081
0.7582847574757547
0.7676946365936455
0.7024333918680697
0.6907756759756596
0.7048499620999608
0.7128611794233075
0.7441628803714628
0.7438856180230169
0.7154055681766814
0.7240990522469064
0.7639428410524478
0.7640284406286213
0.7478851080104427
0.7741375976002611
0.7700346547451964
0.7721902688999032
0.7551465609369601
0.7630327450333638
0.7941024015048453
0.7760760067384554
0.7872343550208626
0.7732233217239114
0.8066820460366438
0.7392516102325115
0.7030021704166786
0.7077503683039112
0.7237972993448061
0.7496777173127434
0.807250003759288
0.814219667813806
0.7503784230144029
0.7034124033695296
0.8300710146997418
0.8926967725385122
0.890253283851302
0.7723375757531438
0.7616112748278367
0.7142073964320903
0.6895915207281932
0.725010217059363
0.6962424459488177
0.7499206989449211
0.6930431865504311
0.7128549252737842
0.7136669908596244
0.7145554917099113
0.7122253039457208
0.7213376893569357
0.7187987609930894
0.7523756798420769
0.7584428508395525
0.7522575229830173
0.6951685557755669
0.7180416989914045
0.7443714340123864
0.7522480122236972
0.7238713927982079
0.7511514123850346
0.6062472600751767
0.7163398991253876
0.6775213548777869
0.7476871386106614
0.6956452884903414
0.7423754993827951
0.7286285284448901
0.7038236929212417
0.6886040989609392
0.7430983545376472
0.7393809770304212
0.7063256640783723
0.692380399381261
0.6593349506121631
0.6525716569562976
0.726545668386531
0.709281114451409
0.7084547473878184
0.6743871266133444
0.6878755833465215
0.6763748182522072
0.6608341640422238
0.7081922873035836
0.6145168926003443
0.6967827056293265
0.6909904047272728
0.6443132055937579
0.7116676084393188
0.7340817860558416
0.6374412901620927
0.6308336514498148
0.7134828078463666
0.6815378630345874
0.7257334313015065
0.727119322525062
0.7028059931239142
0.6534804266409402
0.6972682876111214
0.6897608417311863
0.6675225863574725
0.6852614156640519
0.6534060812346744
0.6841500770812204
0.6815183405505479
0.6743001735842309
0.7028773067355678
0.705524680103533
0.7136006064718782
0.7084354987686705
0.6889379196778033
0.685563756570237
0.6986005451469249
0.6503819485598064
0.700722657667158
0.6960494551697021
0.6838591304489733
0.7090238267617313
0.6593122253979381
0.7270614806187831
0.6982612559293729
0.654760204354287
0.7962344053933677
0.7649478851557918
0.7665292893045418
0.7417505363904566
0.7564418127369007
0.7958021734943608
0.7609872666945692
0.7982784813525198
0.7970707961912794
0.7625074869473608
0.7754318460836879
0.7964726704347995
0.7408773718822199
0.6637132504857499
0.7354816143161779
0.6642784118479841
0.690391149011513
0.7547685811298489
0.7092209125621093
0.7231484551414277
0.7607327254185732
0.7349212123214002
0.7495262332023165
0.7555892770535262
0.7438719914570147