0.6466501657898939
0.7353783806224105
0.6432654830519661
0.7716199360138843
0.7505187540005687
0.7307979695652718
0.7504249922990727
0.7370505987543235
0.6964775391967805
0.7395978073577366
0.7495465464364344
0.7664259574236348
0.7210648431545029
0.7084361804623444
0.7623539876849088
0.7587337181731607
0.7568774496895981
0.686605041994857
0.652453812592593
0.7409553279491149
0.7591241338479716
0.7596424549277236
0.7129935189886045
0.6784548449065106
0.7211640432119782
0.7343033279712048
0.7515511890861604
0.695323905290165
0.7237951298251548
0.7084534829503033
0.7119875417161587
0.6846129808647631
0.7105965111666014
0.7214203408772675
0.6677316994153841
0.7373919973433928
0.7455287081652364
0.7275406654572751
0.7359353403270465
0.7040295341033056
0.6936467413753471
0.718848822628272
0.7389643453170915
0.7306232838398902
0.7396034576238589
0.7583047308434535
0.7847490468224477
0.7167373067385331
0.735340419510032
0.7216096831348826
0.7703226468250962
0.7489991879951479
0.744956996427573
0.7278410019894818
0.754968711497866
0.7846290142250449
0.7099191096362111
0.7569029532479951
0.7307295058141973
0.7401734432452293
0.7451324616095232
0.7316641605407793
0.7314609371196937
0.7513621976462712
0.7753775750875643
0.7718058263911806
0.7528536990069731
0.7573258445159563
0.7362569051928155
0.7386347320546082
0.7667705769660236
0.7954401268890948
0.7791999540466612
0.8242381027901426
0.7947779535222932
0.7285330339635975
0.7423229128672844
0.7859021164053279
0.7938477832598223
0.7890774496552629
0.7849677034296982
0.7904483090627124
0.7905342269093465
0.7497872035329659
0.7928582311503275
0.7902749500477361
0.7722784658048054
0.7440656983886894
0.7985045615150663
0.7876980835607891
0.7961447054683318
0.7775440194303478
0.748579746028687
0.7569992311190585
0.7672635025410693
0.784337049365756
0.7207019978365469
0.7505290999597526
0.783775718005194
0.7529282430410812
0.7564226450734515
0.7785815666723569
0.7328755465796485
0.7742388714848546
0.7605337947929164
0.7203666350417126
0.7522825289158178
0.7078960407683405
0.7638883108850405
0.7093815459104518
0.7460806297296785
0.7591932543551402
0.6982774906516478
0.779079128365198
0.7389547231601042
0.7480317328696807
0.6770691239447274
0.7090371314325427
0.7474885436886217
0.7428408452275211
0.7775829558477636
0.7378888171583342
0.7306106476288788
0.7558959761222362
0.7642358643078968
0.7483045768996823
0.7707284006661262
0.7787542436213001
0.7658414322924495
0.760317046718467
0.7837234788216602
0.7724323759461167
0.7339176535480262
0.7803957265513828
0.7745933531398496
0.750542784594865
0.7131172590760441
0.6996287453584389
0.7387843599229301
0.7037919693076498
0.7479056072348188
0.7462333516227196
0.6480338921844352
0.7601512488654583
0.7560450056358109
0.7980189966201118
0.764853100017648
0.7467707559151313
0.7762405357271567
0.7507147010613078
0.7369033459078629
0.7116482260319054
0.6873168455819407
0.7357347136875737
0.757680671023166
0.7712970734064591
0.7712903704846235
0.7802055973912414
0.7160178142403155
0.7707567229126983
0.7509805558323635
0.7570919305271664
0.7610191015755192
0.618635004200646
0.7794995405678797
0.7492400863549205
0.794662102983329
0.730999484752758
0.7568180303359773
0.7480075126949586
0.7654415879358165
0.7440101235452533
0.7396190443110026
0.7491962293397018
0.761504243307631
0.7218711792267504
0.7451016472676923
0.7468600825763585
0.7271703386439401
0.7661458629185094
0.751291040048782
0.7443475594895526
0.7777265736817921
0.7439805333089275
0.7600982275805943
0.7562547698292944
0.7630925644706742
0.716616808828857
0.7410028834667785
0.7395478309217239
0.7060787180008445
0.7209738114699608
0.7442215516592072
0.7137056997569771
0.712290795122147
0.7161278683753297
0.6998458943658533
0.6868688416750685
0.7173410853271468
0.7031722274279564
0.7079658815211124
0.7483076363114132
0.7335270450764863
0.7503667290608487
0.7479067398775872
0.7829828302058763
0.7711425366439736
0.7573583707338888
0.8066619637152225
0.7524610099611091
0.7949154013522155
0.739315843256722
0.7435214796754801
0.7428799254005327
0.7757610383950738
0.7486605865651608
0.7194183073472695
0.7499527819522864
0.7430446414815808
0.7338494458836448
0.687655914320715
0.6926926334753942
0.6923957256101468
0.747517012542883
0.7712236496849134
0.8374214332113432
0.8038232040035491
0.7831401017260479
0.8253400261941253
0.8508910401488832
0.8023671400870066
0.6916128948068423
0.7092485579561619
0.7231126043444399
0.7288100359535368
0.6638454063999505
0.7807497206021743
0.751795261132186
0.7211259000111823
0.7104558833825099
0.7131903486855858
0.729918376320263
0.7548009482802372
0.7066479883137352
0.7318056714479763
0.6668188640377194
0.719792779752347
0.8058936270936048
0.8153907373449556
0.6792416310483733
0.7293377969160838
0.7201472031321787
0.7657544930293579
0.7935027764687942
0.8192989069045442
0.7468454322905996
0.7551945488535742
0.700241317092332
0.6782381551832888
0.642539970090919
0.740229236071062
0.7301495765934798
0.7206508386160517
0.7277459474162243
0.7474355122503525
0.7467873511953783
0.6787480662899142
0.728668320429746
0.6745379819264351
0.7029452534115518
0.7013114172494322
0.7068011031917192
0.7086729162442265
0.7429073740740952
0.7489392824538734
0.6713055899011281
0.7609574245298154
0.7219003921149256
0.7688127857444793
0.7479960445567867
0.7099514619793932
0.6863994908209324
0.7511196663660868
0.7444224290339101
0.722845764299575
0.7214027676601437
0.7221781585526975
0.639361693436454
0.7287067568016696
0.7146419407413497
0.7347393250168888
0.7306929246594258
0.7701633958896636
0.7427309046824524
0.757588088109573
0.7169937537847744
0.7196280855510173
0.6823923219420376
0.740339300810709
0.6895428891093442
0.7357528008829288
0.7473561888981537
0.6896024111080515
0.7234685611466346
0.7235091498424676
0.6985133462127946
0.7799429834878866
0.7470552338778451
0.7638877756012076
0.7251536017223166
0.7565694049410598
0.7375612916636812
0.7329537674344366
0.7484919575806201
0.7662496443672636
0.7289028910809239
0.7409029480959578
0.7735951002969051
0.7651509251377833
0.698974592836499
0.7410847692985668
0.7276226573555555
0.7276212553349221
0.7786166250781439
0.8100984228528931
0.7679467816272281
0.804661144559553
0.7561903600787091
0.7297373881136486
0.7457356787991964
0.7591241338479716