0.6175210248158929
0.7101766442743059
0.6808635927811963
0.6756036005260266
0.6634807662516068
0.6672905356109116
0.6729574752879203
0.6980463578927785
0.6709726319280304
0.6932207032990451
0.7268004580952405
0.7044140784182917
0.7075202668726502
0.6642319778949931
0.690701821353704
0.7061282912645914
0.7415696208799486
0.6211548189146947
0.6300603944600254
0.6665715274200319
0.7498093074987933
0.6929709387088333
0.6561842492569525
0.6476657847115668
0.7075085495109644
0.653437131532537
0.6741567515527612
0.7053986104271038
0.6475402319239782
0.6897711823687324
0.6589485282728497
0.6582955380745116
0.6637991527767187
0.6682053236911569
0.6371001898371609
0.6870536407359003
0.6868390117086802
0.6728475639441163
0.6818157687861963
0.6496624497316199
0.6318106923790217
0.7186466961049314
0.6927211759644099
0.7238739258312041
0.7394258423387639
0.6665010522836505
0.6830244459487338
0.712978621868473
0.6975923396403794
0.6789531904520988
0.7112461346398444
0.6405921103284804
0.6574684113616254
0.6608410900734517
0.6538041666979328
0.6932212341973463
0.6802715843077186
0.7032124904473843
0.7247973664844728
0.641931120049288
0.7114974380624559
0.7299086753251243
0.6888825931551242
0.7007484695197403
0.7293394980451681
0.7662256687730435
0.7025240431928311
0.726364362495858
0.7350152965504809
0.7302649938002506
0.7066119690268408
0.7257672886254423
0.6805760576876497
0.7312153710557133
0.7250339212587419
0.7439877852951866
0.6507409622645314
0.6991083618453748
0.6875235582533412
0.6751189647728549
0.670916470180508
0.713096911482655
0.6844619151998061
0.6964194704484344
0.687791354796587
0.7010754595518708
0.6218652751995206
0.7117245736254197
0.7003598194412965
0.6978418749783725
0.6731840871765024
0.6286034572016638
0.6621000063521327
0.692302355820837
0.7132938826973586
0.7007035328118613
0.694839084195902
0.7094774339105816
0.7134305139120104
0.6938504489244451
0.7004195146193536
0.7196357984565823
0.6963904797587975
0.6718569849322422
0.7057199277842523
0.6998525855912229
0.6686732380551644
0.6563203508501646
0.670204623584142
0.6812010945361159
0.6918234612582419
0.6706367053486103
0.6714740862624867
0.668350559154056
0.678760002996292
0.6490528498413479
0.6342019806127155
0.6485015179910517
0.683299105358387
0.6405634246467112
0.6691724732839394
0.6956170946286763
0.7249928893380239
0.6967520840211083
0.7066143704172595
0.6917033429459227
0.6901528792848967
0.6992139179784106
0.7008735278566086
0.720266944757478
0.7265950176421421
0.7240490200505837
0.7102503441215543
0.7245011716372797
0.7265115636650799
0.7146159311346947
0.6651467642994314
0.6703300833139455
0.693342899803614
0.6608627199824668
0.6801756915820982
0.6982738609996801
0.6021252793125633
0.7045849247964224
0.7033572131129436
0.6953211777597419
0.7293548998453698
0.7040937327051209
0.6819948208215836
0.6800095925036461
0.7428482640933489
0.6620321609501074
0.6941442204904694
0.6923302326489119
0.6952135307818333
0.6790621350169381
0.7163061625286952
0.7114036968971831
0.7066536482563744
0.7012009716417131
0.6929950697430975
0.7150451067268788
0.6940127713279467
0.6644459841767117
0.6946837799787385
0.6538762522551657
0.7342522127272862
0.723592301683596
0.6720812514740578
0.7031768167721494
0.7083271788001244
0.7088755933127937
0.718310452921306
0.6924524759047695
0.704044314749909
0.7166794363254542
0.702195118091561
0.6832017923462781
0.725721295338103
0.6908856125846173
0.6910086541572221
0.7267390318368961
0.7007717860807654
0.6916965574972385
0.7020892930420862
0.7410179018015292
0.6755359118286237
0.6764614800021993
0.7121858547118188
0.6676617027398798
0.6539050418514156
0.6312638600061427
0.6969943726881179
0.6936407419778216
0.7154372908850766
0.7003478348057477
0.7272533608430777
0.6871666391872576
0.6981094966291773
0.6880246208402745
0.6974591416778126
0.7264157328306365
0.7025553277624338
0.7177190213695407
0.6867486085033564
0.6962696707836605
0.6828877381017897
0.6642387026321609
0.6785894531608871
0.6698467017847425
0.6813088884490637
0.6405773020667384
0.6780931754654467
0.7083988830468538
0.6605074617606161
0.6553242047220947
0.6849226972919706
0.728235793293585
0.6835719683856775
0.6568674387658723
0.6437654470682492
0.653048479694897
0.7018841062906725
0.7248904174971418
0.6437450222335745
0.6648787110049681
0.698538508757713
0.6335529824244568
0.6927101249552005
0.6694223353839366
0.6697949029764634
0.6392580214036231
0.6540808215252842
0.6395956171946798
0.6253295841666198
0.6615188722867718
0.6511444119444596
0.6904285695228902
0.6780864053792574
0.6771019369096215
0.6749293203819275
0.6876899789310867
0.6801613076002933
0.6745467825394792
0.6824295118234839
0.6522975772750137
0.6137836638069877
0.664192806579986
0.6748709747717854
0.6529877168000122
0.7002767283680238
0.686382358208383
0.6786417353898974
0.6581900773286875
0.6741970674949034
0.7207166155094741
0.7412556427180951
0.6960003289929494
0.7277572315093092
0.6511141464220334
0.6893038261113563
0.6887786883402803
0.7240896215608307
0.7234138399645187
0.7356210193833502
0.7173126622459561
0.7148518998755434
0.7472107338094841
0.7453928672826705
0.6867086185204678
0.7257083543224087
0.764957920633171
0.7645593224410171
0.7642989034829445
0.6997589663368147
0.7211056862419416
0.7478278664248708
0.722155919667757
0.7299965528858794
0.7214904513212178
0.7519193469558445
0.8267258886723453
0.7940984769881284
0.8244248617405917
0.8470326860725709
0.8239452839988649
0.8240822283874768
0.7230308036414642
0.7232254575122388
0.734697558234355
0.7775751706557755
0.7293084989582063
0.6705517241101666
0.7172778643503649
0.7135319760710253
0.7272956451528674
0.7075957543651766
0.712991366882916
0.6948108458949084
0.7443199340063366
0.7097925212828293
0.6955620149689078
0.7151984051018816
0.7240898478027604
0.7124248056428855
0.7027818876950951
0.7272773590857967
0.6679274058218898
0.7101544595923356
0.6696096489270984
0.7022823423128659
0.7038009045456922
0.6929995869171842
0.6736639809854761
0.7190355655844201
0.6967503970413396
0.7222910363786499
0.7085096371257292
0.6753174019788359
0.6919898119624599
0.7190790197287489
0.7165192073935724
0.6723927186424828
0.722534750404767
0.6865844955981835
0.7145565953071286
0.6509995448728578
0.6694823197374392
0.6869654094702353
0.6568849368732671
0.7498093074987933