0.5814211556646841
0.6604642623067425
0.6099973154290445
0.6601256020891371
0.6787752080154439
0.6739078040993134
0.689410523051298
0.6862779496034008
0.6598798447543524
0.6658205825771678
0.6654701015081266
0.6824404688316773
0.6504580311402232
0.614169024725734
0.657820690211212
0.6478587457561557
0.6523722544063523
0.6048977634900676
0.6282582680667147
0.6500408535762036
0.7608697167157313
0.670491097711102
0.6205433324738487
0.6712483882907616
0.6469761544834159
0.6978636757216212
0.6441098388244416
0.6520900628248201
0.6904275069670172
0.6878004939811427
0.6579053187308046
0.6588476543174936
0.6454478071304066
0.6630315407253196
0.6156637604249133
0.6742590831247807
0.6712630152457262
0.6655889349103364
0.6548344406512273
0.6626828395632777
0.6486936636370905
0.6503908226164753
0.6787571044558197
0.6289043021793831
0.6664997868247723
0.6672200247385647
0.6732333075997986
0.6571638662930966
0.6439351658516318
0.6346280116117002
0.6489178415320117
0.6366517540417767
0.6108841761763775
0.6165467509089444
0.6356109882206771
0.6299260005408508
0.6478571110565456
0.6617505395714711
0.6695755879977275
0.6446165282215384
0.6510063886413463
0.6509008357154058
0.650213929645792
0.6607187600806487
0.6514589001176593
0.6681411996689719
0.65034338345961
0.6495497095938622
0.6702067072112117
0.6351611767591272
0.6760038919606496
0.6479254045888427
0.6286460488152235
0.6566757504579477
0.6565988937389119
0.6109567945336077
0.6903149648771443
0.6512269732541223
0.6438919180577273
0.6302846329683582
0.6479004218797958
0.6805230114379764
0.6827269327223932
0.6504923125001758
0.6559225013603003
0.6562513966974183
0.6993099949305654
0.6399103049222522
0.6761186904752984
0.6588392424880238
0.6564481901581086
0.6616946885445244
0.6373269505403555
0.6634719784210076
0.6514370983153149
0.6486497163982543
0.6591096563910539
0.6211318826082355
0.6489558844541221
0.6422654667598593
0.650182288942163
0.6303027152850075
0.6114460195534361
0.6483900104025848
0.6327791820843593
0.6264202769076714
0.6219345533305147
0.633198680257721
0.6726949358188956
0.6437199010402472
0.6490632946989247
0.6575970892371638
0.6444962174137557
0.679695872204528
0.6517964323596336
0.6463934963704965
0.6162810409579533
0.6639357834754067
0.6764076957496916
0.6130039767774887
0.6735245257001264
0.6573697462958696
0.6547660834676924
0.6425679110007977
0.6453144250666666
0.6294805830276685
0.6096267240083524
0.6319375394429186
0.6244163832350572
0.6539327385963134
0.6493573625709919
0.674524701289914
0.6131001131244429
0.6663894574224927
0.6696321662322587
0.6837517096920335
0.6558918766242199
0.6341413278305168
0.6370849937338505
0.6354368250501867
0.6477012457198122
0.6417684872790569
0.5863265352398314
0.6331173837433012
0.6381809584136513
0.665917569440556
0.6490015476638665
0.6380834621845665
0.6248473037302715
0.6585248985259079
0.6389715881259129
0.6509877227677229
0.6452735210118724
0.6549226141020897
0.6398631232424794
0.6659881850752999
0.662382784267554
0.6450952228017542
0.6072951949011796
0.6380750265697975
0.6201776057625835
0.6384913343502735
0.669362379009859
0.5900277156024447
0.6286448531443758
0.637183773056577
0.6560693473967252
0.6606670828817214
0.6651931476927777
0.6218631717490568
0.6408862710164592
0.6422279427599156
0.6471741032724287
0.6163554723663789
0.6629864330175326
0.6375935297626013
0.6317214990575327
0.6238140313159218
0.636369983155087
0.6331923216284665
0.6678701446105578
0.6625991289058671
0.6535061443267632
0.6224059029778208
0.6562496089950014
0.6539142119314818
0.6470498423506041
0.6351922137763456
0.6631831314182655
0.697122463568826
0.6355043239406643
0.6933703427247953
0.6422572697247577
0.6632927373083177
0.6538002778729787
0.6452932027731338
0.6571449386894478
0.6691777974192163
0.6605430190003599
0.6589522192777659
0.6561605093632803
0.6673344057762529
0.6434606482095652
0.6661894770177323
0.6289895022194847
0.7206719242194978
0.6414096602098904
0.6305544297689937
0.7166786298128457
0.6534100857070675
0.6502216681614988
0.6747491155526327
0.6367141254458332
0.6428560600999418
0.6140844769154079
0.6699452520992981
0.6589664705696293
0.6732698891536362
0.6364939861260899
0.6185727453567503
0.5899408473595338
0.6098462039382933
0.6180838347269673
0.62489073857997
0.6508234513637111
0.6423137045104492
0.6614406348635395
0.6613859060520666
0.6610816618355146
0.6601999745324832
0.6594696004030186
0.6555339676112463
0.6717397844041484
0.6775527863541582
0.629071844485178
0.6554641541321014
0.6639133866392338
0.6879394260139301
0.6376115156594728
0.6467542666616666
0.6458392940684851
0.6497841257063387
0.6654745585899607
0.6747033710876077
0.6590729455342436
0.605896273332454
0.6342884570492332
0.654447530637373
0.687436354603407
0.6593630392503954
0.6465688033170904
0.629083297102134
0.6444902096353804
0.6649782492857034
0.6933767456622794
0.6498077546817597
0.6556640640112559
0.6600317877808933
0.6156491338333404
0.6203458704713724
0.6770877668863821
0.676763726594764
0.6472970576349311
0.6463634849502775
0.6206131773169233
0.6417538696903319
0.6400878865097273
0.6296268219619374
0.5840957324444948
0.6107080516192382
0.601485229567973
0.5965884371362896
0.6117107862605413
0.6545647770122409
0.6455532551321929
0.6259063909162903
0.6565109272920312
0.6440036474232004
0.6380154519229274
0.6658308796984451
0.6439242115366641
0.6740980232645274
0.6471719664640445
0.6858620196152774
0.6357233216908136
0.6533430659986107
0.6605079125364632
0.6441147439377422
0.670118533579961
0.6608410427581234
0.6844672415192491
0.6904130384018822
0.6654014618445385
0.6803176052441673
0.6589518911319912
0.6741110926546602
0.6898002226342385
0.6647836661925632
0.6773023884372934
0.6547531686690271
0.6609925868722503
0.6935318699910077
0.6584141766339682
0.6537664104839783
0.6952698150288843
0.6864398695542238
0.7149106915181199
0.6326121348813186
0.6625256267341966
0.6556973179018242
0.641856747732798
0.6473714643044352
0.671888179308152
0.67701343748846
0.6681985155196929
0.6650665443191272
0.6648208304758249
0.6673679490683453
0.6661883196618567
0.622388931863128
0.6455152244448518
0.6561867685337022
0.6316753610811136
0.6433827121094046
0.6358094422619329
0.6370634226950859
0.6044951530714342
0.6664517294208228
0.6721301034918516
0.635941994191586
0.7608697167157313