0.6368774835719664
0.7108599085268823
0.6316687668584945
0.7198502926244378
0.6701833090981181
0.658760069441209
0.690320803286392
0.6601563966182915
0.6572446837137415
0.6794954485307853
0.7240658658592523
0.6941008364930052
0.7382303220096954
0.7016251042564985
0.7337197942940084
0.7623968652015775
0.7120912503733577
0.7887913585202285
0.7259804148697854
0.8090561893386549
0.745986485048367
0.7090113824323402
0.7771590401324333
0.7988025792256929
0.7839727854253313
0.7039767566108529
0.6994435326134377
0.7301637339682857
0.7390769786878467
0.699127320390244
0.7466882638636958
0.8316975535150959
0.7472564007262992
0.7515534930204276
0.7142841053690007
0.7443004184299045
0.7161248688340047
0.7037232475915155
0.7405901162792489
0.7085481866242831
0.6625053201653713
0.7499115014321437
0.7575412833990033
0.7072149999464893
0.7026749900535542
0.7452910878959216
0.7173095217807578
0.7492770685812492
0.7481302691183872
0.7188121201156018
0.7236042954410832
0.7408411602537504
0.7377690729992235
0.7213167148494208
0.7179281123814891
0.7231131117783551
0.7285105879485968
0.7372294927398134
0.7621882560912818
0.7395411107185851
0.750348131768061
0.7217367171382989
0.7440223772061594
0.7043409778432542
0.7215941432618992
0.7016830286157495
0.6933427505451689
0.7557344694417777
0.7001777171126895
0.7089605005860146
0.7051740319022951
0.7466028176211813
0.721234224176217
0.7232627837490373
0.7033721693138133
0.663351732386554
0.7091129370856356
0.66836870823661
0.6959203107714852
0.7116753248770691
0.7171775831110003
0.6795425258622579
0.7038668591036358
0.6937011141335109
0.6925772683809948
0.7116993354230209
0.6218627232334138
0.6908491092306972
0.6933976640159155
0.6646049602776598
0.651945543207696
0.642621613546546
0.6663647879172072
0.6708444825540905
0.7125555025234156
0.7025980151373885
0.7206751028678715
0.704375929105804
0.6945776134576609
0.7089577219215006
0.7194952792193682
0.697317203062658
0.7078427841740403
0.7381335793056825
0.6952510530616977
0.7329679437682196
0.7612586339944947
0.7474908169486364
0.7546131626813048
0.7199392768839079
0.7297768246415575
0.7281972177879377
0.6941308736023394
0.742192874685323
0.6943006398437275
0.7170105598870758
0.6764814291135581
0.7264637601901589
0.7216945189702352
0.6449570501695869
0.707554446411879
0.7312114816847055
0.6968132613874108
0.742149873238673
0.7202434665310337
0.7217007010125598
0.7093052204688282
0.7149294888008881
0.7561513823177612
0.6967813406163117
0.7252934610336106
0.7374887216232148
0.685352607386119
0.7043521589746734
0.7367502467976669
0.725503242587217
0.7289578703156567
0.7434565596060735
0.66704188821999
0.6947424317083903
0.699975792319522
0.6781126283879909
0.5956481208653249
0.722456327009508
0.6642880951788781
0.7069385682503898
0.7071929012077987
0.6803185552769425
0.6980244648727358
0.74038176296594
0.7506849494115445
0.7157222411721592
0.6827558383123978
0.7404029274514435
0.7080125541604133
0.7116067318944419
0.7076078724405643
0.7065601629524516
0.6605208034899936
0.7006044121494936
0.6646918408537725
0.7279347328372185
0.706801290747474
0.5512519219997511
0.7091862432598057
0.6691110499287908
0.6964896816147139
0.6672693486492843
0.6721100891998409
0.6494643988153166
0.6771579393740831
0.7205487972939887
0.7125382613220523
0.7606810229687546
0.7174711703889889
0.6887829002942111
0.7278590887165626
0.7538304171775724
0.7710229360191042
0.7285175437033762
0.6830517950183381
0.6695289062163507
0.6781887490057628
0.6881154002149734
0.6721927565113447
0.6923765534030226
0.7072337148815714
0.7094743374300567
0.7386665688589451
0.736596162616948
0.6360910275577459
0.6966224498343255
0.6862407229380519
0.681109555246957
0.698614362820603
0.683715556883507
0.6880872678572428
0.7017640175928769
0.7341494811252691
0.693401206764381
0.7047947802317347
0.7046579372107575
0.7384324212057454
0.70822898429929
0.738602322320871
0.7277227852816177
0.7176791684809455
0.7559281436576989
0.7222592524889414
0.7170792075222562
0.6827333774072855
0.6582080787990914
0.6305437454337742
0.6755571969066366
0.6906627637510651
0.6855989330622903
0.6648694669205648
0.7112307540407897
0.6851585482575026
0.6833323609705836
0.6735949395792492
0.6740567149597803
0.7187244694929844
0.6940609943682435
0.7243338303330588
0.7145809348173554
0.7034073579564207
0.7133739872694796
0.7158054357117007
0.6729793872245333
0.7284545350745298
0.7061695308929586
0.7348071271505845
0.674292915290598
0.7177968405486349
0.6777653119364746
0.7248626894228141
0.7436210745927314
0.7156131267223524
0.6837175313232456
0.6885028608077389
0.7330770743047361
0.7008975514720348
0.7260167817379777
0.6906833502733063
0.6194373591534611
0.7098948753458815
0.7240442582913548
0.7039848850163177
0.7638205962061276
0.7526663613703538
0.7650932206968293
0.7504716810688249
0.667690361124764
0.7370960435022568
0.7231068796036435
0.7056187549501939
0.6823556357022114
0.6815350150406058
0.6037273019663808
0.6785209743698701
0.7505311885093393
0.6569316439216109
0.6551022404053539
0.622480175523188
0.6516520599997033
0.6636713670308508
0.6907595469553631
0.6297348407019666
0.6226397455566174
0.6595436925400652
0.6285780768003095
0.6654082748833565
0.6711987683279319
0.6104557679691699
0.6382526985631809
0.6915539465775009
0.7044534493621284
0.7145121550166343
0.714494670320603
0.6851917542738172
0.641202183695707
0.6496992692658812
0.647176597883947
0.6420987655431748
0.6445384478011459
0.6417494556279938
0.6465365722809568
0.6329468621198366
0.6378696916088219
0.696078974866845
0.6718446223711425
0.6610044098890034
0.6811990925759523
0.6429899819086716
0.6498316774781011
0.6605136363491527
0.6405989886984391
0.6469932284542145
0.6409929804297272
0.6494452671929826
0.6524847049842989
0.6435769947273688
0.6437843698434221
0.6385490535207009
0.651887553994831
0.744447299231136
0.8500284103080895
0.7562141781109081
0.7212327991481184
0.7132988899630676
0.72912287066751
0.7655276185882609
0.7398061768130921
0.7529219311947432
0.7063910049527492
0.7229131619256087
0.7143697766178637
0.7440864577637666
0.6593513658397808
0.6521635988004368
0.639319909144744
0.6682215856652286
0.721246846398408
0.6787838065688385
0.726889228035607
0.7064827886202976
0.7207438134353754
0.7013959901354327
0.6828693732139027
0.745986485048367