0.6006604583792834
0.6904017363919892
0.6770938134337035
0.7068873762969348
0.6973961457726079
0.7104925434301328
0.7183612512008487
0.7156042853795131
0.6891691929097377
0.7128565817806436
0.7153463119443895
0.7094173927270876
0.7038568552287834
0.6757976366198665
0.7118584399429362
0.7467363528048082
0.7206182533296159
0.6347389127616581
0.6739631004544654
0.6847182512591772
0.7590718033347221
0.7014615408072844
0.6764886037383512
0.6511373400166707
0.7169805534093222
0.6892187380767993
0.6823601329172645
0.6967422747855964
0.6851798377942218
0.7001008248130818
0.6834514370079391
0.6686747106330106
0.6879941776991059
0.6930360163724791
0.6337819741301967
0.7281612263286824
0.7006976179979655
0.7147077669059199
0.7028885916494405
0.6627110672428492
0.6618724931501986
0.6999964560757016
0.7277647326152584
0.7143466092528696
0.7030476485426033
0.7181222488793972
0.7411670513026392
0.6955145332957081
0.7768207040087254
0.7352951797675229
0.7531664594078322
0.6894018433027274
0.7120657474409187
0.6844844499335196
0.7027584357397428
0.7297503555678713
0.6831192043434157
0.7152354168025613
0.6885534606305711
0.7050569160080666
0.7266719313018652
0.7368788589189724
0.6810496891079948
0.6866449840978209
0.7344178762307029
0.7664248541904892
0.7339460155959552
0.7292748495134789
0.7070774252266793
0.7225404427585318
0.7346565710561296
0.7796953438251842
0.8231143521910415
0.8443650511910672
0.8183890144019669
0.7526016125018024
0.7065778463266166
0.7758118150241792
0.7636715955148091
0.7647750504659164
0.7292419884674164
0.7399392609519975
0.7304737012568236
0.7446926131395115
0.7723481407623474
0.7301762838447181
0.679226788960203
0.7097961171514009
0.7621570746900933
0.7446619236614991
0.7153562039230553
0.6983798410316111
0.7199150010994655
0.7386879320980732
0.7602915486209706
0.7672586484773462
0.7195268452678524
0.7514834600327172
0.7596047076455539
0.7188735929826313
0.7049973797606076
0.7444998059679361
0.6972887729762302
0.7340870922023105
0.7184405973008302
0.667091197980625
0.6970977281352703
0.6446171256362352
0.7190548763599514
0.7028816947464391
0.7273489754392397
0.7368451685489376
0.6726423888138129
0.7292115141636794
0.6699924088454103
0.7221442173692673
0.6629276294478159
0.6649414670434544
0.6639053582595582
0.684041678145395
0.7151248093489184
0.7149408541450646
0.7240037547306559
0.7434107110773661
0.7165396118356496
0.7459303522488465
0.7647815717547601
0.7832865709450915
0.7754018569423348
0.7402707425179222
0.787212788458304
0.7932014909161698
0.7991332167174532
0.7956298115548593
0.7314653818882441
0.7402447583955618
0.7051370515772308
0.7269312913459622
0.6991016970461656
0.640926327135546
0.687593844587697
0.6957245293230141
0.6212500053877845
0.724300940647537
0.7131875060436974
0.7519137377431736
0.7284583522308805
0.7421978736106007
0.749903248868064
0.7123839779722317
0.7161933034491605
0.6887617511649354
0.6664359535529102
0.7248714301989186
0.7432152349486809
0.6942679491002945
0.7429146549512076
0.7812173538507268
0.7201107026570691
0.7554812769300985
0.7234107452149632
0.7461081019341833
0.728969160393016
0.6212143681287817
0.7363355200223866
0.6932893500217864
0.7618668887771036
0.6987098333157458
0.698409419632965
0.6975782283328709
0.7244772677544102
0.7286100116083922
0.7503791681392312
0.7249610012512241
0.7397029414878183
0.7121047629662224
0.7292302265683793
0.7030376147721525
0.7335532216661287
0.7211820328619157
0.6603647207705143
0.6787490923526598
0.7256120681516366
0.6989962495842549
0.7067047546062606
0.72816558436946
0.7275854904409451
0.6629984047062092
0.7006831563132226
0.6681925640682972
0.6261745619472834
0.6480709820215006
0.6882029826648218
0.6744131808972205
0.6783249748469754
0.6810558001886919
0.6650821390802365
0.6825147285547918
0.7016120526035322
0.6746859071101408
0.694824401314803
0.7350934645340604
0.7086516411818262
0.7285585820248401
0.7160367633832989
0.7155651814351371
0.7123269595111573
0.6821134653713725
0.7325284325658981
0.6832051356197225
0.7820396287934784
0.6883182318825704
0.6739487375773426
0.6933033797003573
0.7273955606395749
0.6833689183953523
0.6913658759624145
0.7545937576047081
0.698770422829727
0.6968933553527983
0.6432497519752292
0.6437282521019749
0.7041945074833498
0.7448137492213831
0.6640584059855283
0.7236919973452839
0.7089621888958643
0.6496053872724855
0.7418164200859405
0.7305830364702857
0.671443239638692
0.6544542172809633
0.6640728010928717
0.6740795812887931
0.6811744468944267
0.6350578476735735
0.7383229557188353
0.70806804306035
0.679018171991502
0.643916893129941
0.6344798062202689
0.7489393712337729
0.7208508775338575
0.6778172313744799
0.7231105274227506
0.5998541446796053
0.6574656586198571
0.730753861843635
0.754148921443746
0.6555117981379138
0.7174778602620715
0.7029775643126546
0.7243784953663912
0.7349173763819512
0.7437645079853131
0.6990467247364264
0.7326273568423447
0.6674197702730819
0.6537152227816767
0.6324698210402635
0.6981185812005536
0.7017163115692232
0.7264914910253097
0.7382814762792537
0.7215105177895115
0.7257877588446509
0.6707152656515418
0.7097259652288718
0.6902404639285755
0.6940365844578366
0.773489864688147
0.7214033740959007
0.7536692973194281
0.7346232492400899
0.7170423076596777
0.6983977384212791
0.7366482169781262
0.7012934714025959
0.7366971103033438
0.7368168507903947
0.6978087150949903
0.6898230132888384
0.7378328449345714
0.7306582475763393
0.7197503007021389
0.7361371827476761
0.7193014366332827
0.6934282749203488
0.74244299492464
0.7220295649347214
0.7024858325122261
0.7109608620392779
0.703456005405773
0.7190991517650348
0.7079269889864284
0.7226587581414863
0.7205825053712815
0.7065727927926505
0.7152360844163581
0.7175559618067662
0.6954840772568023
0.7127312656880289
0.7057094953759963
0.7436771582041037
0.7364610866080872
0.6878157161074485
0.7484950348797118
0.7056769779761566
0.7340690286162783
0.7173993095523564
0.7216007835837434
0.7118625618884001
0.6855907306791167
0.7340729236952793
0.7634827641891728
0.6986312186652166
0.6990461731883467
0.7337003777065169
0.7126340990900164
0.6955273568781424
0.6984005420864609
0.744811505798812
0.6503089480872658
0.7549633688603109
0.7488623468219721
0.7576761198402769
0.741160912676117
0.7077219406985497
0.6819250869425778
0.6672199498914482
0.7590718033347221